           1     -8.4609     -8.4609           0
           2    -8.34065    -8.40078   0.0425153
           3    -8.18108    -8.32754   0.0661724
           4    -8.15277    -8.28385   0.0624086
           5    -8.10091    -8.24726   0.0596959
           6    -8.00822    -8.20742   0.0616234
           7    -7.99778    -8.17747   0.0596557
           8    -7.91492    -8.14465   0.0605573
           9    -7.85819    -8.11283   0.0616283
          10    -7.81163    -8.08271   0.0623929
          11    -7.86806    -8.06319   0.0596942
          12    -7.89257    -8.04897   0.0563876
          13    -7.78219    -8.02845   0.0556593
          14    -7.74777     -8.0084   0.0551764
          15    -7.67227      -7.986   0.0558635
          16    -7.69271    -7.96766   0.0552977
          17    -7.66684    -7.94997    0.054803
          18     -7.5792    -7.92937   0.0554946
          19    -7.52275    -7.90797   0.0565502
          20    -7.62129    -7.89364   0.0555096
          21     -7.5464     -7.8771   0.0552741
          22    -7.52072     -7.8609   0.0550842
          23    -7.56759    -7.84815   0.0541453
          24    -7.60729    -7.83811   0.0528111
          25    -7.55387    -7.82674   0.0519082
          26    -7.50214    -7.81426   0.0513912
          27    -7.56789    -7.80513   0.0502913
          28    -7.51355    -7.79472   0.0495616
          29    -7.51582     -7.7851   0.0487768
          30    -7.46062    -7.77429   0.0483353
          31    -7.50287    -7.76553   0.0475624
          32     -7.5124    -7.75762   0.0467293
          33    -7.49448    -7.74965   0.0459885
          34    -7.56595    -7.74424   0.0449522
          35    -7.54823    -7.73864   0.0440153
          36    -7.57975    -7.73423   0.0430134
          37     -7.5536    -7.72935    0.042127
          38    -7.49563     -7.7232   0.0414649
          39    -7.49682    -7.71739    0.040806
          40    -7.34575     -7.7081   0.0408299
          41    -7.27087    -7.69744   0.0412032
          42     -7.2728    -7.68733    0.041444
          43    -7.35841    -7.67968   0.0411801
          44    -7.36532    -7.67253   0.0408592
          45    -7.29758     -7.6642    0.040792
          46    -7.26733    -7.65557   0.0408074
          47    -7.38531    -7.64982   0.0403423
          48    -7.48733    -7.64644   0.0396436
          49    -7.55017    -7.64447   0.0388832
          50    -7.56169    -7.64282   0.0381408
          51    -7.57054     -7.6414   0.0374192
          52    -7.53236     -7.6393   0.0367583
          53    -7.62588    -7.63905   0.0360656
          54    -7.64164     -7.6391   0.0353978
          55    -7.53562    -7.63722   0.0348042
          56    -7.49281    -7.63464   0.0342781
          57    -7.49092    -7.63212   0.0337693
          58    -7.49453    -7.62975   0.0332703
          59     -7.5395    -7.62822   0.0327415
          60    -7.51401    -7.62631   0.0322511
          61    -7.57027    -7.62539   0.0317355
          62    -7.53799    -7.62398   0.0312549
          63    -7.54325     -7.6227   0.0307851
          64    -7.51674    -7.62105   0.0303485
          65      -7.552    -7.61998   0.0299002
          66    -7.47615    -7.61781   0.0295265
          67    -7.54906    -7.61678   0.0291036
          68    -7.53005     -7.6155   0.0287036
          69    -7.50817    -7.61395   0.0283297
          70    -7.56993    -7.61332    0.027932
          71    -7.54116     -7.6123    0.027557
          72    -7.49015    -7.61061   0.0272265
          73    -7.53996    -7.60964   0.0268707
          74    -7.53958    -7.60869   0.0265243
          75    -7.48733    -7.60707   0.0262199
          76    -7.47885    -7.60539   0.0259291
          77    -7.49008    -7.60389   0.0256356
          78    -7.51875     -7.6028   0.0253302
          79    -7.51227    -7.60165   0.0250354
          80    -7.46469    -7.59994    0.024781
          81    -7.52048    -7.59896   0.0244944
          82    -7.53523    -7.59818   0.0242081
          83     -7.5365    -7.59744   0.0239278
          84    -7.55157    -7.59689   0.0236492
          85    -7.55055    -7.59635   0.0233772
          86    -7.65371    -7.59701   0.0231149
          87    -7.60376    -7.59709   0.0228493
          88     -7.6058    -7.59719   0.0225899
          89    -7.48539    -7.59593    0.022371
          90    -7.47576     -7.5946   0.0221622
          91    -7.47012    -7.59323   0.0219609
          92    -7.50719     -7.5923   0.0217421
          93    -7.49978     -7.5913    0.021531
          94    -7.49426    -7.59027   0.0213267
          95    -7.47563    -7.58906   0.0211363
          96    -7.35094    -7.58658   0.0210612
          97    -7.42806    -7.58495   0.0209074
          98    -7.45691    -7.58364   0.0207348
          99     -7.5447    -7.58325   0.0205291
         100     -7.5226    -7.58264   0.0203328
         101    -7.47332    -7.58156   0.0201603
         102    -7.47573    -7.58052   0.0199893
         103    -7.38714    -7.57864   0.0198832
         104    -7.41255    -7.57705    0.019756
         105    -7.57359    -7.57701   0.0195679
         106     -7.6228    -7.57745   0.0193881
         107    -7.56467    -7.57733   0.0192073
         108    -7.55903    -7.57716   0.0190302
         109    -7.50067    -7.57646   0.0188685
         110     -7.5189    -7.57593   0.0187042
         111    -7.54342    -7.57564    0.018538
         112    -7.54526    -7.57537   0.0183745
         113    -7.59779    -7.57557   0.0182129
         114    -7.46512     -7.5746   0.0180789
         115    -7.52228    -7.57414   0.0179274
         116    -7.54499    -7.57389   0.0177747
         117    -7.48346    -7.57312   0.0176395
         118    -7.50387    -7.57253   0.0174998
         119    -7.51072    -7.57201   0.0173605
         120    -7.49773    -7.57139   0.0172268
         121    -7.49475    -7.57076   0.0170961
         122     -7.4879    -7.57008   0.0169694
         123    -7.52284     -7.5697   0.0168358
         124    -7.50195    -7.56915   0.0167089
         125    -7.38613    -7.56769   0.0166393
         126    -7.45665     -7.5668   0.0165305
         127    -7.53976    -7.56659   0.0164017
         128    -7.52523    -7.56627   0.0162768
         129    -7.52048    -7.56591   0.0161545
         130    -7.46204    -7.56511     0.01605
         131    -7.41715    -7.56398   0.0159671
         132    -7.46252    -7.56322   0.0158647
         133    -7.46299    -7.56246   0.0157633
         134    -7.44208    -7.56156   0.0156712
         135    -7.36268    -7.56009   0.0156242
         136    -7.45164    -7.55929   0.0155297
         137    -7.48769    -7.55877   0.0154251
         138    -7.54381    -7.55866   0.0153137
         139    -7.52067    -7.55839    0.015206
         140    -7.57015    -7.55847   0.0150976
         141    -7.62954    -7.55898   0.0149989
         142    -7.59219    -7.55921   0.0148951
         143    -7.48569     -7.5587   0.0147998
         144    -7.50668    -7.55834   0.0147015
         145    -7.55793    -7.55833   0.0146001
         146    -7.52184    -7.55808   0.0145022
         147      -7.529    -7.55788   0.0144049
         148    -7.46891    -7.55728   0.0143201
         149    -7.43508    -7.55646   0.0142475
         150    -7.46208    -7.55583   0.0141664
         151    -7.44578    -7.55511   0.0140913
         152    -7.40399    -7.55411   0.0140336
         153    -7.37186    -7.55292   0.0139924
         154    -7.46119    -7.55232   0.0139142
         155    -7.45284    -7.55168   0.0138392
         156    -7.54605    -7.55165   0.0137506
         157    -7.52434    -7.55147   0.0136641
         158    -7.51814    -7.55126   0.0135792
         159    -7.52788    -7.55111   0.0134946
         160     -7.6032    -7.55144   0.0134142
         161    -7.56294    -7.55151   0.0133311
         162    -7.51783     -7.5513   0.0132504
         163    -7.54447    -7.55126   0.0131692
         164    -7.51729    -7.55105   0.0130905
         165    -7.52043    -7.55087   0.0130125
         166    -7.55328    -7.55088   0.0129341
         167    -7.56949    -7.55099   0.0128571
         168    -7.62655    -7.55144   0.0127885
         169    -7.61158     -7.5518   0.0127177
         170    -7.50875    -7.55155   0.0126454
         171     -7.4366    -7.55088   0.0125894
         172    -7.40998    -7.55006   0.0125428
         173    -7.39515    -7.54916   0.0125022
         174    -7.35171    -7.54803   0.0124817
         175    -7.42789    -7.54734   0.0124293
         176    -7.46154    -7.54685   0.0123682
         177     -7.4923    -7.54654   0.0123022
         178    -7.46053    -7.54606   0.0122426
         179    -7.53707    -7.54601   0.0121743
         180    -7.52611     -7.5459   0.0121071
         181    -7.49126     -7.5456    0.012044
         182    -7.43474    -7.54499   0.0119932
         183    -7.50192    -7.54475     0.01193
         184    -7.52384    -7.54464   0.0118657
         185    -7.52427    -7.54453   0.0118021
         186    -7.48023    -7.54418   0.0117437
         187    -7.56183    -7.54428   0.0116813
         188    -7.51067     -7.5441   0.0116205
         189    -7.50666     -7.5439   0.0115607
         190    -7.49504    -7.54364   0.0115027
         191    -7.47869     -7.5433   0.0114475
         192     -7.5886    -7.54354   0.0113903
         193    -7.61139    -7.54389   0.0113367
         194    -7.52634     -7.5438   0.0112787
         195    -7.54832    -7.54382   0.0112208
         196    -7.56274    -7.54392    0.011164
         197    -7.58921    -7.54415   0.0111097
         198    -7.58817    -7.54437   0.0110558
         199     -7.6257    -7.54478   0.0110078
         200    -7.60427    -7.54508   0.0109568
         201    -7.65148    -7.54561   0.0109151
         202    -7.63797    -7.54607   0.0108706
         203    -7.58737    -7.54627   0.0108189
         204    -7.65847    -7.54682   0.0107799
         205     -7.6009    -7.54708   0.0107305
         206    -7.54631    -7.54708   0.0106784
         207    -7.46357    -7.54668   0.0106345
         208    -7.47367    -7.54632   0.0105891
         209    -7.48964    -7.54605   0.0105419
         210    -7.47714    -7.54573   0.0104968
         211    -7.50478    -7.54553   0.0104489
         212    -7.52939    -7.54546   0.0103999
         213    -7.56433    -7.54554   0.0103514
         214    -7.61343    -7.54586   0.0103079
         215     -7.6789    -7.54648   0.0102785
         216    -7.67774    -7.54709   0.0102489
         217    -7.67212    -7.54766   0.0102178
         218    -7.66965    -7.54822   0.0101863
         219    -7.63823    -7.54863   0.0101481
         220    -7.59557    -7.54885   0.0101042
         221    -7.57033    -7.54894   0.0100589
         222    -7.50992    -7.54877   0.0100152
         223    -7.54861    -7.54877  0.00997024
         224    -7.49532    -7.54853  0.00992859
         225    -7.47123    -7.54819   0.0098904
         226    -7.56294    -7.54825  0.00984685
         227    -7.48911    -7.54799  0.00980692
         228    -7.37042    -7.54721  0.00979478
         229    -7.29842    -7.54613  0.00981208
         230    -7.32959    -7.54518  0.00981448
         231    -7.40898    -7.54459  0.00978969
         232     -7.4136    -7.54403  0.00976376
         233    -7.40271    -7.54342  0.00974068
         234    -7.39685     -7.5428  0.00971917
         235    -7.41952    -7.54227  0.00969196
         236    -7.45486     -7.5419  0.00965797
         237    -7.46781    -7.54159  0.00962228
         238    -7.41558    -7.54106   0.0095964
         239     -7.3985    -7.54046  0.00957477
         240    -7.29876    -7.53946  0.00958769
         241    -7.35993    -7.53871   0.0095768
         242    -7.39475    -7.53812  0.00955569
         243    -7.38942     -7.5375  0.00953594
         244    -7.43632    -7.53709  0.00950587
         245    -7.39414    -7.53651  0.00948496
         246    -7.40967    -7.53599   0.0094604
         247    -7.47418    -7.53574  0.00942541
         248    -7.45593    -7.53542   0.0093929
         249    -7.41157    -7.53492  0.00936834
         250    -7.41288    -7.53443  0.00934357
         251    -7.36936    -7.53378  0.00932946
         252    -7.32592    -7.53295  0.00932883
         253    -7.35869    -7.53226  0.00931735
         254    -7.43705    -7.53189  0.00928821
         255    -7.33336    -7.53111  0.00928435
         256    -7.34122    -7.53037  0.00927767
         257      -7.397    -7.52985  0.00925607
         258    -7.38334    -7.52928   0.0092376
         259     -7.4804    -7.52909  0.00920386
         260    -7.51132    -7.52902  0.00916871
         261    -7.53146    -7.52903  0.00913359
         262    -7.59025    -7.52927  0.00910172
         263    -7.62506    -7.52963  0.00907439
         264     -7.6101    -7.52993  0.00904514
         265    -7.52549    -7.52992  0.00901102
         266    -7.51415    -7.52986  0.00897734
         267    -7.57571    -7.53003  0.00894536
         268    -7.57453     -7.5302  0.00891352
         269    -7.56685    -7.53033  0.00888143
         270    -7.51767    -7.53029  0.00884866
         271    -7.58487    -7.53049   0.0088183
         272    -7.56669    -7.53062  0.00878688
         273    -7.54766    -7.53068  0.00875492
         274    -7.59312    -7.53091  0.00872593
         275    -7.60019    -7.53116  0.00869784
         276    -7.51636    -7.53111  0.00866649
         277     -7.4979    -7.53099  0.00863603
         278    -7.46435    -7.53075  0.00860829
         279    -7.49275    -7.53061  0.00857851
         280    -7.52189    -7.53058  0.00854793
         281    -7.51425    -7.53052  0.00851771
         282    -7.53341    -7.53053  0.00848751
         283    -7.45376    -7.53026  0.00846186
         284    -7.47739    -7.53008  0.00843411
         285    -7.48296    -7.52991  0.00840614
         286    -7.48802    -7.52977  0.00837802
         287    -7.51476    -7.52971  0.00834899
         288    -7.50136    -7.52961  0.00832058
         289    -7.43923     -7.5293  0.00829767
         290     -7.4258    -7.52894  0.00827673
         291    -7.42234    -7.52858  0.00825639
         292     -7.3813    -7.52807   0.0082435
         293    -7.42007    -7.52771  0.00822361
         294    -7.41718    -7.52733  0.00820422
         295    -7.46622    -7.52712  0.00817903
         296    -7.47803    -7.52696  0.00815308
         297    -7.42231     -7.5266  0.00813323
         298    -7.41579    -7.52623  0.00811444
         299    -7.52032    -7.52621  0.00808732
         300    -7.53055    -7.52623  0.00806038
         301    -7.53089    -7.52624  0.00803361
         302    -7.52997    -7.52625  0.00800702
         303    -7.46736    -7.52606  0.00798296
         304    -7.45817    -7.52584  0.00795982
         305    -7.51445     -7.5258  0.00793381
         306    -7.48158    -7.52566   0.0079092
         307    -7.50333    -7.52558  0.00788377
         308    -7.50364    -7.52551  0.00785849
         309    -7.49435    -7.52541  0.00783371
         310    -7.44391    -7.52515  0.00781285
         311    -7.51748    -7.52512  0.00778777
         312     -7.4303    -7.52482  0.00776873
         313    -7.49731    -7.52473  0.00774441
         314    -7.50762    -7.52468  0.00771994
         315    -7.50737    -7.52462  0.00769563
         316    -7.54256    -7.52468  0.00767148
         317    -7.51832    -7.52466  0.00764731
         318    -7.56874     -7.5248  0.00762452
         319    -7.62668    -7.52512   0.0076073
         320    -7.61466     -7.5254  0.00758867
         321    -7.60819    -7.52565  0.00756942
         322    -7.50703     -7.5256  0.00754613
         323    -7.62823    -7.52591  0.00752945
         324    -7.64541    -7.52628  0.00751524
         325    -7.71829    -7.52687  0.00751531
         326     -7.6748    -7.52733  0.00750594
         327    -7.68891    -7.52782  0.00749923
         328    -7.68497     -7.5283  0.00749166
         329    -7.67291    -7.52874  0.00748177
         330    -7.69011    -7.52923  0.00747506
         331    -7.65866    -7.52962   0.0074627
         332     -7.6918    -7.53011  0.00745619
         333    -7.74007    -7.53074  0.00746041
         334    -7.72529    -7.53132  0.00746078
         335    -7.70674    -7.53185  0.00745686
         336      -7.636    -7.53216  0.00744111
         337    -7.72469    -7.53273  0.00744093
         338    -7.68559    -7.53318  0.00743265
         339    -7.62972    -7.53346  0.00741617
         340    -7.59497    -7.53364  0.00739657
         341    -7.59324    -7.53382  0.00737694
         342     -7.5754    -7.53394  0.00735637
         343    -7.58336    -7.53409  0.00733634
         344    -7.59871    -7.53427  0.00731741
         345    -7.58102    -7.53441  0.00729746
         346    -7.62144    -7.53466   0.0072807
         347    -7.62654    -7.53492  0.00726453
         348    -7.56134      -7.535  0.00724405
         349    -7.58257    -7.53514  0.00722458
         350    -7.64044    -7.53544   0.0072102
         351    -7.58877    -7.53559  0.00719126
         352    -7.55797    -7.53565  0.00717111
         353    -7.56517    -7.53574  0.00715128
         354    -7.58837    -7.53589  0.00713263
         355    -7.53611    -7.53589  0.00711254
         356    -7.57377    -7.53599  0.00709335
         357    -7.49937    -7.53589  0.00707423
         358    -7.51927    -7.53584  0.00705462
         359    -7.40655    -7.53548  0.00704415
         360    -7.45713    -7.53527  0.00702795
         361    -7.45526    -7.53504  0.00701197
         362    -7.51659    -7.53499  0.00699279
         363    -7.48309    -7.53485  0.00697499
         364    -7.54049    -7.53487  0.00695584
         365    -7.54129    -7.53488  0.00693681
         366    -7.56734    -7.53497  0.00691842
         367    -7.57748    -7.53509  0.00690054
         368    -7.64128    -7.53538  0.00688782
         369    -7.63717    -7.53565  0.00687468
         370      -7.646    -7.53595  0.00686256
         371    -7.59594    -7.53611  0.00684597
         372    -7.49298      -7.536  0.00682855
         373    -7.56371    -7.53607  0.00681064
         374    -7.57035    -7.53616  0.00679305
         375    -7.56718    -7.53624  0.00677544
         376    -7.60774    -7.53644  0.00676009
         377    -7.66561    -7.53678  0.00675083
         378    -7.64229    -7.53706  0.00673874
         379     -7.6388    -7.53733  0.00672631
         380    -7.65321    -7.53763  0.00671552
         381    -7.51853    -7.53758  0.00669808
         382    -7.61596    -7.53779  0.00668369
         383     -7.6664    -7.53812  0.00667467
         384    -7.58265    -7.53824  0.00665829
         385    -7.63921     -7.5385  0.00664616
         386    -7.59693    -7.53865  0.00663067
         387    -7.56056    -7.53871  0.00661377
         388    -7.45966     -7.5385  0.00659987
         389    -7.51851    -7.53845   0.0065831
         390    -7.51782     -7.5384  0.00656643
         391    -7.53952     -7.5384  0.00654964
         392     -7.6154     -7.5386  0.00653588
         393     -7.6351    -7.53884  0.00652386
         394    -7.63216    -7.53908   0.0065116
         395    -7.60493    -7.53925  0.00649724
         396    -7.54562    -7.53926  0.00648086
         397     -7.6463    -7.53953  0.00647014
         398    -7.65534    -7.53982  0.00646042
         399    -7.67735    -7.54017  0.00645342
         400    -7.58636    -7.54028  0.00643832
         401    -7.62605     -7.5405  0.00642581
         402    -7.56575    -7.54056  0.00641013
         403    -7.49531    -7.54045  0.00639521
         404    -7.56496    -7.54051  0.00637967
         405    -7.59072    -7.54063  0.00636512
         406    -7.54138    -7.54064  0.00634944
         407    -7.44953    -7.54041  0.00633779
         408    -7.46065    -7.54022  0.00632527
         409    -7.47581    -7.54006  0.00631176
         410    -7.51692       -7.54  0.00629662
         411    -7.46492    -7.53982  0.00628395
         412     -7.6011    -7.53997  0.00627046
         413    -7.55116       -7.54  0.00625534
         414    -7.56188    -7.54005  0.00624045
         415    -7.58366    -7.54015   0.0062263
         416    -7.55524    -7.54019  0.00621144
         417    -7.65017    -7.54045  0.00620214
         418    -7.62442    -7.54065  0.00619055
         419    -7.59024    -7.54077  0.00617691
         420    -7.56421    -7.54083  0.00616245
         421    -7.48092    -7.54069  0.00614946
         422    -7.50567     -7.5406  0.00613545
         423    -7.50546    -7.54052   0.0061215
         424    -7.50637    -7.54044   0.0061076
         425    -7.44038     -7.5402  0.00609776
         426    -7.53473    -7.54019  0.00608346
         427    -7.50575    -7.54011  0.00606975
         428    -7.49532    -7.54001  0.00605647
         429    -7.57145    -7.54008  0.00604279
         430    -7.62983    -7.54029  0.00603234
         431    -7.62789    -7.54049  0.00602177
         432    -7.54716    -7.54051  0.00600785
         433    -7.54657    -7.54052  0.00599399
         434    -7.50557    -7.54044  0.00598072
         435    -7.49874    -7.54034  0.00596774
         436    -7.48001    -7.54021  0.00595566
         437    -7.46657    -7.54004  0.00594441
         438    -7.52437       -7.54  0.00593095
         439    -7.64154    -7.54023  0.00592195
         440    -7.63131    -7.54044  0.00591211
         441    -7.64026    -7.54067  0.00590303
         442    -7.68197    -7.54099  0.00589833
         443    -7.75014    -7.54146  0.00590388
         444     -7.7144    -7.54185  0.00590342
         445    -7.71615    -7.54224  0.00590313
         446    -7.54173    -7.54224  0.00588989
         447    -7.66034     -7.5425  0.00588264
         448    -7.64015    -7.54272  0.00587355
         449    -7.64327    -7.54294  0.00586473
         450    -7.50011    -7.54285  0.00585247
         451    -7.52781    -7.54282  0.00583959
         452    -7.58061     -7.5429  0.00582727
         453    -7.56331    -7.54294  0.00581458
         454    -7.59162    -7.54305  0.00580276
         455    -7.57534    -7.54312  0.00579044
         456    -7.56127    -7.54316  0.00577788
         457    -7.48012    -7.54302  0.00576688
         458    -7.53115      -7.543  0.00575435
         459    -7.47903    -7.54286   0.0057435
         460    -7.47638    -7.54271  0.00573283
         461    -7.45755    -7.54253  0.00572337
         462    -7.50035    -7.54244  0.00571171
         463    -7.44909    -7.54224  0.00570293
         464    -7.41181    -7.54196  0.00569757
         465    -7.34948    -7.54154  0.00570033
         466     -7.3393    -7.54111  0.00570459
         467    -7.34956     -7.5407  0.00570711
         468    -7.46829    -7.54054  0.00569701
         469    -7.47193     -7.5404  0.00568674
         470    -7.40486    -7.54011  0.00568195
         471    -7.33562    -7.53967  0.00568645
         472    -7.35834    -7.53929  0.00568736
         473    -7.41731    -7.53903  0.00568118
         474    -7.42262    -7.53879   0.0056745
         475    -7.27532    -7.53823   0.0056896
         476    -7.28441     -7.5377  0.00570258
         477    -7.27104    -7.53714  0.00571796
         478    -7.33274    -7.53671  0.00572197
         479      -7.337     -7.5363  0.00572519
         480    -7.37341    -7.53596  0.00572331
         481    -7.38499    -7.53564  0.00572001
         482    -7.38253    -7.53532  0.00571696
         483    -7.56003    -7.53538  0.00570535
         484     -7.5065    -7.53532  0.00569387
         485    -7.56524    -7.53538  0.00568247
         486    -7.64439     -7.5356   0.0056752
         487    -7.69833    -7.53594  0.00567338
         488    -7.67379    -7.53622  0.00566878
         489     -7.6632    -7.53648  0.00566313
         490    -7.69681    -7.53681  0.00566102
         491    -7.60861    -7.53695  0.00565138
         492    -7.64364    -7.53717  0.00564405
         493    -7.60848    -7.53731  0.00563445
         494    -7.53759    -7.53731  0.00562305
         495    -7.55327    -7.53735  0.00561178
         496    -7.59667    -7.53747  0.00560174
         497    -7.61843    -7.53763  0.00559284
         498    -7.66637    -7.53789  0.00558758
         499    -7.66713    -7.53815  0.00558238
         500    -7.59509    -7.53826  0.00557238
         501    -7.54837    -7.53828  0.00556129
         502    -7.53762    -7.53828  0.00555021
         503      -7.448     -7.5381  0.00554208
         504    -7.41147    -7.53785  0.00553678
         505    -7.39875    -7.53757  0.00553266
         506    -7.47412    -7.53745  0.00552315
         507    -7.52115    -7.53741  0.00551235
         508    -7.52673    -7.53739  0.00550154
         509    -7.53726    -7.53739  0.00549073
         510    -7.58672    -7.53749  0.00548081
         511    -7.57187    -7.53756   0.0054705
         512    -7.50112    -7.53749  0.00546028
         513    -7.57945    -7.53757  0.00545025
         514    -7.64785    -7.53778  0.00544387
         515    -7.68064    -7.53806  0.00544036
         516    -7.63452    -7.53825  0.00543303
         517    -7.63339    -7.53843  0.00542563
         518    -7.61795    -7.53858  0.00541733
         519    -7.59156    -7.53869  0.00540785
         520    -7.56726    -7.53874  0.00539773
         521    -7.56015    -7.53878  0.00538753
         522    -7.58678    -7.53887  0.00537799
         523    -7.51295    -7.53883  0.00536794
         524     -7.4917    -7.53874  0.00535845
         525    -7.56942    -7.53879  0.00534856
         526    -7.55502    -7.53882  0.00533848
         527    -7.56414    -7.53887  0.00532857
         528    -7.53645    -7.53887  0.00531848
         529    -7.58307    -7.53895  0.00530908
         530    -7.55745    -7.53899  0.00529918
         531    -7.55388    -7.53901  0.00528927
         532    -7.56712    -7.53907  0.00527959
         533    -7.54749    -7.53908  0.00526971
         534    -7.57975    -7.53916  0.00526039
         535    -7.61188     -7.5393  0.00525232
         536    -7.56763    -7.53935  0.00524278
         537    -7.51261     -7.5393  0.00523326
         538    -7.59409     -7.5394  0.00522452
         539    -7.49799    -7.53932  0.00521539
         540    -7.51269    -7.53927  0.00520597
         541    -7.51435    -7.53923  0.00519655
         542    -7.50374    -7.53916  0.00518737
         543    -7.50781     -7.5391  0.00517814
         544    -7.49542    -7.53902  0.00516924
         545    -7.58096     -7.5391  0.00516033
         546     -7.6083    -7.53923  0.00515244
         547     -7.6259    -7.53939  0.00514545
         548    -7.73346    -7.53974  0.00514824
         549    -7.73251    -7.54009  0.00515082
         550      -7.708     -7.5404  0.00515049
         551    -7.65297     -7.5406   0.0051452
         552      -7.661    -7.54082   0.0051405
         553    -7.54317    -7.54082   0.0051312
         554    -7.57275    -7.54088  0.00512226
         555    -7.57617    -7.54094  0.00511343
         556    -7.55617    -7.54097  0.00510431
         557    -7.60383    -7.54109  0.00509639
         558    -7.64585    -7.54127  0.00509071
         559    -7.56886    -7.54132  0.00508185
         560    -7.54764    -7.54133  0.00507278
         561    -7.55307    -7.54135  0.00506379
         562    -7.62468     -7.5415  0.00505694
         563    -7.56703    -7.54155  0.00504817
         564      -7.601    -7.54165  0.00504032
         565    -7.71285    -7.54196  0.00504049
         566    -7.68383    -7.54221  0.00503782
         567    -7.67963    -7.54245  0.00503476
         568     -7.5599    -7.54248  0.00502599
         569     -7.5394    -7.54247  0.00501716
         570    -7.54359    -7.54248  0.00500836
         571    -7.63251    -7.54263  0.00500207
         572     -7.5862    -7.54271   0.0049939
         573        -7.5    -7.54264  0.00498574
         574    -7.54081    -7.54263  0.00497706
         575    -7.50612    -7.54257  0.00496881
         576    -7.51181    -7.54252  0.00496047
         577    -7.57532    -7.54257   0.0049522
         578    -7.47809    -7.54246  0.00494489
         579    -7.54731    -7.54247  0.00493635
         580    -7.56416    -7.54251  0.00492798
         581    -7.61446    -7.54263  0.00492106
         582     -7.5879    -7.54271  0.00491322
         583    -7.57994    -7.54277   0.0049052
         584    -7.57082    -7.54282  0.00489704
         585    -7.60665    -7.54293  0.00488988
         586    -7.58022    -7.54299  0.00488195
         587    -7.64881    -7.54317  0.00487696
         588    -7.64371    -7.54334  0.00487167
         589    -7.68034    -7.54358  0.00486894
         590    -7.72206    -7.54388  0.00487008
         591    -7.65037    -7.54406  0.00486517
         592     -7.6719    -7.54428  0.00486174
         593    -7.59442    -7.54436  0.00485428
         594    -7.59122    -7.54444  0.00484675
         595    -7.56771    -7.54448  0.00483876
         596    -7.53788    -7.54447  0.00483066
         597    -7.56753    -7.54451  0.00482272
         598    -7.56848    -7.54455  0.00481482
         599    -7.56847    -7.54459  0.00480695
         600    -7.62282    -7.54472   0.0048007
         601     -7.6386    -7.54487  0.00479526
         602    -7.61361    -7.54499  0.00478865
         603    -7.59473    -7.54507  0.00478142
         604    -7.62037    -7.54519  0.00477513
         605    -7.56852    -7.54523  0.00476739
         606    -7.56391    -7.54526  0.00475962
         607    -7.49915    -7.54519  0.00475239
         608    -7.47515    -7.54507  0.00474597
         609    -7.56176     -7.5451  0.00473826
         610    -7.57734    -7.54515  0.00473078
         611    -7.60548    -7.54525  0.00472407
         612    -7.66023    -7.54544  0.00472008
         613    -7.59729    -7.54552  0.00471314
         614     -7.5434    -7.54552  0.00470547
         615    -7.59956    -7.54561  0.00469864
         616    -7.54011     -7.5456  0.00469102
         617    -7.57501    -7.54565  0.00468366
         618    -7.54322    -7.54564  0.00467608
         619    -7.54801    -7.54565  0.00466853
         620    -7.57852     -7.5457   0.0046613
         621    -7.54959    -7.54571   0.0046538
         622    -7.61045    -7.54581  0.00464748
         623     -7.5214    -7.54577  0.00464018
         624    -7.54212    -7.54576  0.00463275
         625    -7.58947    -7.54583  0.00462587
         626     -7.5303    -7.54581  0.00461854
         627    -7.53275    -7.54579  0.00461122
         628    -7.56135    -7.54581  0.00460395
         629    -7.58593    -7.54588  0.00459707
         630    -7.62706    -7.54601  0.00459158
         631     -7.6274    -7.54614  0.00458611
         632    -7.63617    -7.54628  0.00458107
         633    -7.59282    -7.54635  0.00457442
         634    -7.49249    -7.54627    0.004568
         635    -7.50934    -7.54621  0.00456117
         636    -7.53513    -7.54619  0.00455403
         637    -7.47175    -7.54607  0.00454838
         638    -7.53317    -7.54605   0.0045413
         639    -7.61174    -7.54616  0.00453536
         640    -7.53594    -7.54614   0.0045283
         641    -7.60201    -7.54623  0.00452207
         642     -7.6507    -7.54639  0.00451796
         643    -7.66673    -7.54658   0.0045148
         644    -7.56996    -7.54661  0.00450794
         645    -7.65209    -7.54678  0.00450392
         646    -7.66397    -7.54696   0.0045006
         647    -7.72572    -7.54724  0.00450211
         648    -7.65604     -7.5474  0.00449829
         649    -7.61316     -7.5475   0.0044925
         650    -7.55942    -7.54752  0.00448563
         651    -7.55086    -7.54753  0.00447874
         652    -7.53213     -7.5475  0.00447194
         653    -7.55826    -7.54752  0.00446512
         654     -7.5262    -7.54749  0.00445841
         655    -7.52797    -7.54746   0.0044517
         656    -7.50221    -7.54739  0.00444545
         657    -7.40529    -7.54717  0.00444394
         658    -7.28972    -7.54678  0.00445438
         659    -7.33428    -7.54646  0.00445928
         660    -7.34842    -7.54616   0.0044626
         661    -7.34114    -7.54585  0.00446662
         662    -7.31639     -7.5455   0.0044733
         663    -7.32092    -7.54516  0.00447936
         664    -7.38042    -7.54492  0.00447948
         665     -7.3628    -7.54464  0.00448111
         666    -7.36875    -7.54438  0.00448216
         667    -7.37577    -7.54413  0.00448256
         668    -7.32972     -7.5438  0.00448733
         669    -7.39586    -7.54358  0.00448606
         670    -7.51547    -7.54354  0.00447956
         671    -7.62964    -7.54367  0.00447473
         672     -7.6032    -7.54376  0.00446894
         673    -7.60606    -7.54385  0.00446326
         674    -7.60891    -7.54395  0.00445768
         675    -7.59457    -7.54402  0.00445171
         676    -7.62952    -7.54415  0.00444692
         677     -7.6474     -7.5443  0.00444297
         678    -7.66695    -7.54448   0.0044401
         679    -7.65259    -7.54464  0.00443641
         680    -7.63117    -7.54477  0.00443171
         681    -7.69658    -7.54499  0.00443081
         682    -7.63929    -7.54513  0.00442647
         683    -7.60759    -7.54522  0.00442093
         684    -7.71765    -7.54547  0.00442165
         685    -7.69875     -7.5457  0.00442085
         686    -7.73954    -7.54598  0.00442343
         687    -7.75176    -7.54628  0.00442712
         688    -7.71263    -7.54652  0.00442728
         689    -7.74511    -7.54681  0.00443023
         690    -7.61764    -7.54691    0.004425
         691    -7.63876    -7.54704  0.00442059
         692    -7.60598    -7.54713  0.00441502
         693    -7.61587    -7.54723  0.00440977
         694     -7.5827    -7.54728  0.00440371
         695    -7.55812     -7.5473   0.0043974
         696    -7.61964     -7.5474  0.00439231
         697    -7.64489    -7.54754  0.00438823
         698    -7.65215    -7.54769  0.00438451
         699     -7.6221     -7.5478  0.00437953
         700    -7.58362    -7.54785  0.00437357
         701    -7.58198     -7.5479   0.0043676
         702    -7.65017    -7.54804  0.00436381
         703    -7.61972    -7.54814  0.00435879
         704    -7.58025    -7.54819  0.00435284
         705    -7.51981    -7.54815  0.00434685
         706    -7.59157    -7.54821  0.00434113
         707    -7.60318    -7.54829  0.00433568
         708    -7.66655    -7.54845  0.00433278
         709    -7.60719    -7.54854  0.00432746
         710    -7.63063    -7.54865  0.00432291
         711    -7.56282    -7.54867  0.00431687
         712    -7.64674    -7.54881  0.00431301
         713    -7.61374     -7.5489  0.00430792
         714    -7.60171    -7.54898  0.00430252
         715    -7.55947    -7.54899  0.00429653
         716    -7.53452    -7.54897  0.00429057
         717    -7.53557    -7.54895  0.00428463
         718    -7.52256    -7.54892  0.00427882
         719    -7.51451    -7.54887  0.00427314
         720    -7.42869     -7.5487  0.00427046
         721     -7.4353    -7.54854  0.00426743
         722    -7.48125    -7.54845  0.00426254
         723    -7.55169    -7.54845  0.00425665
         724    -7.64865    -7.54859  0.00425302
         725    -7.66875    -7.54876  0.00425038
         726     -7.6681    -7.54892   0.0042477
         727    -7.71921    -7.54916  0.00424831
         728      -7.684    -7.54934  0.00424651
         729    -7.75045    -7.54962  0.00424964
         730    -7.72848    -7.54986  0.00425087
         731    -7.71209    -7.55009  0.00425085
         732    -7.69349    -7.55028  0.00424955
         733    -7.69149    -7.55047  0.00424812
         734    -7.62987    -7.55058  0.00424371
         735    -7.65539    -7.55072  0.00424033
         736    -7.61155    -7.55081  0.00423537
         737    -7.57602    -7.55084  0.00422977
         738    -7.52332     -7.5508   0.0042242
         739    -7.55638    -7.55081  0.00421849
         740    -7.50442    -7.55075  0.00421325
         741    -7.58508     -7.5508  0.00420782
         742    -7.58777    -7.55085  0.00420245
         743    -7.52265    -7.55081  0.00419696
         744    -7.54866     -7.5508  0.00419132
         745    -7.58996    -7.55086  0.00418603
         746     -7.6946    -7.55105  0.00418485
         747    -7.67488    -7.55122  0.00418253
         748    -7.63141    -7.55132  0.00417831
         749    -7.67913    -7.55149  0.00417621
         750    -7.74567    -7.55175  0.00417866
         751    -7.73918      -7.552  0.00418054
         752    -7.68133    -7.55217  0.00417852
         753    -7.61285    -7.55225  0.00417375
         754    -7.58599     -7.5523  0.00416845
         755    -7.60407    -7.55237   0.0041635
         756    -7.65917    -7.55251  0.00416039
         757    -7.60874    -7.55258  0.00415555
         758    -7.70256    -7.55278  0.00415478
         759    -7.65653    -7.55292  0.00415155
         760    -7.64982    -7.55305  0.00414805
         761    -7.68513    -7.55322  0.00414623
         762    -7.71445    -7.55343  0.00414618
         763     -7.7145    -7.55364  0.00414612
         764    -7.66443    -7.55379  0.00414322
         765    -7.62825    -7.55388  0.00413895
         766    -7.70307    -7.55408  0.00413813
         767    -7.70093    -7.55427  0.00413716
         768     -7.7195    -7.55448  0.00413736
         769    -7.69086    -7.55466  0.00413578
         770    -7.61129    -7.55474  0.00413106
         771     -7.5803    -7.55477  0.00412584
         772    -7.63958    -7.55488  0.00412196
         773    -7.59548    -7.55493  0.00411696
         774    -7.67278    -7.55508  0.00411445
         775    -7.55009    -7.55508  0.00410915
         776    -7.61208    -7.55515  0.00410451
         777    -7.62421    -7.55524  0.00410019
         778    -7.56799    -7.55526  0.00409495
         779    -7.65406    -7.55538  0.00409166
         780    -7.59486    -7.55543  0.00408673
         781    -7.62747    -7.55553  0.00408254
         782    -7.63106    -7.55562  0.00407846
         783    -7.66707    -7.55576  0.00407573
         784    -7.67601    -7.55592  0.00407342
         785     -7.6216      -7.556  0.00406909
         786    -7.58193    -7.55603  0.00406405
         787    -7.49047    -7.55595  0.00405974
         788    -7.41185    -7.55577   0.0040587
         789    -7.41496    -7.55559  0.00405748
         790    -7.46686    -7.55548   0.0040539
         791    -7.46634    -7.55536  0.00405034
         792    -7.40447    -7.55517   0.0040497
         793    -7.51579    -7.55512   0.0040449
         794    -7.51197    -7.55507  0.00404017
         795    -7.56213    -7.55508   0.0040351
         796    -7.51714    -7.55503  0.00403031
         797    -7.53957    -7.55501   0.0040253
         798    -7.57168    -7.55503  0.00402031
         799    -7.63148    -7.55513  0.00401642
         800     -7.6045    -7.55519  0.00401187
         801    -7.58157    -7.55522    0.004007
         802    -7.58438    -7.55526  0.00400217
         803    -7.57216    -7.55528  0.00399724
         804     -7.5503    -7.55527  0.00399227
         805    -7.55578    -7.55528  0.00398731
         806     -7.5549    -7.55527  0.00398236
         807    -7.59175    -7.55532  0.00397769
         808    -7.50402    -7.55526  0.00397327
         809    -7.50678     -7.5552  0.00396881
         810    -7.48902    -7.55511  0.00396475
         811    -7.46645    -7.55501  0.00396137
         812    -7.41487    -7.55483  0.00396025
         813    -7.44272     -7.5547  0.00395778
         814    -7.48021     -7.5546  0.00395397
         815     -7.4576    -7.55448  0.00395091
         816    -7.52442    -7.55445  0.00394624
         817    -7.55266    -7.55445  0.00394141
         818    -7.57045    -7.55447  0.00393664
         819    -7.49923     -7.5544  0.00393241
         820    -7.53981    -7.55438  0.00392766
         821    -7.52589    -7.55435  0.00392303
         822    -7.50893    -7.55429  0.00391864
         823    -7.52788    -7.55426  0.00391401
         824    -7.45686    -7.55414  0.00391105
         825    -7.45392    -7.55402  0.00390819
         826    -7.44689    -7.55389  0.00390561
         827     -7.4424    -7.55375  0.00390322
         828    -7.43539    -7.55361  0.00390112
         829    -7.49226    -7.55354  0.00389712
         830    -7.54732    -7.55353  0.00389243
         831    -7.62852    -7.55362  0.00388879
         832    -7.63724    -7.55372  0.00388541
         833    -7.64527    -7.55383   0.0038823
         834    -7.54916    -7.55382  0.00387765
         835    -7.49834    -7.55376  0.00387358
         836    -7.54721    -7.55375  0.00386895
         837    -7.56244    -7.55376  0.00386434
         838    -7.53489    -7.55374   0.0038598
         839    -7.59088    -7.55378  0.00385545
         840    -7.55791    -7.55379  0.00385087
         841    -7.62238    -7.55387  0.00384715
         842    -7.65648    -7.55399  0.00384451
         843     -7.6985    -7.55416  0.00384377
         844    -7.65908    -7.55429  0.00384123
         845    -7.67325    -7.55443  0.00383926
         846     -7.6155     -7.5545   0.0038354
         847    -7.63214    -7.55459  0.00383197
         848    -7.58862    -7.55463  0.00382766
         849    -7.61457     -7.5547   0.0038238
         850    -7.53978    -7.55468  0.00381934
         851    -7.51752    -7.55464   0.0038151
         852     -7.5272    -7.55461  0.00381076
         853    -7.57098    -7.55463  0.00380634
         854    -7.52888     -7.5546  0.00380201
         855    -7.53984    -7.55458   0.0037976
         856    -7.54203    -7.55457  0.00379319
         857     -7.5595    -7.55457  0.00378877
         858    -7.54645    -7.55456  0.00378436
         859    -7.48692    -7.55448  0.00378078
         860    -7.53417    -7.55446  0.00377645
         861    -7.57869    -7.55449  0.00377217
         862    -7.58714    -7.55453  0.00376799
         863    -7.46535    -7.55442  0.00376504
         864    -7.46245    -7.55432  0.00376218
         865     -7.4617    -7.55421  0.00375936
         866    -7.41891    -7.55405  0.00375826
         867    -7.51166      -7.554  0.00375425
         868    -7.55059      -7.554  0.00374992
         869    -7.49779    -7.55393  0.00374617
         870    -7.56575    -7.55395  0.00374188
         871    -7.51708    -7.55391  0.00373783
         872    -7.49316    -7.55384  0.00373419
         873    -7.54999    -7.55383  0.00372992
         874    -7.56664    -7.55385  0.00372568
         875    -7.53925    -7.55383  0.00372146
         876    -7.53593    -7.55381  0.00371726
         877    -7.51344    -7.55376  0.00371331
         878     -7.4731    -7.55367  0.00371022
         879    -7.44081    -7.55354  0.00370822
         880     -7.4943    -7.55348  0.00370461
         881    -7.48682     -7.5534  0.00370118
         882    -7.61191    -7.55347  0.00369758
         883    -7.54147    -7.55345  0.00369342
         884    -7.56109    -7.55346  0.00368925
         885    -7.53093    -7.55344  0.00368517
         886    -7.50003    -7.55338   0.0036815
         887    -7.52022    -7.55334  0.00367754
         888    -7.57886    -7.55337  0.00367351
         889    -7.50182    -7.55331  0.00366984
         890    -7.44126    -7.55318  0.00366787
         891    -7.45869    -7.55308  0.00366529
         892    -7.44866    -7.55296  0.00366305
         893     -7.4174    -7.55281  0.00366209
         894    -7.46952    -7.55272  0.00365918
         895    -7.47815    -7.55263  0.00365604
         896    -7.58644    -7.55267  0.00365215
         897    -7.60058    -7.55272  0.00364847
         898    -7.55218    -7.55272  0.00364441
         899    -7.58255    -7.55276  0.00364051
         900    -7.70552    -7.55293  0.00364042
         901    -7.65684    -7.55304   0.0036382
         902    -7.67398    -7.55317  0.00363664
         903    -7.70168    -7.55334  0.00363633
         904    -7.64607    -7.55344  0.00363375
         905    -7.64104    -7.55354  0.00363103
         906    -7.75711    -7.55376  0.00363396
         907    -7.73337    -7.55396  0.00363535
         908    -7.67804     -7.5541  0.00363391
         909    -7.66098    -7.55422  0.00363182
         910    -7.63774    -7.55431  0.00362899
         911      -7.663    -7.55443  0.00362696
         912    -7.62994    -7.55451  0.00362393
         913    -7.59265    -7.55455   0.0036202
         914    -7.60716    -7.55461   0.0036167
         915     -7.6138    -7.55467  0.00361333
         916    -7.70101    -7.55483  0.00361291
         917    -7.67851    -7.55497  0.00361149
         918    -7.71658    -7.55514  0.00361184
         919    -7.74568    -7.55535  0.00361386
         920    -7.75989    -7.55557  0.00361676
         921    -7.68135    -7.55571  0.00361541
         922    -7.64834    -7.55581  0.00361289
         923    -7.61368    -7.55587  0.00360952
         924    -7.67034      -7.556  0.00360773
         925    -7.67838    -7.55613  0.00360626
         926    -7.64346    -7.55622   0.0036036
         927    -7.69302    -7.55637  0.00360273
         928    -7.65349    -7.55648  0.00360037
         929    -7.61336    -7.55654  0.00359701
         930    -7.58156    -7.55656  0.00359325
         931    -7.59789    -7.55661  0.00358966
         932    -7.56232    -7.55661  0.00358581
         933    -7.60759    -7.55667  0.00358239
         934    -7.60496    -7.55672  0.00357892
         935    -7.54634    -7.55671  0.00357511
         936    -7.48357    -7.55663  0.00357215
         937    -7.47114    -7.55654   0.0035695
         938    -7.50209    -7.55648  0.00356617
         939    -7.49812    -7.55642  0.00356291
         940    -7.60855    -7.55648  0.00355955
         941    -7.58931    -7.55651  0.00355594
         942    -7.53973    -7.55649  0.00355221
         943    -7.69573    -7.55664  0.00355151
         944    -7.65291    -7.55674  0.00354921
         945     -7.6234    -7.55681  0.00354616
         946    -7.57993    -7.55684  0.00354249
         947    -7.56827    -7.55685  0.00353877
         948    -7.56874    -7.55686  0.00353506
         949    -7.65086    -7.55696  0.00353273
         950    -7.59291      -7.557  0.00352921
         951    -7.57968    -7.55702  0.00352558
         952    -7.58501    -7.55705    0.003522
         953     -7.6177    -7.55712  0.00351888
         954    -7.53188    -7.55709  0.00351529
         955    -7.52384    -7.55705  0.00351178
         956     -7.4761    -7.55697  0.00350913
         957    -7.45513    -7.55686  0.00350707
         958    -7.46504    -7.55677  0.00350472
         959    -7.49428     -7.5567  0.00350167
         960    -7.51024    -7.55665  0.00349836
         961    -7.50299     -7.5566  0.00349517
         962    -7.50465    -7.55654  0.00349195
         963    -7.55269    -7.55654  0.00348833
         964    -7.47951    -7.55646  0.00348562
         965    -7.46286    -7.55636  0.00348336
         966    -7.42427    -7.55623  0.00348244
         967    -7.42225    -7.55609  0.00348159
         968     -7.3841    -7.55591  0.00348252
         969    -7.52057    -7.55587  0.00347912
         970    -7.50901    -7.55583  0.00347587
         971    -7.51832    -7.55579   0.0034725
         972    -7.56445     -7.5558  0.00346894
         973    -7.46135     -7.5557  0.00346674
         974    -7.45553     -7.5556   0.0034647
         975    -7.45732     -7.5555  0.00346261
         976    -7.41753    -7.55535  0.00346195
         977    -7.37703    -7.55517  0.00346321
         978    -7.29175     -7.5549  0.00347013
         979    -7.39628    -7.55474  0.00347037
         980    -7.43892    -7.55462  0.00346884
         981    -7.46609    -7.55453  0.00346648
         982    -7.45429    -7.55443  0.00346445
         983    -7.47918    -7.55435  0.00346177
         984    -7.44802    -7.55424  0.00345994
         985    -7.47765    -7.55417   0.0034573
         986    -7.49476    -7.55411  0.00345432
         987    -7.51069    -7.55406   0.0034511
         988    -7.60719    -7.55412  0.00344802
         989    -7.63399     -7.5542  0.00344548
         990    -7.62846    -7.55427  0.00344282
         991    -7.59463    -7.55431  0.00343959
         992    -7.49325    -7.55425  0.00343667
         993    -7.46952    -7.55417  0.00343427
         994    -7.45328    -7.55406  0.00343231
         995    -7.48511      -7.554  0.00342956
         996    -7.46214     -7.5539  0.00342736
         997    -7.48174    -7.55383  0.00342469
         998    -7.47864    -7.55376  0.00342208
         999    -7.48355    -7.55369  0.00341938
        1000    -7.42303    -7.55355  0.00341845
