1,-0.32,-0.32,0
2,-0.36,-0.34,0.02
3,-0.32,-0.333333,0.0133333
4,-0.12,-0.28,0.0541603
5,-0.12,-0.248,0.0527636
6,-0.12,-0.226667,0.048074
7,-0.24,-0.228571,0.0406746
8,-0.32,-0.24,0.0370328
9,-0.44,-0.262222,0.0395031
10,-0.56,-0.292,0.0462073
11,-0.32,-0.294545,0.0418735
12,-0.24,-0.29,0.0384944
13,-0.08,-0.273846,0.0389203
14,0.12,-0.245714,0.0457143
15,0.16,-0.218667,0.0504255
16,0.2,-0.1925,0.0539406
17,0.16,-0.171765,0.054747
18,0.04,-0.16,0.0529397
19,-0.24,-0.164211,0.0502527
20,-0.04,-0.158,0.0480767
21,0.12,-0.144762,0.0476076
22,0,-0.138182,0.0458665
23,-0.08,-0.135652,0.0438999
24,0.08,-0.126667,0.0429807
25,-0.04,-0.1232,0.0413712
26,-0.2,-0.126154,0.0398577
27,-0.32,-0.133333,0.0390193
28,-0.32,-0.14,0.0381864
29,-0.48,-0.151724,0.0386664
30,-0.4,-0.16,0.0382611
31,-0.4,-0.167742,0.0378074
32,-0.16,-0.1675,0.0366077
33,-0.2,-0.168485,0.0354947
34,0.12,-0.16,0.0354648
35,0.04,-0.154286,0.0349075
36,0.08,-0.147778,0.0345426
37,0,-0.143784,0.0338326
38,-0.04,-0.141053,0.0330433
39,-0.12,-0.140513,0.0321894
40,-0.12,-0.14,0.0313786
41,0,-0.136585,0.0307936
42,-0.12,-0.13619,0.0300541
43,-0.16,-0.136744,0.029352
44,-0.2,-0.138182,0.0287132
45,0,-0.135111,0.0282353
46,0,-0.132174,0.0277705
47,0.28,-0.123404,0.0285533
48,0.08,-0.119167,0.0282715
49,0.04,-0.115918,0.0278784
50,0.16,-0.1104,0.027867
51,0.2,-0.104314,0.0279849
52,0.08,-0.100769,0.0276695
53,-0.24,-0.103396,0.0272692
54,-0.16,-0.104444,0.02678
55,-0.28,-0.107636,0.0264816
56,-0.28,-0.110714,0.026186
57,-0.44,-0.116491,0.0263632
58,-0.36,-0.12069,0.0262427
59,-0.4,-0.125424,0.0262249
60,-0.48,-0.131333,0.0264527
61,-0.48,-0.137049,0.0266359
62,-0.44,-0.141935,0.0266545
63,-0.24,-0.143492,0.0262741
64,-0.16,-0.14375,0.0258616
65,-0.08,-0.142769,0.0254795
66,0,-0.140606,0.0251836
67,-0.4,-0.144478,0.0251052
68,-0.2,-0.145294,0.0247467
69,-0.2,-0.146087,0.0243983
70,-0.16,-0.146286,0.0240481
71,0,-0.144225,0.0237963
72,-0.12,-0.143889,0.0234659
73,-0.16,-0.14411,0.0231433
74,-0.4,-0.147568,0.0230888
75,-0.28,-0.149333,0.0228472
76,0.12,-0.145789,0.0228214
77,-0.04,-0.144416,0.0225649
78,0,-0.142564,0.0223506
79,-0.2,-0.143291,0.0220778
80,-0.24,-0.1445,0.0218336
81,-0.32,-0.146667,0.0216709
82,-0.2,-0.147317,0.0214149
83,-0.12,-0.146988,0.0211579
84,-0.08,-0.14619,0.0209197
85,0,-0.144471,0.0207435
86,-0.04,-0.143256,0.0205369
87,0.04,-0.141149,0.0204084
88,-0.2,-0.141818,0.0201863
89,0,-0.140225,0.0200217
90,-0.08,-0.139556,0.0198093
91,-0.04,-0.138462,0.0196209
92,0.08,-0.136087,0.0195512
93,0.12,-0.133333,0.0195349
94,0.08,-0.131064,0.0194587
95,0.2,-0.127579,0.0195657
96,0.24,-0.12375,0.0197358
97,0,-0.122474,0.0195729
98,0.24,-0.118776,0.0197221
99,0.44,-0.113131,0.0203214
100,0.24,-0.1096,0.0204247
101,0.16,-0.106931,0.0203969
102,0.12,-0.104706,0.0203181
103,0.24,-0.101359,0.0203963
104,0.2,-0.0984615,0.0204061
105,0.52,-0.0925714,0.0210516
106,0.68,-0.085283,0.0220891
107,0.72,-0.077757,0.0231398
108,0.72,-0.0703704,0.0240852
109,0.76,-0.0627523,0.0250497
110,0.8,-0.0549091,0.0260306
111,0.72,-0.0479279,0.0267231
112,0.68,-0.0414286,0.0272692
113,0.76,-0.0343363,0.0279419
114,0.64,-0.0284211,0.0283204
115,0.76,-0.0215652,0.028898
116,0.68,-0.0155172,0.0292793
117,0.72,-0.00923077,0.0297009
118,0.48,-0.00508475,0.0297385
119,0.48,-0.0010084,0.029768
120,0.36,0.002,0.0296718
121,0.56,0.00661157,0.0297847
122,0.52,0.0108197,0.0298378
123,0.56,0.0152846,0.0299291
124,0.32,0.0177419,0.0297883
125,0.4,0.0208,0.0297069
126,0.2,0.0222222,0.0295045
127,0.28,0.024252,0.0293415
128,0.28,0.02625,0.0291799
129,0.48,0.0297674,0.0291657
130,0.48,0.0332308,0.0291469
131,0.76,0.0387786,0.0294508
132,0.72,0.0439394,0.029679
133,0.76,0.0493233,0.029943
134,0.48,0.0525373,0.029892
135,0.44,0.0554074,0.0298083
136,0.28,0.0570588,0.0296343
137,-0.04,0.0563504,0.0294257
138,-0.16,0.0547826,0.0292538
139,-0.28,0.0523741,0.0291423
140,-0.04,0.0517143,0.0289409
141,0.04,0.0516312,0.028735
142,0.48,0.0546479,0.028691
143,0.2,0.0556643,0.0285077
144,0,0.0552778,0.0283117
145,0.2,0.0562759,0.0281335
146,0.16,0.0569863,0.0279492
147,0.24,0.0582313,0.0277863
148,0.32,0.06,0.0276545
149,0.28,0.0614765,0.027508
150,0.16,0.0621333,0.0273318
151,0.4,0.0643709,0.0272423
152,0.52,0.0673684,0.027228
153,0.68,0.0713725,0.0273442
154,0.56,0.0745455,0.0273507
155,0.6,0.0779355,0.0273843
156,0.6,0.0812821,0.0274133
157,0.32,0.0828025,0.0272805
158,0.36,0.084557,0.027164
159,-0.08,0.083522,0.0270124
160,0,0.083,0.0268482
161,0,0.0824845,0.0266859
162,0.08,0.0824691,0.0265206
163,0.2,0.0831902,0.0263673
164,0.16,0.0836585,0.0262102
165,0.16,0.0841212,0.026055
166,0.16,0.0845783,0.0259016
167,0.12,0.0847904,0.0257469
168,0.04,0.0845238,0.0255946
169,-0.12,0.0833136,0.0254714
170,-0.16,0.0818824,0.0253616
171,-0.32,0.0795322,0.0253221
172,-0.44,0.0765116,0.025355
173,-0.4,0.0737572,0.0253581
174,-0.28,0.0717241,0.0252938
175,-0.44,0.0688,0.0253182
176,-0.4,0.0661364,0.0253145
177,-0.36,0.0637288,0.0252859
178,-0.4,0.0611236,0.0252781
179,-0.44,0.058324,0.0252919
180,-0.4,0.0557778,0.0252796
181,-0.36,0.0534807,0.0252442
182,-0.08,0.0527473,0.0251159
183,-0.12,0.0518033,0.0249961
184,0.08,0.0519565,0.0248603
185,0.04,0.0518919,0.0247257
186,0.28,0.0531183,0.0246229
187,0.24,0.0541176,0.0245113
188,0.24,0.0551064,0.0244006
189,0.28,0.0562963,0.0243003
190,0.32,0.0576842,0.0242119
191,0.28,0.0588482,0.0241129
192,0.4,0.060625,0.0240527
193,0.24,0.0615544,0.0239458
194,0,0.0612371,0.0238241
195,-0.08,0.0605128,0.0237127
196,0.04,0.0604082,0.0235917
197,0.28,0.0615228,0.0234981
198,0.44,0.0634343,0.0234571
199,0.56,0.0659296,0.0234719
200,0.6,0.0686,0.0235064
201,0.6,0.0712438,0.0235381
202,0.6,0.0738614,0.0235672
203,0.52,0.0760591,0.0235535
204,0.48,0.0780392,0.0235213
205,0.12,0.0782439,0.0234072
206,0.04,0.0780583,0.023294
207,0.12,0.0782609,0.0231821
208,0.08,0.0782692,0.0230704
209,0.12,0.0784689,0.0229606
210,0.16,0.0788571,0.0228543
211,0.24,0.0796209,0.0227585
212,0.4,0.0811321,0.0227013
213,0.76,0.0843192,0.0228181
214,0.64,0.0869159,0.0228592
215,0.64,0.0894884,0.0228976
216,0.8,0.0927778,0.0230275
217,0.6,0.0951152,0.02304
218,0.44,0.0966972,0.0229886
219,0.56,0.0988128,0.0229809
220,0.4,0.100182,0.0229172
221,0.24,0.100814,0.022822
222,0.36,0.101982,0.022749
223,0.24,0.102601,0.0226552
224,0.28,0.103393,0.0225677
225,0.2,0.103822,0.0224713
226,0.08,0.103717,0.0223719
227,0,0.10326,0.0222778
228,-0.2,0.10193,0.0222197
229,-0.04,0.10131,0.0221312
230,0.08,0.101217,0.0220349
231,0.32,0.102165,0.0219598
232,0.44,0.103621,0.0219133
233,0.56,0.105579,0.0219068
234,0.48,0.107179,0.0218716
235,0.44,0.108596,0.0218243
236,0.44,0.11,0.021777
237,0.44,0.111392,0.0217296
238,0.56,0.113277,0.02172
239,0.52,0.114979,0.0216958
240,0.32,0.115833,0.0216221
241,0.2,0.116183,0.021535
242,0.04,0.115868,0.0214481
243,0.2,0.116214,0.0213625
244,0.16,0.116393,0.0212755
245,0.04,0.116082,0.0211908
246,0,0.11561,0.0211098
247,-0.04,0.11498,0.0210336
248,-0.16,0.113871,0.0209779
249,-0.16,0.112771,0.0209224
250,-0.32,0.11104,0.0209103
251,-0.24,0.109641,0.0208738
252,-0.12,0.10873,0.0208107
253,-0.16,0.107668,0.0207555
254,-0.28,0.106142,0.0207299
255,-0.4,0.104157,0.0207436
256,-0.44,0.102031,0.0207715
257,-0.36,0.100233,0.0207685
258,-0.32,0.0986047,0.0207518
259,-0.28,0.0971429,0.0207232
260,-0.2,0.096,0.0206749
261,-0.32,0.0944061,0.0206571
262,0,0.0940458,0.0205813
263,0.08,0.0939924,0.020503
264,-0.08,0.0933333,0.0204358
265,-0.16,0.0923774,0.0203809
266,-0.32,0.0908271,0.0203633
267,-0.32,0.0892884,0.0203451
268,-0.08,0.0886567,0.0202789
269,-0.16,0.0877323,0.0202245
270,-0.04,0.0872593,0.020155
271,0.08,0.0872325,0.0200805
272,0.04,0.0870588,0.0200073
273,-0.08,0.0864469,0.0199433
274,0,0.0861314,0.0198729
275,0.16,0.0864,0.0198023
276,0.48,0.0878261,0.0197819
277,0.4,0.0889531,0.0197426
278,0.44,0.0902158,0.0197119
279,0.48,0.0916129,0.0196907
280,0.44,0.0928571,0.0196597
281,0.44,0.0940925,0.0196285
282,0.64,0.0960284,0.0196544
283,0.52,0.0975265,0.019642
284,0.56,0.0991549,0.0196404
285,0.44,0.100351,0.0196078
286,0.6,0.102098,0.0196171
287,0.72,0.104251,0.0196668
288,0.72,0.106389,0.0197147
289,0.56,0.107958,0.019709
290,0.4,0.108966,0.0196667
291,0.4,0.109966,0.0196245
292,0.16,0.110137,0.0195579
293,0.28,0.110717,0.0194997
294,0.28,0.111293,0.0194418
295,0.24,0.111729,0.0193806
296,0.44,0.112838,0.0193469
297,0.36,0.11367,0.0192996
298,0.12,0.113691,0.0192347
299,0,0.113311,0.019174
300,0.28,0.113867,0.0191181
301,0.24,0.114286,0.0190591
302,0.16,0.114437,0.0189965
303,0.16,0.114587,0.0189343
304,-0.04,0.114079,0.0188787
305,-0.2,0.113049,0.0188449
306,0.04,0.11281,0.0187847
307,0.04,0.112573,0.0187249
308,-0.08,0.111948,0.0186745
309,0,0.111586,0.0186175
310,0.24,0.112,0.018562
311,0.04,0.111768,0.0185036
312,-0.16,0.110897,0.0184648
313,-0.08,0.110288,0.0184158
314,-0.16,0.109427,0.0183772
315,0,0.109079,0.0183221
316,0.08,0.108987,0.0182643
317,-0.12,0.108265,0.0182209
318,-0.16,0.107421,0.0181831
319,-0.2,0.106458,0.0181516
320,-0.08,0.105875,0.0181041
321,-0.16,0.105047,0.0180667
322,-0.36,0.103602,0.0180683
323,-0.2,0.102663,0.0180368
324,0.32,0.103333,0.0179935
325,0.28,0.103877,0.0179463
326,0.4,0.104785,0.0179142
327,0.4,0.105688,0.0178821
328,0.24,0.106098,0.0178322
329,0.2,0.106383,0.0177802
330,0.2,0.106667,0.0177286
331,0.2,0.106949,0.0176772
332,0.16,0.107108,0.0176246
333,0.28,0.107628,0.0175792
334,0.48,0.108743,0.0175619
335,0.4,0.109612,0.017531
336,0.32,0.110238,0.01749
337,0.24,0.110623,0.0174422
338,-0.08,0.110059,0.0173997
339,-0.12,0.109381,0.0173616
340,0,0.109059,0.0173134
341,-0.2,0.108152,0.0172863
342,-0.48,0.106433,0.0173213
343,-0.48,0.104723,0.0173552
344,-0.28,0.103605,0.0173407
345,-0.2,0.102725,0.0173128
346,-0.36,0.101387,0.0173144
347,-0.2,0.100519,0.0172863
348,-0.28,0.0994253,0.0172712
349,-0.28,0.0983381,0.0172559
350,-0.28,0.0972571,0.0172404
351,-0.36,0.0959544,0.0172405
352,-0.48,0.0943182,0.0172692
353,-0.64,0.092238,0.0173454
354,-0.72,0.0899435,0.0174478
355,-0.4,0.0885634,0.0174533
356,-0.28,0.0875281,0.0174349
357,-0.12,0.0869468,0.0173957
358,-0.16,0.086257,0.0173608
359,-0.08,0.0857939,0.0173186
360,0.2,0.0861111,0.0172733
361,0.24,0.0865374,0.0172307
362,-0.04,0.0861878,0.0171866
363,-0.12,0.0856198,0.0171486
364,0.04,0.0854945,0.0171018
365,-0.28,0.0844932,0.0170843
366,-0.32,0.083388,0.0170734
367,-0.28,0.0823978,0.0170555
368,-0.28,0.081413,0.0170376
369,-0.44,0.08,0.01705
370,-0.48,0.0784865,0.0170711
371,-0.36,0.0773046,0.017066
372,-0.44,0.075914,0.0170768
373,-0.2,0.0751743,0.017047
374,-0.04,0.0748663,0.0170041
375,0.12,0.0749867,0.0169592
376,-0.12,0.0744681,0.016922
377,-0.32,0.0734218,0.0169094
378,0,0.0732275,0.0168657
379,0.2,0.073562,0.0168245
380,0.08,0.0735789,0.0167802
381,0.04,0.0734908,0.0167363
382,0.08,0.0735079,0.0166924
383,0.16,0.0737337,0.0166503
384,0.32,0.074375,0.0166193
385,0.4,0.0752208,0.0165976
386,0,0.0750259,0.0165557
387,0.08,0.0750388,0.0165129
388,0.24,0.0754639,0.0164758
389,0.28,0.0759897,0.0164418
390,0.04,0.0758974,0.0163998
391,0.04,0.0758056,0.0163581
392,-0.16,0.0752041,0.0163274
393,0,0.0750127,0.0162869
394,-0.28,0.0741117,0.0162705
395,-0.08,0.0737215,0.0162339
396,-0.24,0.0729293,0.0162123
397,-0.28,0.0720403,0.0161958
398,-0.4,0.0708543,0.0161985
399,-0.4,0.0696742,0.0162009
400,-0.56,0.0681,0.0162368
401,-0.48,0.0667332,0.0162539
402,-0.36,0.0656716,0.0162481
403,-0.56,0.0641191,0.0162819
404,-0.44,0.0628713,0.0162894
405,-0.36,0.0618272,0.0162827
406,-0.2,0.0611823,0.0162553
407,-0.08,0.0608354,0.016219
408,0.16,0.0610784,0.0161811
409,0.08,0.0611247,0.0161415
410,0.04,0.0610732,0.0161022
411,-0.04,0.0608273,0.0160648
412,0,0.0606796,0.0160265
413,-0.24,0.0599516,0.0160042
414,-0.04,0.0597101,0.0159673
415,0.04,0.0596627,0.0159289
416,0.24,0.0600962,0.0158964
417,-0.08,0.0597602,0.0158618
418,-0.04,0.0595215,0.0158256
419,0.36,0.0602387,0.0158041
420,0.36,0.0609524,0.0157826
421,0.4,0.0617577,0.0157656
422,0.4,0.0625592,0.0157486
423,0.32,0.0631678,0.0157231
424,0.48,0.0641509,0.0157168
425,0.52,0.0652235,0.0157164
426,0.48,0.0661972,0.0157097
427,0.52,0.06726,0.0157088
428,0.4,0.0680374,0.0156914
429,0.44,0.0689044,0.0156787
430,0.48,0.0698605,0.0156714
431,0.76,0.0714617,0.0157168
432,0.76,0.0730556,0.0157612
433,0.4,0.0738106,0.0157428
434,0.6,0.075023,0.0157533
435,0.68,0.0764138,0.0157784
436,0.72,0.0778899,0.0158112
437,0.68,0.0792677,0.0158351
438,0.52,0.080274,0.0158309
439,0.76,0.0818223,0.0158705
440,0.76,0.0833636,0.0159092
441,0.48,0.084263,0.0158986
442,0.56,0.0853394,0.015899
443,0.6,0.0865011,0.0159056
444,0.6,0.0876577,0.0159118
445,0.64,0.0888989,0.0159245
446,0.8,0.0904933,0.0159685
447,0.76,0.0919911,0.016003
448,0.44,0.0927679,0.0159861
449,0.56,0.0938085,0.0159844
450,0.76,0.0952889,0.0160174
451,0.68,0.0965854,0.0160343
452,0.36,0.0971681,0.0160094
453,0.4,0.0978366,0.015988
454,0.2,0.0980617,0.0159544
455,0.28,0.0984615,0.0159243
456,0.6,0.0995614,0.0159273
457,0.72,0.100919,0.0159503
458,0.76,0.102358,0.0159804
459,0.64,0.103529,0.0159885
460,0.28,0.103913,0.0159583
461,0.2,0.104121,0.015925
462,0.36,0.104675,0.0159002
463,0.4,0.105313,0.0158786
464,0.2,0.105517,0.0158457
465,0.28,0.105892,0.015816
466,0.08,0.105837,0.0157821
467,0.32,0.106296,0.015755
468,0.16,0.10641,0.0157217
469,0.2,0.10661,0.0156894
470,0.24,0.106894,0.0156585
471,0,0.106667,0.0156269
472,0.04,0.106525,0.0155944
473,0.12,0.106554,0.0155614
474,0.2,0.106751,0.0155298
475,0,0.106526,0.0154987
476,0.12,0.106555,0.0154662
477,0.16,0.106667,0.0154341
478,0.08,0.106611,0.0154019
479,0.12,0.106639,0.0153697
480,-0.12,0.106167,0.0153449
481,-0.24,0.105447,0.0153299
482,-0.32,0.104564,0.0153235
483,-0.12,0.104099,0.0152988
484,-0.04,0.103802,0.0152701
485,-0.12,0.10334,0.0152455
486,-0.16,0.102798,0.0152238
487,0.08,0.102752,0.0151926
488,0.32,0.103197,0.0151679
489,0.52,0.104049,0.0151609
490,0.36,0.104571,0.0151389
491,0.48,0.105336,0.0151274
492,0.36,0.105854,0.0151055
493,0.32,0.106288,0.0150811
494,0.2,0.106478,0.0150517
495,0.36,0.10699,0.01503
496,0.28,0.107339,0.0150037
497,0.04,0.107203,0.0149741
498,0,0.106988,0.0149455
499,-0.16,0.106453,0.0149252
500,-0.04,0.10616,0.0148982
501,-0.04,0.105868,0.0148713
502,-0.16,0.105339,0.014851
503,-0.12,0.104891,0.0148283
504,-0.08,0.104524,0.0148034
505,-0.04,0.104238,0.0147768
506,0.16,0.104348,0.014748
507,0.08,0.1043,0.0147189
508,0.04,0.104173,0.0146905
509,0.04,0.104047,0.0146621
510,-0.28,0.103294,0.0146527
511,-0.16,0.102779,0.0146331
512,-0.24,0.102109,0.0146198
513,-0.24,0.101442,0.0146065
514,-0.04,0.101167,0.0145807
515,0.2,0.101359,0.0145536
516,0.2,0.10155,0.0145266
517,0.28,0.101896,0.0145026
518,0.12,0.101931,0.0144746
519,0.08,0.101888,0.0144468
520,0,0.101692,0.0144203
521,0.16,0.101804,0.014393
522,-0.04,0.101533,0.014368
523,0.04,0.101415,0.014341
524,0.36,0.101908,0.0143221
525,0.4,0.102476,0.014306
526,0.32,0.10289,0.0142848
527,0.28,0.103226,0.0142616
528,0.56,0.104091,0.0142609
529,0.68,0.10518,0.0142755
530,0.72,0.10634,0.0142956
531,0.44,0.106968,0.0142825
532,0.48,0.107669,0.0142729
533,0.56,0.108518,0.0142713
534,0.56,0.109363,0.0142697
535,0.4,0.109907,0.0142533
536,0.28,0.110224,0.0142302
537,0.2,0.110391,0.0142047
538,-0.04,0.110112,0.014181
539,0.16,0.110204,0.014155
540,0.28,0.110519,0.0141323
541,0.24,0.110758,0.0141081
542,0.28,0.11107,0.0140855
543,0.36,0.111529,0.0140671
544,0.44,0.112132,0.0140541
545,0.16,0.11222,0.0140286
546,0.36,0.112674,0.0140102
547,0.44,0.113272,0.0139974
548,0.12,0.113285,0.0139718
549,0.04,0.113151,0.013947
550,-0.2,0.112582,0.0139333
551,-0.08,0.112232,0.0139123
552,-0.04,0.111957,0.0138899
553,0.04,0.111826,0.0138653
554,0.2,0.111986,0.0138412
555,0.04,0.111856,0.0138168
556,-0.24,0.111223,0.0138065
557,-0.28,0.110521,0.0137996
558,-0.08,0.110179,0.013779
559,0.16,0.110268,0.0137547
560,0.32,0.110643,0.0137352
561,0.52,0.111373,0.0137301
562,0.44,0.111957,0.0137181
563,0.28,0.112256,0.013697
564,0.4,0.112766,0.0136822
565,0.28,0.113062,0.0136611
566,0.28,0.113357,0.0136402
567,0.24,0.11358,0.0136179
568,0.24,0.113803,0.0135957
569,0.24,0.114025,0.0135736
570,0.44,0.114596,0.0135619
571,0.64,0.115517,0.0135693
572,0.84,0.116783,0.0136047
573,0.92,0.118185,0.0136531
574,0.92,0.119582,0.0137007
575,0.84,0.120835,0.0137341
576,0.72,0.121875,0.0137496
577,0.6,0.122704,0.0137508
578,0.56,0.12346,0.0137478
579,0.4,0.123938,0.0137323
580,0.16,0.124,0.0137088
581,0.12,0.123993,0.0136851
582,0.32,0.12433,0.0136658
583,0.28,0.124597,0.0136449
584,0.12,0.124589,0.0136215
585,0.12,0.124581,0.0135982
586,0.28,0.124846,0.0135776
587,0.28,0.125111,0.013557
588,0.32,0.125442,0.013538
589,0.6,0.126248,0.013539
590,0.48,0.126847,0.0135293
591,0.28,0.127107,0.0135089
592,0.24,0.127297,0.0134874
593,0.28,0.127555,0.0134671
594,0.12,0.127542,0.0134444
595,0.36,0.127933,0.0134275
596,0.48,0.128523,0.013418
597,0.36,0.128911,0.0134011
598,0.24,0.129097,0.0133799
599,0.12,0.129082,0.0133576
600,-0.04,0.1288,0.0133383
601,0.28,0.129052,0.0133184
602,0.32,0.129369,0.0133001
603,0.44,0.129884,0.013288
604,0.28,0.130132,0.0132683
605,0.24,0.130314,0.0132476
606,0.6,0.131089,0.0132484
607,0.72,0.132059,0.0132621
608,0.68,0.132961,0.0132709
609,0.68,0.133859,0.0132795
610,0.8,0.134951,0.0133026
611,0.68,0.135843,0.0133108
612,0.76,0.136863,0.0133281
613,0.36,0.137227,0.0133113
614,0.56,0.137915,0.0133074
615,0.8,0.138992,0.0133293
616,0.92,0.14026,0.0133679
617,0.84,0.141394,0.0133943
618,0.68,0.142265,0.013401
619,0.72,0.143199,0.0134119
620,0.72,0.144129,0.0134225
621,0.72,0.145056,0.0134329
622,0.88,0.146238,0.0134632
623,0.44,0.146709,0.0134499
624,0.2,0.146795,0.0134286
625,0.08,0.146688,0.0134075
626,-0.08,0.146326,0.013391
627,-0.08,0.145965,0.0133745
628,-0.16,0.145478,0.013362
629,-0.04,0.145183,0.013344
630,0.12,0.145143,0.0133229
631,-0.04,0.144849,0.013305
632,-0.12,0.14443,0.0132905
633,0.04,0.144265,0.0132706
634,0.2,0.144353,0.0132499
635,0.08,0.144252,0.0132294
636,0.08,0.144151,0.013209
637,0.08,0.14405,0.0131886
638,0.36,0.144389,0.0131723
639,0.4,0.144789,0.0131577
640,0.36,0.145125,0.0131414
641,0.32,0.145398,0.0131238
642,0.28,0.145607,0.013105
643,0.2,0.145692,0.0130849
644,0.24,0.145839,0.0130653
645,0.28,0.146047,0.0130467
646,0.44,0.146502,0.0130345
647,0.32,0.14677,0.0130171
648,0.16,0.14679,0.012997
649,0.16,0.14681,0.012977
650,0.24,0.146954,0.0129578
651,0.36,0.147281,0.012942
652,0.28,0.147485,0.0129237
653,0.28,0.147688,0.0129055
654,0.2,0.147768,0.012886
655,0.04,0.147603,0.0128674
656,-0.04,0.147317,0.0128509
657,0.04,0.147154,0.0128324
658,0.2,0.147234,0.0128131
659,0.12,0.147193,0.0127937
660,0.2,0.147273,0.0127746
661,-0.04,0.146989,0.0127584
662,0.16,0.147009,0.0127391
663,0.12,0.146968,0.01272
664,-0.08,0.146627,0.0127054
665,0.16,0.146647,0.0126863
666,0.48,0.147147,0.0126771
667,0.36,0.147466,0.0126621
668,0.4,0.147844,0.0126488
669,0.6,0.14852,0.0126479
670,0.44,0.148955,0.0126365
671,0.44,0.149389,0.0126251
672,0.36,0.149702,0.0126102
673,0.24,0.149837,0.0125922
674,0.24,0.14997,0.0125742
675,0.32,0.150222,0.0125581
676,0.16,0.150237,0.0125395
677,0.24,0.150369,0.0125217
678,0.28,0.15056,0.0125047
679,0.36,0.150869,0.01249
680,0.48,0.151353,0.012481
681,0.56,0.151953,0.0124771
682,0.32,0.152199,0.0124613
683,0.12,0.152152,0.0124431
684,0.08,0.152047,0.0124253
685,-0.04,0.151766,0.0124104
686,-0.28,0.151137,0.0124082
687,-0.08,0.150801,0.0123947
688,0.08,0.150698,0.0123771
689,0.16,0.150711,0.0123592
690,0.4,0.151072,0.0123465
691,0.36,0.151375,0.0123323
692,0.48,0.15185,0.0123237
693,0.2,0.151919,0.0123061
694,0.24,0.152046,0.012289
695,0.24,0.152173,0.0122719
696,0.16,0.152184,0.0122543
697,0.12,0.152138,0.0122368
698,0.08,0.152034,0.0122197
699,0.2,0.152103,0.0122024
700,0.08,0.152,0.0121854
701,0.16,0.152011,0.012168
702,-0.08,0.151681,0.0121551
703,-0.36,0.150953,0.0121596
704,-0.2,0.150455,0.0121526
705,-0.08,0.150128,0.0121397
706,-0.28,0.149518,0.0121378
707,-0.32,0.148854,0.0121388
708,-0.16,0.148418,0.0121295
709,-0.24,0.14787,0.0121248
710,-0.48,0.146986,0.0121399
711,-0.52,0.146048,0.0121591
712,-0.56,0.145056,0.0121824
713,-0.6,0.144011,0.0122101
714,-0.6,0.142969,0.0122375
715,-0.56,0.141986,0.0122598
716,-0.68,0.140838,0.0122964
717,-0.64,0.139749,0.0123274
718,-0.6,0.138719,0.0123533
719,-0.36,0.138025,0.0123556
720,-0.44,0.137222,0.0123645
721,-0.52,0.136311,0.0123809
722,-0.36,0.135623,0.0123829
723,-0.56,0.134661,0.0124031
724,-0.48,0.133812,0.012415
725,-0.52,0.13291,0.0124306
726,-0.4,0.132176,0.0124352
727,-0.28,0.131609,0.012431
728,-0.48,0.130769,0.0124423
729,-0.4,0.130041,0.0124465
730,-0.32,0.129425,0.0124448
731,-0.4,0.1287,0.0124488
732,-0.32,0.128087,0.0124469
733,-0.32,0.127476,0.0124449
734,-0.16,0.127084,0.0124341
735,-0.04,0.126857,0.0124193
736,0.12,0.126848,0.0124024
737,0.28,0.127056,0.0123873
738,0.28,0.127263,0.0123722
739,0.36,0.127578,0.0123595
740,0.28,0.127784,0.0123445
741,0.24,0.127935,0.0123288
742,0.24,0.128086,0.0123131
743,0.16,0.128129,0.0122966
744,-0.04,0.127903,0.0122821
745,0.12,0.127893,0.0122656
746,-0.08,0.127614,0.0122523
747,-0.12,0.127282,0.0122404
748,-0.24,0.126791,0.0122339
749,-0.32,0.126195,0.0122321
750,-0.16,0.125813,0.0122217
751,-0.24,0.125326,0.0122152
752,-0.2,0.124894,0.0122066
753,-0.12,0.124568,0.0121947
754,-0.16,0.124191,0.0121844
755,-0.28,0.123656,0.01218
756,-0.28,0.123122,0.0121756
757,-0.24,0.122642,0.0121689
758,-0.2,0.122216,0.0121603
759,-0.28,0.121686,0.0121558
760,-0.36,0.121053,0.0121564
761,-0.28,0.120526,0.0121518
762,-0.2,0.120105,0.0121432
763,0,0.119948,0.0121283
764,0.2,0.120052,0.0121128
765,0.32,0.120314,0.0120998
766,0.04,0.120209,0.0120844
767,0.12,0.120209,0.0120687
768,0.2,0.120312,0.0120534
769,0.52,0.120832,0.0120489
770,0.56,0.121403,0.0120468
771,0.4,0.121764,0.0120366
772,0.4,0.122124,0.0120264
773,0.32,0.12238,0.0120135
774,0.44,0.122791,0.012005
775,0.44,0.1232,0.0119965
776,0.64,0.123866,0.0119995
777,0.68,0.124582,0.0120054
778,0.64,0.125244,0.0120083
779,0.8,0.12611,0.0120241
780,0.68,0.126821,0.0120296
781,0.72,0.12758,0.0120382
782,0.6,0.128184,0.012038
783,0.32,0.128429,0.0120251
784,0.32,0.128673,0.0120122
785,0.2,0.128764,0.0119973
786,0.08,0.128702,0.0119821
787,0.16,0.128742,0.011967
788,0.12,0.128731,0.0119518
789,0.24,0.128872,0.0119375
790,0.04,0.128759,0.0119229
791,-0.12,0.128445,0.0119119
792,-0.08,0.128182,0.0118998
793,-0.08,0.127919,0.0118877
794,-0.08,0.127657,0.0118756
795,0.2,0.127748,0.011861
796,0.16,0.127789,0.0118462
797,0,0.127629,0.0118324
798,0.12,0.127619,0.0118175
799,0.12,0.12761,0.0118027
800,0.24,0.12775,0.0117888
801,0.04,0.12764,0.0117746
802,0.32,0.12788,0.0117624
803,0.28,0.12807,0.0117492
804,0.2,0.128159,0.0117349
805,0.32,0.128398,0.0117228
806,0.12,0.128387,0.0117082
807,0.08,0.128327,0.0116939
808,0.08,0.128267,0.0116795
809,0,0.128109,0.0116662
810,-0.08,0.127852,0.0116546
811,-0.24,0.127398,0.011649
812,-0.04,0.127192,0.0116365
813,-0.12,0.126888,0.0116262
814,0.08,0.12683,0.011612
815,0.08,0.126773,0.0115979
816,-0.04,0.126569,0.0115855
817,-0.4,0.125924,0.0115892
818,-0.28,0.125428,0.0115857
819,-0.48,0.124689,0.0115951
820,-0.48,0.123951,0.0116044
821,-0.52,0.123167,0.0116168
822,-0.36,0.122579,0.0116175
823,-0.2,0.122187,0.01161
824,-0.12,0.121893,0.0115997
825,-0.4,0.121261,0.0116028
826,-0.4,0.12063,0.011606
827,-0.36,0.120048,0.0116065
828,-0.4,0.11942,0.0116094
829,-0.32,0.11889,0.0116075
830,-0.36,0.118313,0.0116079
831,-0.44,0.117641,0.0116134
832,-0.56,0.116827,0.011628
833,-0.36,0.116255,0.0116281
834,-0.32,0.115731,0.0116259
835,-0.2,0.115353,0.0116181
836,-0.24,0.114928,0.011612
837,-0.28,0.114456,0.0116077
838,-0.44,0.113795,0.0116127
839,-0.32,0.113278,0.0116104
840,-0.16,0.112952,0.0116011
841,-0.16,0.112628,0.0115919
842,-0.08,0.112399,0.0115804
843,-0.04,0.112218,0.011568
844,-0.16,0.111896,0.0115588
845,-0.24,0.111479,0.0115526
846,-0.36,0.110922,0.0115524
847,-0.16,0.110602,0.0115432
848,-0.12,0.11033,0.0115328
849,-0.04,0.110153,0.0115206
850,-0.16,0.109835,0.0115114
851,0,0.109706,0.0114986
852,0,0.109577,0.0114858
853,0.24,0.10973,0.0114733
854,0.2,0.109836,0.0114604
855,0.32,0.110082,0.0114496
856,0,0.109953,0.011437
857,0,0.109825,0.0114243
858,0,0.109697,0.0114117
859,0.32,0.109942,0.0114011
860,0.48,0.110372,0.0113959
861,0.44,0.110755,0.0113891
862,0.56,0.111276,0.0113878
863,0.4,0.111611,0.0113795
864,0.4,0.111944,0.0113713
865,0.32,0.112185,0.0113607
866,0.36,0.112471,0.0113511
867,0.36,0.112757,0.0113416
868,0.36,0.113041,0.0113321
869,-0.04,0.112865,0.0113205
870,-0.4,0.112276,0.0113228
871,-0.68,0.111366,0.0113463
872,-0.44,0.110734,0.0113509
873,-0.48,0.110057,0.0113581
874,-0.64,0.109199,0.0113775
875,-0.52,0.10848,0.0113872
876,-0.64,0.107626,0.0114062
877,-0.44,0.107001,0.0114103
878,-0.4,0.106424,0.0114119
879,-0.44,0.105802,0.0114159
880,-0.64,0.104955,0.0114344
881,-0.68,0.104064,0.0114561
882,-0.8,0.103039,0.0114889
883,-0.88,0.101925,0.0115298
884,-0.96,0.100724,0.0115792
885,-0.76,0.0997514,0.0116069
886,-0.44,0.0991422,0.0116098
887,-0.4,0.0985795,0.0116103
888,-0.76,0.0976126,0.0116375
889,-0.64,0.0967829,0.011654
890,-0.8,0.0957753,0.0116844
891,-0.64,0.0949495,0.0117005
892,-0.68,0.0940807,0.0117196
893,-0.72,0.0931691,0.0117419
894,-0.76,0.0922148,0.0117675
895,-0.72,0.0913073,0.0117893
896,-0.68,0.0904464,0.0118076
897,-0.72,0.0895429,0.011829
898,-0.84,0.0885078,0.011861
899,-0.96,0.0873415,0.0119051
900,-0.96,0.0861778,0.0119487
901,-0.84,0.0851498,0.0119796
902,-0.68,0.0843016,0.0119963
903,-0.64,0.0834994,0.0120099
904,-0.68,0.0826549,0.0120263
905,-0.68,0.0818122,0.0120425
906,-0.44,0.0812362,0.012043
907,-0.32,0.0807938,0.0120378
908,-0.28,0.0803965,0.0120311
909,-0.44,0.079824,0.0120315
910,-0.52,0.0791648,0.0120363
911,-0.44,0.078595,0.0120366
912,-0.32,0.0781579,0.0120313
913,-0.4,0.0776342,0.0120296
914,-0.4,0.0771116,0.0120278
915,-0.48,0.0765027,0.01203
916,-0.4,0.0759825,0.0120281
917,-0.28,0.0755943,0.0120213
918,-0.44,0.0750327,0.0120213
919,-0.4,0.0745158,0.0120193
920,-0.24,0.0741739,0.0120111
921,-0.12,0.0739631,0.0119999
922,-0.2,0.0736659,0.0119906
923,-0.4,0.0731528,0.0119886
924,-0.36,0.072684,0.0119848
925,-0.24,0.0723459,0.0119766
926,-0.24,0.0720086,0.0119684
927,-0.16,0.0717584,0.0119581
928,-0.2,0.0714655,0.0119488
929,-0.12,0.0712594,0.0119377
930,-0.16,0.0710108,0.0119275
931,-0.28,0.0706337,0.0119206
932,-0.32,0.0702146,0.0119152
933,-0.12,0.0700107,0.0119041
934,-0.04,0.0698929,0.011892
935,-0.04,0.0697754,0.0118798
936,-0.2,0.0694872,0.0118706
937,0.16,0.0695838,0.0118584
938,0.36,0.0698934,0.0118498
939,0.4,0.0702449,0.0118423
940,0.28,0.0704681,0.0118318
941,0.32,0.0707333,0.0118222
942,0.44,0.0711253,0.0118162
943,0.36,0.0714316,0.0118076
944,0.56,0.0719492,0.0118065
945,0.72,0.0726349,0.0118139
946,0.72,0.0733192,0.0118212
947,0.76,0.0740444,0.011831
948,0.72,0.0747257,0.0118381
949,0.48,0.0751528,0.0118333
950,0.64,0.0757474,0.0118358
951,0.64,0.0763407,0.0118382
952,0.68,0.0769748,0.0118428
953,0.64,0.0775656,0.0118451
954,0.28,0.0777778,0.0118346
955,0.16,0.0778639,0.0118225
956,0.16,0.0779498,0.0118104
957,0.04,0.0779101,0.0117981
958,0.2,0.0780376,0.0117865
959,0.4,0.0783733,0.011779
960,0.52,0.0788333,0.0117757
961,0.6,0.0793757,0.0117759
962,0.52,0.0798337,0.0117726
963,0.36,0.0801246,0.011764
964,0.28,0.080332,0.0117536
965,0.32,0.0805803,0.011744
966,0.36,0.0808696,0.0117354
967,0.6,0.0814064,0.0117356
968,0.44,0.0817769,0.0117293
969,0.16,0.0818576,0.0117175
970,0.2,0.0819794,0.011706
971,0.2,0.0821009,0.0116946
972,0.2,0.0822222,0.0116832
973,0.28,0.0824255,0.0116729
974,0,0.0823409,0.0116613
975,0,0.0822564,0.0116496
976,0.4,0.082582,0.0116422
977,0.4,0.0829069,0.0116348
978,0.6,0.0834356,0.0116349
979,0.68,0.0840449,0.011639
980,0.8,0.0847755,0.0116501
981,0.76,0.0854638,0.0116585
982,0.52,0.0859063,0.011655
983,0.6,0.0864293,0.0116549
984,0.4,0.086748,0.0116474
985,0.32,0.0869848,0.011638
986,0,0.0868966,0.0116265
987,0,0.0868085,0.0116151
988,0.12,0.0868421,0.0116034
989,0.08,0.0868352,0.0115916
990,0.2,0.0869495,0.0115805
991,0.12,0.0869828,0.0115688
992,-0.08,0.0868145,0.0115584
993,-0.12,0.0866062,0.0115486
994,0.04,0.0865594,0.0115371
995,-0.04,0.0864322,0.0115262
996,-0.12,0.0862249,0.0115165
997,-0.28,0.0858576,0.0115108
998,-0.24,0.0855311,0.0115039
999,-0.24,0.0852052,0.011497
1000,-0.2,0.08492,0.011489
