1,-0.48,-0.48,0
2,-0.6,-0.54,0.06
3,-0.52,-0.533333,0.0352767
4,-0.36,-0.49,0.05
5,-0.4,-0.472,0.0427083
6,-0.48,-0.473333,0.0348967
7,-0.48,-0.474286,0.0295084
8,-0.48,-0.475,0.025565
9,-0.56,-0.484444,0.0244444
10,-0.52,-0.488,0.022151
11,-0.36,-0.476364,0.0231702
12,-0.36,-0.466667,0.0232683
13,-0.4,-0.461538,0.0220095
14,-0.56,-0.468571,0.0215564
15,-0.48,-0.469333,0.0200824
16,-0.6,-0.4775,0.0204837
17,-0.52,-0.48,0.0194029
18,-0.56,-0.484444,0.0188253
19,-0.52,-0.486316,0.0179051
20,-0.56,-0.49,0.0173812
21,-0.56,-0.493333,0.0168655
22,-0.6,-0.498182,0.0167956
23,-0.56,-0.50087,0.0162723
24,-0.52,-0.501667,0.0155999
25,-0.48,-0.5008,0.014988
26,-0.56,-0.503077,0.0145789
27,-0.56,-0.505185,0.0141861
28,-0.6,-0.508571,0.0140832
29,-0.56,-0.510345,0.0137041
30,-0.64,-0.514667,0.013927
31,-0.56,-0.516129,0.0135494
32,-0.6,-0.51875,0.0133784
33,-0.6,-0.521212,0.0131984
34,-0.68,-0.525882,0.0136294
35,-0.72,-0.531429,0.0143494
36,-0.8,-0.538889,0.0158153
37,-0.76,-0.544865,0.016502
38,-0.84,-0.552632,0.0178411
39,-0.92,-0.562051,0.0197664
40,-1,-0.573,0.0221597
41,-1,-0.583415,0.0239909
42,-0.96,-0.592381,0.0250709
43,-0.88,-0.59907,0.0253782
44,-0.92,-0.606364,0.0258453
45,-0.84,-0.611556,0.0257924
46,-0.96,-0.61913,0.0263382
47,-1,-0.627234,0.0270158
48,-1,-0.635,0.0275636
49,-1,-0.642449,0.0280041
50,-1,-0.6496,0.0283548
51,-1,-0.656471,0.0286299
52,-1,-0.663077,0.0288408
53,-1,-0.669434,0.0289968
54,-1,-0.675556,0.0291058
55,-1,-0.681455,0.0291743
56,-1,-0.687143,0.0292078
57,-1,-0.692632,0.0292111
58,-1,-0.697931,0.0291882
59,-1,-0.703051,0.0291425
60,-1,-0.708,0.0290769
61,-0.92,-0.711475,0.0288067
62,-0.8,-0.712903,0.0283742
63,-0.84,-0.714921,0.027993
64,-0.84,-0.716875,0.0276214
65,-0.72,-0.716923,0.0271932
66,-0.72,-0.71697,0.026778
67,-0.84,-0.718806,0.0264391
68,-1,-0.722941,0.0263736
69,-1,-0.726957,0.026297
70,-1,-0.730857,0.0262104
71,-1,-0.734648,0.0261152
72,-1,-0.738333,0.0260124
73,-1,-0.741918,0.0259028
74,-1,-0.745405,0.0257873
75,-1,-0.7488,0.0256666
76,-1,-0.752105,0.0255414
77,-1,-0.755325,0.0254122
78,-1,-0.758462,0.0252797
79,-1,-0.761519,0.0251442
80,-1,-0.7645,0.0250063
81,-1,-0.767407,0.0248662
82,-1,-0.770244,0.0247243
83,-1,-0.773012,0.024581
84,-1,-0.775714,0.0244364
85,-1,-0.778353,0.024291
86,-1,-0.78093,0.0241448
87,-1,-0.783448,0.0239981
88,-1,-0.785909,0.0238512
89,-1,-0.788315,0.023704
90,-1,-0.790667,0.0235569
91,-1,-0.792967,0.0234099
92,-1,-0.795217,0.0232631
93,-1,-0.797419,0.0231167
94,-1,-0.799574,0.0229708
95,-1,-0.801684,0.0228254
96,-1,-0.80375,0.0226807
97,-1,-0.805773,0.0225366
98,-1,-0.807755,0.0223934
99,-1,-0.809697,0.0222509
100,-1,-0.8116,0.0221093
101,-1,-0.813465,0.0219687
102,-1,-0.815294,0.021829
103,-1,-0.817087,0.0216903
104,-1,-0.818846,0.0215526
105,-1,-0.820571,0.0214159
106,-1,-0.822264,0.0212803
107,-1,-0.823925,0.0211459
108,-1,-0.825556,0.0210125
109,-1,-0.827156,0.0208803
110,-1,-0.828727,0.0207492
111,-1,-0.83027,0.0206192
112,-1,-0.831786,0.0204904
113,-1,-0.833274,0.0203627
114,-1,-0.834737,0.0202362
115,-1,-0.836174,0.0201109
116,-1,-0.837586,0.0199867
117,-1,-0.838974,0.0198637
118,-1,-0.840339,0.0197419
119,-1,-0.841681,0.0196212
120,-1,-0.843,0.0195017
121,-1,-0.844298,0.0193833
122,-1,-0.845574,0.0192661
123,-1,-0.846829,0.01915
124,-1,-0.848065,0.0190351
125,-1,-0.84928,0.0189213
126,-1,-0.850476,0.0188086
127,-1,-0.851654,0.018697
128,-1,-0.852813,0.0185865
129,-1,-0.853953,0.0184772
130,-1,-0.855077,0.0183689
131,-1,-0.856183,0.0182616
132,-1,-0.857273,0.0181555
133,-1,-0.858346,0.0180504
134,-1,-0.859403,0.0179463
135,-1,-0.860444,0.0178433
136,-1,-0.861471,0.0177413
137,-1,-0.862482,0.0176404
138,-1,-0.863478,0.0175404
139,-1,-0.86446,0.0174414
140,-1,-0.865429,0.0173434
141,-1,-0.866383,0.0172464
142,-1,-0.867324,0.0171504
143,-1,-0.868252,0.0170553
144,-1,-0.869167,0.0169611
145,-1,-0.870069,0.0168679
146,-1,-0.870959,0.0167756
147,-1,-0.871837,0.0166842
148,-1,-0.872703,0.0165937
149,-1,-0.873557,0.0165041
150,-1,-0.8744,0.0164153
151,-1,-0.875232,0.0163275
152,-1,-0.876053,0.0162404
153,-1,-0.876863,0.0161543
154,-1,-0.877662,0.0160689
155,-1,-0.878452,0.0159844
156,-1,-0.879231,0.0159007
157,-1,-0.88,0.0158178
158,-1,-0.880759,0.0157358
159,-1,-0.881509,0.0156544
160,-1,-0.88225,0.0155739
161,-1,-0.882981,0.0154941
162,-1,-0.883704,0.0154151
163,-1,-0.884417,0.0153369
164,-1,-0.885122,0.0152594
165,-1,-0.885818,0.0151826
166,-1,-0.886506,0.0151065
167,-1,-0.887186,0.0150311
168,-1,-0.887857,0.0149565
169,-0.92,-0.888047,0.0148689
170,-0.92,-0.888235,0.0147824
171,-1,-0.888889,0.0147102
172,-1,-0.889535,0.0146387
173,-1,-0.890173,0.0145679
174,-1,-0.890805,0.0144976
175,-1,-0.891429,0.0144281
176,-1,-0.892045,0.0143591
177,-1,-0.892655,0.0142908
178,-1,-0.893258,0.014223
179,-1,-0.893855,0.0141559
180,-1,-0.894444,0.0140894
181,-1,-0.895028,0.0140235
182,-1,-0.895604,0.0139581
183,-1,-0.896175,0.0138934
184,-1,-0.896739,0.0138292
185,-1,-0.897297,0.0137655
186,-1,-0.897849,0.0137025
187,-1,-0.898396,0.0136399
188,-1,-0.898936,0.013578
189,-1,-0.899471,0.0135165
190,-1,-0.9,0.0134556
191,-1,-0.900524,0.0133952
192,-1,-0.901042,0.0133353
193,-1,-0.901554,0.0132759
194,-1,-0.902062,0.0132171
195,-1,-0.902564,0.0131587
196,-1,-0.903061,0.0131008
197,-1,-0.903553,0.0130434
198,-1,-0.90404,0.0129865
199,-1,-0.904523,0.0129301
200,-1,-0.905,0.0128741
201,-1,-0.905473,0.0128187
202,-1,-0.905941,0.0127636
203,-1,-0.906404,0.012709
204,-1,-0.906863,0.0126549
205,-1,-0.907317,0.0126012
206,-1,-0.907767,0.012548
207,-1,-0.908213,0.0124951
208,-1,-0.908654,0.0124428
209,-1,-0.909091,0.0123908
210,-1,-0.909524,0.0123392
211,-1,-0.909953,0.0122881
212,-1,-0.910377,0.0122374
213,-1,-0.910798,0.0121871
214,-1,-0.911215,0.0121371
215,-1,-0.911628,0.0120876
216,-1,-0.912037,0.0120385
217,-1,-0.912442,0.0119897
218,-1,-0.912844,0.0119413
219,-1,-0.913242,0.0118934
220,-1,-0.913636,0.0118457
221,-1,-0.914027,0.0117985
222,-1,-0.914414,0.0117516
223,-1,-0.914798,0.0117051
224,-1,-0.915179,0.0116589
225,-1,-0.915556,0.0116131
226,-1,-0.915929,0.0115676
227,-1,-0.9163,0.0115225
228,-1,-0.916667,0.0114777
229,-1,-0.917031,0.0114333
230,-1,-0.917391,0.0113892
231,-1,-0.917749,0.0113454
232,-1,-0.918103,0.011302
233,-1,-0.918455,0.0112589
234,-1,-0.918803,0.0112161
235,-1,-0.919149,0.0111736
236,-1,-0.919492,0.0111314
237,-1,-0.919831,0.0110895
238,-1,-0.920168,0.011048
239,-1,-0.920502,0.0110067
240,-1,-0.920833,0.0109658
241,-1,-0.921162,0.0109251
242,-1,-0.921488,0.0108848
243,-1,-0.921811,0.0108447
244,-1,-0.922131,0.0108049
245,-1,-0.922449,0.0107654
246,-1,-0.922764,0.0107262
247,-1,-0.923077,0.0106872
248,-1,-0.923387,0.0106486
249,-1,-0.923695,0.0106102
250,-1,-0.924,0.0105721
251,-1,-0.924303,0.0105342
252,-1,-0.924603,0.0104966
253,-1,-0.924901,0.0104593
254,-1,-0.925197,0.0104222
255,-1,-0.92549,0.0103854
256,-1,-0.925781,0.0103489
257,-1,-0.92607,0.0103126
258,-1,-0.926357,0.0102765
259,-1,-0.926641,0.0102407
260,-1,-0.926923,0.0102052
261,-1,-0.927203,0.0101698
262,-1,-0.927481,0.0101348
263,-1,-0.927757,0.0100999
264,-1,-0.92803,0.0100653
265,-1,-0.928302,0.0100309
266,-1,-0.928571,0.00999678
267,-1,-0.928839,0.00996286
268,-1,-0.929104,0.00992916
269,-1,-0.929368,0.00989569
270,-1,-0.92963,0.00986245
271,-1,-0.929889,0.00982942
272,-1,-0.930147,0.0097966
273,-1,-0.930403,0.00976401
274,-1,-0.930657,0.00973162
275,-1,-0.930909,0.00969945
276,-1,-0.931159,0.00966748
277,-1,-0.931408,0.00963572
278,-1,-0.931655,0.00960417
279,-1,-0.9319,0.00957282
280,-1,-0.932143,0.00954167
281,-1,-0.932384,0.00951072
282,-1,-0.932624,0.00947997
283,-1,-0.932862,0.00944941
284,-1,-0.933099,0.00941904
285,-1,-0.933333,0.00938887
286,-1,-0.933566,0.00935889
287,-1,-0.933798,0.00932909
288,-1,-0.934028,0.00929949
289,-1,-0.934256,0.00927006
290,-1,-0.934483,0.00924082
291,-1,-0.934708,0.00921177
292,-1,-0.934932,0.00918289
293,-1,-0.935154,0.00915419
294,-1,-0.935374,0.00912566
295,-1,-0.935593,0.00909731
296,-1,-0.935811,0.00906914
297,-1,-0.936027,0.00904113
298,-1,-0.936242,0.0090133
299,-1,-0.936455,0.00898564
300,-1,-0.936667,0.00895814
301,-1,-0.936877,0.00893081
302,-1,-0.937086,0.00890364
303,-1,-0.937294,0.00887663
304,-1,-0.9375,0.00884979
305,-1,-0.937705,0.00882311
306,-1,-0.937908,0.00879658
307,-1,-0.938111,0.00877021
308,-1,-0.938312,0.008744
309,-1,-0.938511,0.00871794
310,-1,-0.93871,0.00869204
311,-1,-0.938907,0.00866629
312,-1,-0.939103,0.00864069
313,-1,-0.939297,0.00861523
314,-1,-0.93949,0.00858993
315,-1,-0.939683,0.00856477
316,-1,-0.939873,0.00853976
317,-1,-0.940063,0.00851489
318,-1,-0.940252,0.00849016
319,-1,-0.940439,0.00846558
320,-1,-0.940625,0.00844113
321,-1,-0.94081,0.00841683
322,-1,-0.940994,0.00839266
323,-1,-0.941176,0.00836863
324,-1,-0.941358,0.00834474
325,-1,-0.941538,0.00832098
326,-1,-0.941718,0.00829735
327,-1,-0.941896,0.00827386
328,-1,-0.942073,0.0082505
329,-1,-0.942249,0.00822727
330,-1,-0.942424,0.00820416
331,-1,-0.942598,0.00818119
332,-1,-0.942771,0.00815834
333,-1,-0.942943,0.00813562
334,-1,-0.943114,0.00811302
335,-1,-0.943284,0.00809055
336,-1,-0.943452,0.0080682
337,-1,-0.94362,0.00804598
338,-1,-0.943787,0.00802387
339,-1,-0.943953,0.00800188
340,-1,-0.944118,0.00798002
341,-1,-0.944282,0.00795827
342,-1,-0.944444,0.00793664
343,-1,-0.944606,0.00791512
344,-1,-0.944767,0.00789372
345,-1,-0.944928,0.00787244
346,-1,-0.945087,0.00785126
347,-1,-0.945245,0.0078302
348,-1,-0.945402,0.00780926
349,-1,-0.945559,0.00778842
350,-1,-0.945714,0.00776769
351,-1,-0.945869,0.00774708
352,-1,-0.946023,0.00772657
353,-1,-0.946176,0.00770616
354,-1,-0.946328,0.00768587
355,-1,-0.946479,0.00766568
356,-1,-0.946629,0.00764559
357,-1,-0.946779,0.00762561
358,-1,-0.946927,0.00760574
359,-1,-0.947075,0.00758596
360,-1,-0.947222,0.00756629
361,-1,-0.947368,0.00754672
362,-1,-0.947514,0.00752724
363,-1,-0.947658,0.00750787
364,-1,-0.947802,0.0074886
365,-1,-0.947945,0.00746942
366,-1,-0.948087,0.00745034
367,-1,-0.948229,0.00743136
368,-1,-0.94837,0.00741247
369,-1,-0.948509,0.00739368
370,-1,-0.948649,0.00737499
371,-1,-0.948787,0.00735638
372,-1,-0.948925,0.00733787
373,-1,-0.949062,0.00731945
374,-1,-0.949198,0.00730113
375,-1,-0.949333,0.00728289
376,-1,-0.949468,0.00726475
377,-1,-0.949602,0.00724669
378,-1,-0.949735,0.00722872
379,-1,-0.949868,0.00721085
380,-1,-0.95,0.00719305
381,-1,-0.950131,0.00717535
382,-1,-0.950262,0.00715773
383,-1,-0.950392,0.0071402
384,-1,-0.950521,0.00712275
385,-1,-0.950649,0.00710539
386,-1,-0.950777,0.00708811
387,-1,-0.950904,0.00707092
388,-1,-0.951031,0.00705381
389,-1,-0.951157,0.00703677
390,-1,-0.951282,0.00701983
391,-1,-0.951407,0.00700296
392,-1,-0.951531,0.00698617
393,-1,-0.951654,0.00696946
394,-1,-0.951777,0.00695283
395,-1,-0.951899,0.00693628
396,-1,-0.95202,0.00691981
397,-1,-0.952141,0.00690342
398,-1,-0.952261,0.0068871
399,-1,-0.952381,0.00687086
400,-1,-0.9525,0.00685469
401,-1,-0.952618,0.00683861
402,-1,-0.952736,0.00682259
403,-1,-0.952854,0.00680665
404,-1,-0.95297,0.00679078
405,-1,-0.953086,0.00677499
406,-1,-0.953202,0.00675927
407,-1,-0.953317,0.00674362
408,-1,-0.953431,0.00672805
409,-1,-0.953545,0.00671254
410,-1,-0.953659,0.00669711
411,-1,-0.953771,0.00668175
412,-0.96,-0.953786,0.00666553
413,-1,-0.953898,0.00665031
414,-1,-0.95401,0.00663516
415,-1,-0.95412,0.00662008
416,-1,-0.954231,0.00660507
417,-1,-0.954341,0.00659012
418,-1,-0.95445,0.00657525
419,-1,-0.954558,0.00656044
420,-1,-0.954667,0.00654569
421,-1,-0.954774,0.00653101
422,-1,-0.954882,0.0065164
423,-1,-0.954988,0.00650185
424,-1,-0.955094,0.00648737
425,-1,-0.9552,0.00647295
426,-1,-0.955305,0.00645859
427,-1,-0.95541,0.0064443
428,-1,-0.955514,0.00643007
429,-1,-0.955618,0.0064159
430,-1,-0.955721,0.00640179
431,-1,-0.955824,0.00638775
432,-1,-0.955926,0.00637377
433,-1,-0.956028,0.00635984
434,-1,-0.956129,0.00634598
435,-1,-0.95623,0.00633218
436,-1,-0.95633,0.00631844
437,-1,-0.95643,0.00630475
438,-1,-0.95653,0.00629113
439,-1,-0.956629,0.00627756
440,-1,-0.956727,0.00626406
441,-1,-0.956825,0.00625061
442,-1,-0.956923,0.00623721
443,-1,-0.95702,0.00622388
444,-1,-0.957117,0.0062106
445,-1,-0.957213,0.00619737
446,-1,-0.957309,0.00618421
447,-1,-0.957405,0.0061711
448,-1,-0.9575,0.00615804
449,-1,-0.957595,0.00614504
450,-1,-0.957689,0.00613209
451,-1,-0.957783,0.0061192
452,-1,-0.957876,0.00610636
453,-1,-0.957969,0.00609358
454,-1,-0.958062,0.00608084
455,-1,-0.958154,0.00606816
456,-1,-0.958246,0.00605554
457,-1,-0.958337,0.00604296
458,-1,-0.958428,0.00603044
459,-1,-0.958519,0.00601797
460,-1,-0.958609,0.00600555
461,-1,-0.958698,0.00599318
462,-1,-0.958788,0.00598086
463,-1,-0.958877,0.0059686
464,-1,-0.958966,0.00595638
465,-1,-0.959054,0.00594421
466,-1,-0.959142,0.00593209
467,-1,-0.959229,0.00592002
468,-1,-0.959316,0.005908
469,-1,-0.959403,0.00589603
470,-1,-0.959489,0.0058841
471,-1,-0.959575,0.00587223
472,-1,-0.959661,0.0058604
473,-1,-0.959746,0.00584862
474,-1,-0.959831,0.00583688
475,-1,-0.959916,0.0058252
476,-1,-0.96,0.00581356
477,-1,-0.960084,0.00580196
478,-1,-0.960167,0.00579041
479,-1,-0.960251,0.00577891
480,-1,-0.960333,0.00576745
481,-1,-0.960416,0.00575604
482,-1,-0.960498,0.00574467
483,-1,-0.96058,0.00573335
484,-1,-0.960661,0.00572207
485,-1,-0.960742,0.00571084
486,-1,-0.960823,0.00569965
487,-1,-0.960903,0.0056885
488,-1,-0.960984,0.0056774
489,-1,-0.961063,0.00566634
490,-1,-0.961143,0.00565532
491,-1,-0.961222,0.00564434
492,-1,-0.961301,0.00563341
493,-1,-0.961379,0.00562252
494,-1,-0.961457,0.00561167
495,-1,-0.961535,0.00560087
496,-1,-0.961613,0.0055901
497,-1,-0.96169,0.00557938
498,-1,-0.961767,0.00556869
499,-1,-0.961844,0.00555805
500,-1,-0.96192,0.00554745
501,-1,-0.961996,0.00553689
502,-1,-0.962072,0.00552636
503,-1,-0.962147,0.00551588
504,-1,-0.962222,0.00550544
505,-1,-0.962297,0.00549503
506,-1,-0.962372,0.00548467
507,-1,-0.962446,0.00547435
508,-1,-0.96252,0.00546406
509,-1,-0.962593,0.00545381
510,-1,-0.962667,0.0054436
511,-1,-0.96274,0.00543343
512,-1,-0.962812,0.00542329
513,-1,-0.962885,0.0054132
514,-1,-0.962957,0.00540314
515,-1,-0.963029,0.00539312
516,-1,-0.963101,0.00538313
517,-1,-0.963172,0.00537318
518,-1,-0.963243,0.00536327
519,-1,-0.963314,0.0053534
520,-1,-0.963385,0.00534356
521,-1,-0.963455,0.00533375
522,-1,-0.963525,0.00532399
523,-1,-0.963595,0.00531425
524,-1,-0.963664,0.00530456
525,-1,-0.963733,0.0052949
526,-1,-0.963802,0.00528527
527,-1,-0.963871,0.00527568
528,-1,-0.963939,0.00526612
529,-1,-0.964008,0.0052566
530,-1,-0.964075,0.00524711
531,-1,-0.964143,0.00523766
532,-1,-0.964211,0.00522824
533,-1,-0.964278,0.00521885
534,-1,-0.964345,0.0052095
535,-1,-0.964411,0.00520018
536,-1,-0.964478,0.00519089
537,-1,-0.964544,0.00518164
538,-1,-0.96461,0.00517242
539,-1,-0.964675,0.00516323
540,-1,-0.964741,0.00515408
541,-1,-0.964806,0.00514495
542,-1,-0.964871,0.00513586
543,-1,-0.964936,0.0051268
544,-0.92,-0.964853,0.00511804
545,-0.8,-0.96455,0.00511758
546,-0.8,-0.964249,0.00511709
547,-0.76,-0.963876,0.00512135
548,-0.64,-0.963285,0.00514605
549,-0.8,-0.962987,0.00514527
550,-0.64,-0.9624,0.00516937
551,-0.76,-0.962033,0.00517304
552,-0.88,-0.961884,0.0051658
553,-1,-0.961953,0.00515691
554,-1,-0.962022,0.00514805
555,-1,-0.96209,0.00513922
556,-1,-0.962158,0.00513042
557,-1,-0.962226,0.00512166
558,-1,-0.962294,0.00511292
559,-1,-0.962361,0.00510421
560,-1,-0.962429,0.00509553
561,-1,-0.962496,0.00508688
562,-1,-0.962562,0.00507826
563,-1,-0.962629,0.00506966
564,-1,-0.962695,0.0050611
565,-1,-0.962761,0.00505257
566,-1,-0.962827,0.00504406
567,-1,-0.962892,0.00503558
568,-1,-0.962958,0.00502714
569,-1,-0.963023,0.00501872
570,-1,-0.963088,0.00501032
571,-1,-0.963152,0.00500196
572,-1,-0.963217,0.00499362
573,-1,-0.963281,0.00498531
574,-1,-0.963345,0.00497703
575,-1,-0.963409,0.00496878
576,-1,-0.963472,0.00496055
577,-1,-0.963536,0.00495235
578,-1,-0.963599,0.00494418
579,-1,-0.963661,0.00493603
580,-1,-0.963724,0.00492791
581,-1,-0.963787,0.00491982
582,-1,-0.963849,0.00491175
583,-1,-0.963911,0.00490371
584,-1,-0.963973,0.0048957
585,-1,-0.964034,0.00488771
586,-1,-0.964096,0.00487975
587,-1,-0.964157,0.00487181
588,-1,-0.964218,0.0048639
589,-1,-0.964278,0.00485602
590,-1,-0.964339,0.00484816
591,-1,-0.964399,0.00484032
592,-1,-0.964459,0.00483251
593,-1,-0.964519,0.00482473
594,-1,-0.964579,0.00481697
595,-1,-0.964639,0.00480924
596,-1,-0.964698,0.00480153
597,-1,-0.964757,0.00479384
598,-1,-0.964816,0.00478618
599,-1,-0.964875,0.00477855
600,-1,-0.964933,0.00477093
601,-1,-0.964992,0.00476335
602,-1,-0.96505,0.00475578
603,-1,-0.965108,0.00474824
604,-1,-0.965166,0.00474073
605,-1,-0.965223,0.00473324
606,-1,-0.965281,0.00472577
607,-1,-0.965338,0.00471832
608,-1,-0.965395,0.0047109
609,-1,-0.965452,0.0047035
610,-1,-0.965508,0.00469613
611,-1,-0.965565,0.00468877
612,-1,-0.965621,0.00468144
613,-1,-0.965677,0.00467414
614,-1,-0.965733,0.00466685
615,-1,-0.965789,0.00465959
616,-1,-0.965844,0.00465235
617,-1,-0.9659,0.00464514
618,-1,-0.965955,0.00463794
619,-1,-0.96601,0.00463077
620,-1,-0.966065,0.00462362
621,-1,-0.966119,0.00461649
622,-1,-0.966174,0.00460939
623,-1,-0.966228,0.0046023
624,-1,-0.966282,0.00459524
625,-1,-0.966336,0.0045882
626,-1,-0.96639,0.00458118
627,-1,-0.966443,0.00457418
628,-1,-0.966497,0.0045672
629,-1,-0.96655,0.00456025
630,-1,-0.966603,0.00455331
631,-1,-0.966656,0.0045464
632,-1,-0.966709,0.00453951
633,-1,-0.966761,0.00453263
634,-1,-0.966814,0.00452578
635,-1,-0.966866,0.00451895
636,-1,-0.966918,0.00451214
637,-1,-0.96697,0.00450535
638,-1,-0.967022,0.00449858
639,-1,-0.967074,0.00449183
640,-1,-0.967125,0.00448511
641,-1,-0.967176,0.0044784
642,-1,-0.967227,0.00447171
643,-1,-0.967278,0.00446504
644,-1,-0.967329,0.00445839
645,-1,-0.96738,0.00445176
646,-1,-0.96743,0.00444515
647,-1,-0.967481,0.00443856
648,-1,-0.967531,0.00443199
649,-1,-0.967581,0.00442544
650,-1,-0.967631,0.00441891
651,-1,-0.96768,0.00441239
652,-1,-0.96773,0.0044059
653,-1,-0.967779,0.00439942
654,-1,-0.967829,0.00439297
655,-1,-0.967878,0.00438653
656,-1,-0.967927,0.00438011
657,-1,-0.967976,0.00437371
658,-1,-0.968024,0.00436733
659,-1,-0.968073,0.00436097
660,-1,-0.968121,0.00435463
661,-0.92,-0.968048,0.00434864
662,-0.92,-0.967976,0.00434268
663,-1,-0.968024,0.00433639
664,-1,-0.968072,0.00433012
665,-1,-0.96812,0.00432387
666,-1,-0.968168,0.00431764
667,-1,-0.968216,0.00431143
668,-1,-0.968263,0.00430523
669,-1,-0.968311,0.00429905
670,-1,-0.968358,0.00429289
671,-1,-0.968405,0.00428675
672,-1,-0.968452,0.00428062
673,-1,-0.968499,0.00427451
674,-1,-0.968546,0.00426842
675,-1,-0.968593,0.00426235
676,-1,-0.968639,0.00425629
677,-1,-0.968685,0.00425025
678,-1,-0.968732,0.00424423
679,-1,-0.968778,0.00423823
680,-1,-0.968824,0.00423224
681,-1,-0.968869,0.00422627
682,-1,-0.968915,0.00422031
683,-1,-0.96896,0.00421438
684,-1,-0.969006,0.00420845
685,-0.96,-0.968993,0.00420233
686,-1,-0.969038,0.00419644
687,-1,-0.969083,0.00419057
688,-1,-0.969128,0.00418472
689,-1,-0.969173,0.00417888
690,-1,-0.969217,0.00417306
691,-1,-0.969262,0.00416725
692,-1,-0.969306,0.00416146
693,-1,-0.969351,0.00415569
694,-1,-0.969395,0.00414993
695,-1,-0.969439,0.00414419
696,-1,-0.969483,0.00413846
697,-1,-0.969527,0.00413275
698,-1,-0.96957,0.00412706
699,-1,-0.969614,0.00412138
700,-1,-0.969657,0.00411572
701,-1,-0.9697,0.00411007
702,-1,-0.969744,0.00410444
703,-1,-0.969787,0.00409882
704,-1,-0.96983,0.00409322
705,-1,-0.969872,0.00408763
706,-1,-0.969915,0.00408206
707,-1,-0.969958,0.00407651
708,-1,-0.97,0.00407097
709,-1,-0.970042,0.00406544
710,-1,-0.970085,0.00405993
711,-1,-0.970127,0.00405443
712,-0.96,-0.970112,0.00404876
713,-0.96,-0.970098,0.0040431
714,-1,-0.97014,0.00403765
715,-1,-0.970182,0.00403222
716,-1,-0.970223,0.0040268
717,-1,-0.970265,0.00402139
718,-1,-0.970306,0.004016
719,-1,-0.970348,0.00401063
720,-1,-0.970389,0.00400526
721,-1,-0.97043,0.00399991
722,-1,-0.970471,0.00399458
723,-1,-0.970512,0.00398926
724,-1,-0.970552,0.00398396
725,-1,-0.970593,0.00397866
726,-1,-0.970634,0.00397339
727,-1,-0.970674,0.00396812
728,-1,-0.970714,0.00396287
729,-1,-0.970754,0.00395764
730,-1,-0.970795,0.00395242
731,-1,-0.970834,0.00394721
732,-1,-0.970874,0.00394201
733,-1,-0.970914,0.00393683
734,-1,-0.970954,0.00393166
735,-1,-0.970993,0.00392651
736,-1,-0.971033,0.00392137
737,-1,-0.971072,0.00391624
738,-1,-0.971111,0.00391113
739,-1,-0.97115,0.00390603
740,-1,-0.971189,0.00390094
741,-1,-0.971228,0.00389587
742,-1,-0.971267,0.00389081
743,-1,-0.971306,0.00388576
744,-1,-0.971344,0.00388072
745,-1,-0.971383,0.0038757
746,-1,-0.971421,0.00387069
747,-1,-0.971459,0.0038657
748,-1,-0.971497,0.00386071
749,-1,-0.971535,0.00385574
750,-1,-0.971573,0.00385079
751,-1,-0.971611,0.00384584
752,-1,-0.971649,0.00384091
753,-1,-0.971687,0.00383599
754,-1,-0.971724,0.00383108
755,-1,-0.971762,0.00382619
756,-1,-0.971799,0.00382131
757,-1,-0.971836,0.00381644
758,-1,-0.971873,0.00381158
759,-1,-0.97191,0.00380674
760,-1,-0.971947,0.0038019
761,-1,-0.971984,0.00379708
762,-1,-0.972021,0.00379228
763,-1,-0.972058,0.00378748
764,-1,-0.972094,0.0037827
765,-1,-0.972131,0.00377792
766,-0.96,-0.972115,0.00377302
767,-1,-0.972151,0.00376827
768,-1,-0.972187,0.00376354
769,-1,-0.972224,0.00375882
770,-1,-0.97226,0.0037541
771,-1,-0.972296,0.00374941
772,-1,-0.972332,0.00374472
773,-1,-0.972367,0.00374004
774,-1,-0.972403,0.00373538
775,-1,-0.972439,0.00373072
776,-1,-0.972474,0.00372608
777,-1,-0.97251,0.00372145
778,-1,-0.972545,0.00371683
779,-1,-0.97258,0.00371223
780,-1,-0.972615,0.00370763
781,-1,-0.97265,0.00370305
782,-1,-0.972685,0.00369847
783,-1,-0.97272,0.00369391
784,-1,-0.972755,0.00368936
785,-1,-0.97279,0.00368482
786,-1,-0.972824,0.00368029
787,-1,-0.972859,0.00367578
788,-1,-0.972893,0.00367127
789,-0.96,-0.972877,0.00366665
790,-0.96,-0.972861,0.00366204
791,-1,-0.972895,0.00365757
792,-1,-0.972929,0.00365311
793,-1,-0.972963,0.00364866
794,-1,-0.972997,0.00364422
795,-1,-0.973031,0.00363979
796,-1,-0.973065,0.00363538
797,-1,-0.973099,0.00363097
798,-1,-0.973133,0.00362657
799,-1,-0.973166,0.00362219
800,-1,-0.9732,0.00361781
801,-1,-0.973233,0.00361345
802,-1,-0.973267,0.00360909
803,-1,-0.9733,0.00360475
804,-1,-0.973333,0.00360042
805,-1,-0.973366,0.00359609
806,-1,-0.9734,0.00359178
807,-1,-0.973432,0.00358748
808,-1,-0.973465,0.00358319
809,-1,-0.973498,0.00357891
810,-1,-0.973531,0.00357463
811,-1,-0.973564,0.00357037
812,-1,-0.973596,0.00356612
813,-1,-0.973629,0.00356188
814,-1,-0.973661,0.00355765
815,-1,-0.973693,0.00355343
816,-1,-0.973725,0.00354922
817,-1,-0.973758,0.00354502
818,-1,-0.97379,0.00354083
819,-1,-0.973822,0.00353664
820,-1,-0.973854,0.00353247
821,-1,-0.973886,0.00352831
822,-1,-0.973917,0.00352416
823,-1,-0.973949,0.00352002
824,-1,-0.973981,0.00351589
825,-1,-0.974012,0.00351176
826,-1,-0.974044,0.00350765
827,-1,-0.974075,0.00350355
828,-1,-0.974106,0.00349945
829,-1,-0.974138,0.00349537
830,-1,-0.974169,0.00349129
831,-1,-0.9742,0.00348723
832,-1,-0.974231,0.00348317
833,-1,-0.974262,0.00347913
834,-1,-0.974293,0.00347509
835,-1,-0.974323,0.00347106
836,-1,-0.974354,0.00346704
837,-1,-0.974385,0.00346303
838,-1,-0.974415,0.00345903
839,-1,-0.974446,0.00345504
840,-1,-0.974476,0.00345106
841,-1,-0.974507,0.00344709
842,-1,-0.974537,0.00344313
843,-1,-0.974567,0.00343917
844,-1,-0.974597,0.00343523
845,-1,-0.974627,0.00343129
846,-1,-0.974657,0.00342736
847,-1,-0.974687,0.00342345
848,-1,-0.974717,0.00341954
849,-1,-0.974747,0.00341564
850,-1,-0.974776,0.00341174
851,-1,-0.974806,0.00340786
852,-1,-0.974836,0.00340399
853,-1,-0.974865,0.00340012
854,-1,-0.974895,0.00339627
855,-1,-0.974924,0.00339242
856,-1,-0.974953,0.00338858
857,-1,-0.974982,0.00338475
858,-1,-0.975012,0.00338093
859,-1,-0.975041,0.00337712
860,-1,-0.97507,0.00337331
861,-1,-0.975099,0.00336952
862,-1,-0.975128,0.00336573
863,-1,-0.975156,0.00336195
864,-1,-0.975185,0.00335818
865,-1,-0.975214,0.00335442
866,-1,-0.975242,0.00335066
867,-1,-0.975271,0.00334692
868,-1,-0.9753,0.00334318
869,-1,-0.975328,0.00333945
870,-1,-0.975356,0.00333573
871,-1,-0.975385,0.00333202
872,-1,-0.975413,0.00332832
873,-1,-0.975441,0.00332462
874,-1,-0.975469,0.00332094
875,-1,-0.975497,0.00331726
876,-1,-0.975525,0.00331359
877,-1,-0.975553,0.00330992
878,-1,-0.975581,0.00330627
879,-1,-0.975609,0.00330262
880,-1,-0.975636,0.00329898
881,-1,-0.975664,0.00329535
882,-1,-0.975692,0.00329173
883,-1,-0.975719,0.00328812
884,-1,-0.975747,0.00328451
885,-1,-0.975774,0.00328091
886,-1,-0.975801,0.00327732
887,-1,-0.975829,0.00327374
888,-1,-0.975856,0.00327016
889,-1,-0.975883,0.00326659
890,-1,-0.97591,0.00326303
891,-1,-0.975937,0.00325948
892,-1,-0.975964,0.00325594
893,-1,-0.975991,0.0032524
894,-1,-0.976018,0.00324887
895,-1,-0.976045,0.00324535
896,-1,-0.976071,0.00324183
897,-1,-0.976098,0.00323833
898,-1,-0.976125,0.00323483
899,-1,-0.976151,0.00323134
900,-1,-0.976178,0.00322785
901,-1,-0.976204,0.00322438
902,-1,-0.976231,0.00322091
903,-1,-0.976257,0.00321745
904,-1,-0.976283,0.003214
905,-1,-0.976309,0.00321055
906,-1,-0.976336,0.00320711
907,-1,-0.976362,0.00320368
908,-1,-0.976388,0.00320025
909,-1,-0.976414,0.00319684
910,-1,-0.97644,0.00319343
911,-1,-0.976465,0.00319002
912,-1,-0.976491,0.00318663
913,-1,-0.976517,0.00318324
914,-1,-0.976543,0.00317986
915,-1,-0.976568,0.00317649
916,-1,-0.976594,0.00317312
917,-1,-0.976619,0.00316976
918,-1,-0.976645,0.00316641
919,-1,-0.97667,0.00316306
920,-1,-0.976696,0.00315972
921,-1,-0.976721,0.00315639
922,-1,-0.976746,0.00315307
923,-1,-0.976771,0.00314975
924,-1,-0.976797,0.00314644
925,-1,-0.976822,0.00314314
926,-1,-0.976847,0.00313984
927,-1,-0.976872,0.00313655
928,-1,-0.976897,0.00313327
929,-1,-0.976921,0.00312999
930,-1,-0.976946,0.00312673
931,-1,-0.976971,0.00312346
932,-1,-0.976996,0.00312021
933,-1,-0.97702,0.00311696
934,-1,-0.977045,0.00311372
935,-1,-0.97707,0.00311048
936,-1,-0.977094,0.00310725
937,-1,-0.977118,0.00310403
938,-1,-0.977143,0.00310082
939,-1,-0.977167,0.00309761
940,-1,-0.977191,0.00309441
941,-1,-0.977216,0.00309121
942,-1,-0.97724,0.00308802
943,-1,-0.977264,0.00308484
944,-1,-0.977288,0.00308167
945,-1,-0.977312,0.0030785
946,-1,-0.977336,0.00307534
947,-1,-0.97736,0.00307218
948,-1,-0.977384,0.00306903
949,-1,-0.977408,0.00306589
950,-1,-0.977432,0.00306275
951,-1,-0.977455,0.00305962
952,-1,-0.977479,0.0030565
953,-1,-0.977503,0.00305338
954,-1,-0.977526,0.00305027
955,-1,-0.97755,0.00304716
956,-1,-0.977573,0.00304406
957,-1,-0.977597,0.00304097
958,-1,-0.97762,0.00303789
959,-1,-0.977643,0.00303481
960,-1,-0.977667,0.00303173
961,-1,-0.97769,0.00302867
962,-1,-0.977713,0.0030256
963,-1,-0.977736,0.00302255
964,-1,-0.977759,0.0030195
965,-1,-0.977782,0.00301646
966,-1,-0.977805,0.00301342
967,-1,-0.977828,0.00301039
968,-1,-0.977851,0.00300737
969,-1,-0.977874,0.00300435
970,-1,-0.977897,0.00300134
971,-1,-0.97792,0.00299833
972,-1,-0.977942,0.00299533
973,-1,-0.977965,0.00299234
974,-1,-0.977988,0.00298935
975,-1,-0.97801,0.00298637
976,-1,-0.978033,0.00298339
977,-1,-0.978055,0.00298042
978,-1,-0.978078,0.00297745
979,-1,-0.9781,0.0029745
980,-1,-0.978122,0.00297154
981,-1,-0.978145,0.0029686
982,-1,-0.978167,0.00296566
983,-1,-0.978189,0.00296272
984,-1,-0.978211,0.00295979
985,-1,-0.978234,0.00295687
986,-1,-0.978256,0.00295395
987,-1,-0.978278,0.00295104
988,-1,-0.9783,0.00294813
989,-1,-0.978322,0.00294523
990,-1,-0.978343,0.00294233
991,-1,-0.978365,0.00293945
992,-1,-0.978387,0.00293656
993,-1,-0.978409,0.00293368
994,-1,-0.978431,0.00293081
995,-1,-0.978452,0.00292794
996,-1,-0.978474,0.00292508
997,-1,-0.978495,0.00292223
998,-1,-0.978517,0.00291938
999,-1,-0.978539,0.00291653
1000,-1,-0.97856,0.00291369
