1,-0.32,-0.32,0
2,-0.24,-0.28,0.04
3,-0.12,-0.226667,0.0581187
4,-0.04,-0.18,0.0621825
5,0.04,-0.136,0.065238
6,0.08,-0.1,0.064291
7,-0.08,-0.0971429,0.0544109
8,-0.12,-0.1,0.0472077
9,-0.24,-0.115556,0.0444444
10,-0.2,-0.124,0.0406393
11,0.04,-0.109091,0.039668
12,0.12,-0.09,0.040936
13,0.08,-0.0769231,0.0398617
14,-0.04,-0.0742857,0.0369989
15,0.08,-0.064,0.0359471
16,0,-0.06,0.0338625
17,0.24,-0.0423529,0.0363756
18,0.24,-0.0266667,0.0377124
19,0.44,-0.00210526,0.0433102
20,0.36,0.016,0.0448999
21,0.4,0.0342857,0.0464582
22,0.32,0.0472727,0.0461607
23,0.44,0.0643478,0.0472978
24,0.44,0.08,0.047913
25,0.4,0.0928,0.0477058
26,0.32,0.101538,0.0466598
27,0.28,0.108148,0.0453823
28,0.2,0.111429,0.0438544
29,0.12,0.111724,0.0423162
30,0.04,0.109333,0.0409511
31,0.2,0.112258,0.039716
32,0.16,0.11375,0.0384837
33,0.24,0.117576,0.037495
34,0.2,0.12,0.0364562
35,0.16,0.121143,0.0354177
36,0.16,0.122222,0.0344368
37,0.32,0.127568,0.033917
38,0.32,0.132632,0.0333985
39,0.32,0.137436,0.0328837
40,0.24,0.14,0.0321535
41,0.2,0.141463,0.0313936
42,0.4,0.147619,0.0312493
43,0.36,0.152558,0.030911
44,0.52,0.160909,0.0313337
45,0.56,0.169778,0.0318876
46,0.6,0.17913,0.0325589
47,0.6,0.188085,0.0330931
48,0.64,0.1975,0.0337367
49,0.64,0.206531,0.0342529
50,0.72,0.2168,0.0350969
51,0.8,0.228235,0.0362526
52,0.84,0.24,0.0374448
53,0.8,0.250566,0.038221
54,0.96,0.263704,0.0397409
55,1,0.277091,0.0412447
56,1,0.29,0.042509
57,1,0.302456,0.0435748
58,1,0.314483,0.0444739
59,1,0.326102,0.0452314
60,1,0.337333,0.0458676
61,0.92,0.346885,0.0461096
62,0.8,0.354194,0.0459448
63,0.84,0.361905,0.0458625
64,0.88,0.37,0.0458604
65,0.84,0.377231,0.0457247
66,0.84,0.384242,0.0455692
67,1,0.393433,0.0458152
68,1,0.402353,0.0460094
69,1,0.411014,0.0461576
70,1,0.419429,0.046265
71,1,0.427606,0.046336
72,1,0.435556,0.0463744
73,1,0.443288,0.0463837
74,1,0.450811,0.046367
75,1,0.458133,0.046327
76,1,0.465263,0.046266
77,1,0.472208,0.0461863
78,1,0.478974,0.0460897
79,1,0.48557,0.045978
80,1,0.492,0.0458528
81,1,0.498272,0.0457154
82,1,0.50439,0.0455672
83,1,0.510361,0.0454091
84,1,0.51619,0.0452424
85,1,0.521882,0.0450678
86,1,0.527442,0.0448863
87,1,0.532874,0.0446986
88,1,0.538182,0.0445055
89,1,0.543371,0.0443074
90,1,0.548444,0.0441052
91,1,0.553407,0.0438992
92,1,0.558261,0.0436899
93,1,0.563011,0.0434778
94,1,0.56766,0.0432633
95,1,0.572211,0.0430467
96,1,0.576667,0.0428284
97,1,0.581031,0.0426086
98,1,0.585306,0.0423878
99,1,0.589495,0.042166
100,1,0.5936,0.0419436
101,1,0.597624,0.0417207
102,1,0.601569,0.0414976
103,1,0.605437,0.0412744
104,1,0.609231,0.0410513
105,1,0.612952,0.0408284
106,1,0.616604,0.0406059
107,1,0.620187,0.0403839
108,1,0.623704,0.0401625
109,1,0.627156,0.0399418
110,1,0.630545,0.0397219
111,1,0.633874,0.0395029
112,1,0.637143,0.0392848
113,1,0.640354,0.0390678
114,1,0.643509,0.0388519
115,1,0.646609,0.0386371
116,1,0.649655,0.0384236
117,1,0.65265,0.0382113
118,1,0.655593,0.0380002
119,1,0.658487,0.0377905
120,1,0.661333,0.0375822
121,1,0.664132,0.0373753
122,1,0.666885,0.0371697
123,1,0.669593,0.0369656
124,1,0.672258,0.036763
125,1,0.67488,0.0365619
126,1,0.67746,0.0363622
127,1,0.68,0.036164
128,1,0.6825,0.0359674
129,1,0.684961,0.0357722
130,1,0.687385,0.0355786
131,1,0.689771,0.0353865
132,1,0.692121,0.035196
133,1,0.694436,0.035007
134,1,0.696716,0.0348195
135,1,0.698963,0.0346336
136,1,0.701176,0.0344491
137,1,0.703358,0.0342663
138,1,0.705507,0.0340849
139,1,0.707626,0.0339051
140,1,0.709714,0.0337267
141,1,0.711773,0.0335499
142,1,0.713803,0.0333746
143,1,0.715804,0.0332007
144,1,0.717778,0.0330284
145,1,0.719724,0.0328575
146,1,0.721644,0.0326881
147,1,0.723537,0.0325202
148,1,0.725405,0.0323536
149,1,0.727248,0.0321886
150,1,0.729067,0.0320249
151,1,0.730861,0.0318627
152,1,0.732632,0.0317019
153,1,0.734379,0.0315424
154,1,0.736104,0.0313844
155,1,0.737806,0.0312277
156,1,0.739487,0.0310723
157,1,0.741146,0.0309184
158,1,0.742785,0.0307657
159,1,0.744403,0.0306144
160,1,0.746,0.0304643
161,1,0.747578,0.0303156
162,1,0.749136,0.0301682
163,1,0.750675,0.030022
164,1,0.752195,0.0298771
165,1,0.753697,0.0297334
166,1,0.755181,0.0295909
167,1,0.756647,0.0294497
168,1,0.758095,0.0293097
169,0.92,0.759053,0.0291515
170,0.92,0.76,0.028995
171,1,0.761404,0.0288591
172,1,0.762791,0.0287243
173,1,0.764162,0.0285907
174,1,0.765517,0.0284582
175,1,0.766857,0.0283268
176,1,0.768182,0.0281966
177,1,0.769492,0.0280674
178,1,0.770787,0.0279393
179,1,0.772067,0.0278123
180,1,0.773333,0.0276863
181,1,0.774586,0.0275614
182,1,0.775824,0.0274375
183,1,0.777049,0.0273146
184,1,0.778261,0.0271928
185,1,0.779459,0.0270719
186,1,0.780645,0.0269521
187,1,0.781818,0.0268332
188,1,0.782979,0.0267153
189,1,0.784127,0.0265984
190,1,0.785263,0.0264824
191,1,0.786387,0.0263674
192,1,0.7875,0.0262533
193,1,0.788601,0.0261401
194,1,0.789691,0.0260278
195,1,0.790769,0.0259164
196,1,0.791837,0.025806
197,1,0.792893,0.0256964
198,1,0.793939,0.0255877
199,1,0.794975,0.0254798
200,1,0.796,0.0253728
201,1,0.797015,0.0252666
202,1,0.79802,0.0251613
203,1,0.799015,0.0250568
204,1,0.8,0.0249532
205,1,0.800976,0.0248503
206,1,0.801942,0.0247482
207,1,0.802899,0.024647
208,1,0.803846,0.0245465
209,1,0.804785,0.0244468
210,1,0.805714,0.0243478
211,1,0.806635,0.0242497
212,1,0.807547,0.0241522
213,1,0.808451,0.0240555
214,1,0.809346,0.0239596
215,1,0.810233,0.0238644
216,1,0.811111,0.0237699
217,1,0.811982,0.0236761
218,1,0.812844,0.023583
219,1,0.813699,0.0234906
220,1,0.814545,0.0233989
221,1,0.815385,0.0233079
222,1,0.816216,0.0232176
223,1,0.81704,0.0231279
224,1,0.817857,0.0230389
225,1,0.818667,0.0229506
226,1,0.819469,0.0228629
227,1,0.820264,0.0227759
228,1,0.821053,0.0226894
229,1,0.821834,0.0226037
230,1,0.822609,0.0225185
231,1,0.823377,0.0224339
232,1,0.824138,0.02235
233,1,0.824893,0.0222667
234,1,0.825641,0.0221839
235,1,0.826383,0.0221018
236,1,0.827119,0.0220202
237,1,0.827848,0.0219393
238,1,0.828571,0.0218589
239,1,0.829289,0.021779
240,1,0.83,0.0216997
241,1,0.830705,0.021621
242,1,0.831405,0.0215429
243,1,0.832099,0.0214652
244,1,0.832787,0.0213882
245,1,0.833469,0.0213116
246,1,0.834146,0.0212356
247,1,0.834818,0.0211601
248,1,0.835484,0.0210851
249,1,0.836145,0.0210107
250,1,0.8368,0.0209367
251,1,0.83745,0.0208633
252,1,0.838095,0.0207903
253,1,0.838735,0.0207179
254,1,0.83937,0.0206459
255,1,0.84,0.0205744
256,1,0.840625,0.0205034
257,1,0.841245,0.0204329
258,1,0.84186,0.0203629
259,1,0.842471,0.0202933
260,1,0.843077,0.0202241
261,1,0.843678,0.0201555
262,1,0.844275,0.0200873
263,1,0.844867,0.0200195
264,1,0.845455,0.0199522
265,1,0.846038,0.0198853
266,1,0.846617,0.0198189
267,1,0.847191,0.0197528
268,1,0.847761,0.0196873
269,1,0.848327,0.0196221
270,1,0.848889,0.0195574
271,1,0.849446,0.019493
272,1,0.85,0.0194291
273,1,0.850549,0.0193656
274,1,0.851095,0.0193025
275,1,0.851636,0.0192398
276,1,0.852174,0.0191775
277,1,0.852708,0.0191156
278,1,0.853237,0.0190541
279,1,0.853763,0.018993
280,1,0.854286,0.0189322
281,1,0.854804,0.0188718
282,1,0.855319,0.0188119
283,1,0.85583,0.0187522
284,1,0.856338,0.018693
285,1,0.856842,0.0186341
286,1,0.857343,0.0185756
287,1,0.85784,0.0185174
288,1,0.858333,0.0184596
289,1,0.858824,0.0184021
290,1,0.85931,0.018345
291,1,0.859794,0.0182883
292,1,0.860274,0.0182319
293,1,0.860751,0.0181758
294,1,0.861224,0.0181201
295,1,0.861695,0.0180647
296,1,0.862162,0.0180096
297,1,0.862626,0.0179548
298,1,0.863087,0.0179004
299,1,0.863545,0.0178463
300,1,0.864,0.0177926
301,1,0.864452,0.0177391
302,1,0.864901,0.017686
303,1,0.865347,0.0176331
304,1,0.865789,0.0175806
305,1,0.86623,0.0175284
306,1,0.866667,0.0174765
307,1,0.867101,0.0174249
308,1,0.867532,0.0173736
309,1,0.867961,0.0173226
310,1,0.868387,0.0172719
311,1,0.86881,0.0172214
312,1,0.869231,0.0171713
313,1,0.869649,0.0171214
314,1,0.870064,0.0170719
315,1,0.870476,0.0170226
316,1,0.870886,0.0169736
317,1,0.871293,0.0169249
318,1,0.871698,0.0168764
319,1,0.8721,0.0168282
320,1,0.8725,0.0167803
321,1,0.872897,0.0167327
322,1,0.873292,0.0166853
323,1,0.873684,0.0166382
324,1,0.874074,0.0165913
325,1,0.874462,0.0165447
326,1,0.874847,0.0164984
327,1,0.875229,0.0164523
328,1,0.87561,0.0164065
329,1,0.875988,0.0163609
330,1,0.876364,0.0163156
331,1,0.876737,0.0162705
332,1,0.877108,0.0162257
333,1,0.877477,0.0161811
334,1,0.877844,0.0161368
335,1,0.878209,0.0160926
336,1,0.878571,0.0160488
337,1,0.878932,0.0160051
338,1,0.87929,0.0159617
339,1,0.879646,0.0159186
340,1,0.88,0.0158756
341,1,0.880352,0.0158329
342,1,0.880702,0.0157904
343,1,0.88105,0.0157482
344,1,0.881395,0.0157061
345,1,0.881739,0.0156643
346,1,0.882081,0.0156227
347,1,0.882421,0.0155813
348,1,0.882759,0.0155402
349,1,0.883095,0.0154992
350,1,0.883429,0.0154585
351,1,0.883761,0.0154179
352,1,0.884091,0.0153776
353,1,0.884419,0.0153375
354,1,0.884746,0.0152976
355,1,0.88507,0.0152579
356,1,0.885393,0.0152184
357,1,0.885714,0.0151791
358,1,0.886034,0.01514
359,1,0.886351,0.0151011
360,1,0.886667,0.0150624
361,1,0.886981,0.0150239
362,1,0.887293,0.0149856
363,1,0.887603,0.0149475
364,1,0.887912,0.0149096
365,1,0.888219,0.0148719
366,1,0.888525,0.0148343
367,1,0.888828,0.014797
368,1,0.88913,0.0147598
369,1,0.889431,0.0147228
370,1,0.88973,0.014686
371,1,0.890027,0.0146494
372,1,0.890323,0.0146129
373,1,0.890617,0.0145767
374,1,0.890909,0.0145406
375,1,0.8912,0.0145047
376,1,0.891489,0.0144689
377,1,0.891777,0.0144334
378,1,0.892063,0.014398
379,1,0.892348,0.0143628
380,1,0.892632,0.0143277
381,1,0.892913,0.0142929
382,1,0.893194,0.0142581
383,1,0.893473,0.0142236
384,1,0.89375,0.0141892
385,1,0.894026,0.014155
386,1,0.894301,0.014121
387,1,0.894574,0.0140871
388,1,0.894845,0.0140533
389,1,0.895116,0.0140198
390,1,0.895385,0.0139864
391,1,0.895652,0.0139531
392,1,0.895918,0.01392
393,1,0.896183,0.0138871
394,1,0.896447,0.0138543
395,1,0.896709,0.0138217
396,1,0.89697,0.0137892
397,1,0.897229,0.0137569
398,1,0.897487,0.0137247
399,1,0.897744,0.0136926
400,1,0.898,0.0136608
401,1,0.898254,0.013629
402,1,0.898507,0.0135974
403,1,0.898759,0.013566
404,1,0.89901,0.0135347
405,1,0.899259,0.0135035
406,1,0.899507,0.0134725
407,1,0.899754,0.0134416
408,1,0.9,0.0134109
409,1,0.900244,0.0133803
410,1,0.900488,0.0133499
411,1,0.90073,0.0133195
412,0.96,0.900874,0.0132879
413,1,0.901114,0.0132579
414,1,0.901353,0.013228
415,1,0.90159,0.0131982
416,1,0.901827,0.0131686
417,1,0.902062,0.0131391
418,1,0.902297,0.0131097
419,1,0.90253,0.0130805
420,1,0.902762,0.0130513
421,1,0.902993,0.0130224
422,1,0.903223,0.0129935
423,1,0.903452,0.0129648
424,1,0.903679,0.0129361
425,1,0.903906,0.0129077
426,1,0.904131,0.0128793
427,1,0.904356,0.0128511
428,1,0.904579,0.012823
429,1,0.904802,0.012795
430,1,0.905023,0.0127671
431,1,0.905244,0.0127393
432,1,0.905463,0.0127117
433,1,0.905681,0.0126842
434,1,0.905899,0.0126568
435,1,0.906115,0.0126295
436,1,0.90633,0.0126024
437,1,0.906545,0.0125753
438,1,0.906758,0.0125484
439,1,0.90697,0.0125216
440,1,0.907182,0.0124949
441,1,0.907392,0.0124683
442,1,0.907602,0.0124418
443,1,0.90781,0.0124154
444,1,0.908018,0.0123892
445,1,0.908225,0.012363
446,1,0.90843,0.012337
447,1,0.908635,0.0123111
448,1,0.908839,0.0122853
449,1,0.909042,0.0122596
450,1,0.909244,0.012234
451,1,0.909446,0.0122085
452,1,0.909646,0.0121831
453,1,0.909845,0.0121578
454,1,0.910044,0.0121326
455,1,0.910242,0.0121075
456,1,0.910439,0.0120825
457,1,0.910635,0.0120577
458,1,0.91083,0.0120329
459,1,0.911024,0.0120082
460,1,0.911217,0.0119836
461,1,0.91141,0.0119592
462,1,0.911602,0.0119348
463,1,0.911793,0.0119105
464,1,0.911983,0.0118863
465,1,0.912172,0.0118623
466,1,0.912361,0.0118383
467,1,0.912548,0.0118144
468,1,0.912735,0.0117906
469,1,0.912921,0.0117669
470,1,0.913106,0.0117433
471,1,0.913291,0.0117198
472,1,0.913475,0.0116964
473,1,0.913658,0.0116731
474,1,0.91384,0.0116498
475,1,0.914021,0.0116267
476,1,0.914202,0.0116037
477,1,0.914382,0.0115807
478,1,0.914561,0.0115578
479,1,0.914739,0.0115351
480,1,0.914917,0.0115124
481,1,0.915094,0.0114898
482,1,0.91527,0.0114673
483,1,0.915445,0.0114448
484,1,0.91562,0.0114225
485,1,0.915794,0.0114003
486,1,0.915967,0.0113781
487,1,0.91614,0.011356
488,1,0.916311,0.011334
489,1,0.916483,0.0113121
490,1,0.916653,0.0112903
491,1,0.916823,0.0112686
492,1,0.916992,0.0112469
493,1,0.91716,0.0112253
494,1,0.917328,0.0112038
495,1,0.917495,0.0111824
496,1,0.917661,0.0111611
497,1,0.917827,0.0111399
498,1,0.917992,0.0111187
499,1,0.918156,0.0110976
500,1,0.91832,0.0110766
501,1,0.918483,0.0110557
502,1,0.918645,0.0110348
503,1,0.918807,0.011014
504,1,0.918968,0.0109933
505,1,0.919129,0.0109727
506,1,0.919289,0.0109522
507,1,0.919448,0.0109317
508,1,0.919606,0.0109113
509,1,0.919764,0.010891
510,1,0.919922,0.0108708
511,1,0.920078,0.0108506
512,1,0.920234,0.0108305
513,1,0.92039,0.0108105
514,1,0.920545,0.0107906
515,1,0.920699,0.0107707
516,1,0.920853,0.0107509
517,1,0.921006,0.0107312
518,1,0.921158,0.0107115
519,1,0.92131,0.010692
520,1,0.921462,0.0106725
521,1,0.921612,0.010653
522,1,0.921762,0.0106337
523,1,0.921912,0.0106144
524,1,0.922061,0.0105951
525,1,0.92221,0.010576
526,1,0.922357,0.0105569
527,1,0.922505,0.0105379
528,1,0.922652,0.0105189
529,1,0.922798,0.0105
530,1,0.922943,0.0104812
531,1,0.923089,0.0104625
532,1,0.923233,0.0104438
533,1,0.923377,0.0104251
534,1,0.923521,0.0104066
535,1,0.923664,0.0103881
536,1,0.923806,0.0103697
537,1,0.923948,0.0103513
538,1,0.924089,0.010333
539,1,0.92423,0.0103148
540,1,0.92437,0.0102967
541,1,0.92451,0.0102786
542,1,0.924649,0.0102605
543,1,0.924788,0.0102425
544,0.92,0.924779,0.0102237
545,0.8,0.92455,0.0102075
546,0.8,0.924322,0.0101913
547,0.76,0.924022,0.0101771
548,0.64,0.923504,0.0101717
549,0.8,0.923279,0.0101557
550,0.64,0.922764,0.0101503
551,0.76,0.922468,0.0101362
552,0.88,0.922391,0.0101181
553,1,0.922532,0.0101007
554,1,0.922671,0.0100834
555,1,0.922811,0.0100662
556,1,0.92295,0.0100491
557,1,0.923088,0.010032
558,1,0.923226,0.0100149
559,1,0.923363,0.00999793
560,1,0.9235,0.009981
561,1,0.923636,0.00996412
562,1,0.923772,0.00994731
563,1,0.923908,0.00993054
564,1,0.924043,0.00991384
565,1,0.924177,0.00989719
566,1,0.924311,0.0098806
567,1,0.924444,0.00986406
568,1,0.924577,0.00984758
569,1,0.92471,0.00983115
570,1,0.924842,0.00981477
571,1,0.924974,0.00979845
572,1,0.925105,0.00978219
573,1,0.925236,0.00976598
574,1,0.925366,0.00974982
575,1,0.925496,0.00973371
576,1,0.925625,0.00971766
577,1,0.925754,0.00970166
578,1,0.925882,0.00968571
579,1,0.92601,0.00966982
580,1,0.926138,0.00965397
581,1,0.926265,0.00963818
582,1,0.926392,0.00962244
583,1,0.926518,0.00960675
584,1,0.926644,0.00959111
585,1,0.926769,0.00957552
586,1,0.926894,0.00955999
587,1,0.927019,0.0095445
588,1,0.927143,0.00952906
589,1,0.927267,0.00951367
590,1,0.92739,0.00949833
591,1,0.927513,0.00948304
592,1,0.927635,0.0094678
593,1,0.927757,0.00945261
594,1,0.927879,0.00943747
595,1,0.928,0.00942237
596,1,0.928121,0.00940733
597,1,0.928241,0.00939233
598,1,0.928361,0.00937738
599,1,0.928481,0.00936247
600,1,0.9286,0.00934762
601,1,0.928719,0.00933281
602,1,0.928837,0.00931804
603,1,0.928955,0.00930332
604,1,0.929073,0.00928865
605,1,0.92919,0.00927403
606,1,0.929307,0.00925945
607,1,0.929423,0.00924492
608,1,0.929539,0.00923043
609,1,0.929655,0.00921599
610,1,0.92977,0.00920159
611,1,0.929885,0.00918723
612,1,0.93,0.00917293
613,1,0.930114,0.00915866
614,1,0.930228,0.00914444
615,1,0.930341,0.00913027
616,1,0.930455,0.00911613
617,1,0.930567,0.00910204
618,1,0.93068,0.009088
619,1,0.930792,0.009074
620,1,0.930903,0.00906004
621,1,0.931014,0.00904612
622,1,0.931125,0.00903224
623,1,0.931236,0.00901841
624,1,0.931346,0.00900462
625,1,0.931456,0.00899088
626,1,0.931565,0.00897717
627,1,0.931675,0.0089635
628,1,0.931783,0.00894988
629,1,0.931892,0.0089363
630,1,0.932,0.00892276
631,1,0.932108,0.00890926
632,1,0.932215,0.0088958
633,1,0.932322,0.00888238
634,1,0.932429,0.008869
635,1,0.932535,0.00885566
636,1,0.932642,0.00884236
637,1,0.932747,0.0088291
638,1,0.932853,0.00881589
639,1,0.932958,0.00880271
640,1,0.933062,0.00878956
641,1,0.933167,0.00877646
642,1,0.933271,0.0087634
643,1,0.933375,0.00875038
644,1,0.933478,0.00873739
645,1,0.933581,0.00872444
646,1,0.933684,0.00871153
647,1,0.933787,0.00869866
648,1,0.933889,0.00868583
649,1,0.933991,0.00867303
650,1,0.934092,0.00866028
651,1,0.934194,0.00864756
652,1,0.934294,0.00863487
653,1,0.934395,0.00862223
654,1,0.934495,0.00860962
655,1,0.934595,0.00859704
656,1,0.934695,0.00858451
657,1,0.934795,0.00857201
658,1,0.934894,0.00855954
659,1,0.934992,0.00854712
660,1,0.935091,0.00853472
661,0.92,0.935068,0.00852183
662,0.92,0.935045,0.00850898
663,1,0.935143,0.0084967
664,1,0.935241,0.00848446
665,1,0.935338,0.00847225
666,1,0.935435,0.00846008
667,1,0.935532,0.00844794
668,1,0.935629,0.00843583
669,1,0.935725,0.00842376
670,1,0.935821,0.00841173
671,1,0.935917,0.00839973
672,1,0.936012,0.00838776
673,1,0.936107,0.00837583
674,1,0.936202,0.00836393
675,1,0.936296,0.00835206
676,1,0.936391,0.00834023
677,1,0.936484,0.00832843
678,1,0.936578,0.00831667
679,1,0.936672,0.00830494
680,1,0.936765,0.00829324
681,1,0.936858,0.00828157
682,1,0.93695,0.00826994
683,1,0.937042,0.00825834
684,1,0.937135,0.00824677
685,0.96,0.937168,0.00823479
686,1,0.937259,0.00822328
687,1,0.937351,0.00821181
688,1,0.937442,0.00820038
689,1,0.937533,0.00818897
690,1,0.937623,0.00817759
691,1,0.937713,0.00816625
692,1,0.937803,0.00815494
693,1,0.937893,0.00814365
694,1,0.937983,0.0081324
695,1,0.938072,0.00812118
696,1,0.938161,0.00811
697,1,0.93825,0.00809884
698,1,0.938338,0.00808771
699,1,0.938426,0.00807661
700,1,0.938514,0.00806555
701,1,0.938602,0.00805451
702,1,0.938689,0.0080435
703,1,0.938777,0.00803253
704,1,0.938864,0.00802158
705,1,0.93895,0.00801066
706,1,0.939037,0.00799978
707,1,0.939123,0.00798892
708,1,0.939209,0.00797809
709,1,0.939295,0.00796729
710,1,0.93938,0.00795652
711,1,0.939466,0.00794578
712,0.96,0.939494,0.00793467
713,0.96,0.939523,0.00792358
714,1,0.939608,0.00791293
715,1,0.939692,0.00790231
716,1,0.939777,0.00789171
717,1,0.939861,0.00788114
718,1,0.939944,0.00787061
719,1,0.940028,0.0078601
720,1,0.940111,0.00784961
721,1,0.940194,0.00783916
722,1,0.940277,0.00782873
723,1,0.94036,0.00781833
724,1,0.940442,0.00780796
725,1,0.940524,0.00779762
726,1,0.940606,0.0077873
727,1,0.940688,0.00777701
728,1,0.940769,0.00776675
729,1,0.94085,0.00775651
730,1,0.940932,0.0077463
731,1,0.941012,0.00773612
732,1,0.941093,0.00772596
733,1,0.941173,0.00771584
734,1,0.941253,0.00770573
735,1,0.941333,0.00769566
736,1,0.941413,0.00768561
737,1,0.941493,0.00767558
738,1,0.941572,0.00766559
739,1,0.941651,0.00765561
740,1,0.94173,0.00764567
741,1,0.941808,0.00763575
742,1,0.941887,0.00762585
743,1,0.941965,0.00761599
744,1,0.942043,0.00760614
745,1,0.942121,0.00759632
746,1,0.942198,0.00758653
747,1,0.942276,0.00757676
748,1,0.942353,0.00756702
749,1,0.94243,0.0075573
750,1,0.942507,0.00754761
751,1,0.942583,0.00753794
752,1,0.94266,0.0075283
753,1,0.942736,0.00751868
754,1,0.942812,0.00750909
755,1,0.942887,0.00749952
756,1,0.942963,0.00748997
757,1,0.943038,0.00748045
758,1,0.943113,0.00747095
759,1,0.943188,0.00746148
760,1,0.943263,0.00745203
761,1,0.943338,0.0074426
762,1,0.943412,0.0074332
763,1,0.943486,0.00742382
764,1,0.94356,0.00741447
765,1,0.943634,0.00740514
766,0.96,0.943655,0.0073955
767,1,0.943729,0.00738621
768,1,0.943802,0.00737695
769,1,0.943875,0.00736772
770,1,0.943948,0.0073585
771,1,0.944021,0.00734931
772,1,0.944093,0.00734014
773,1,0.944166,0.007331
774,1,0.944238,0.00732188
775,1,0.94431,0.00731278
776,1,0.944381,0.0073037
777,1,0.944453,0.00729465
778,1,0.944524,0.00728561
779,1,0.944596,0.0072766
780,1,0.944667,0.00726762
781,1,0.944738,0.00725865
782,1,0.944808,0.00724971
783,1,0.944879,0.00724078
784,1,0.944949,0.00723188
785,1,0.945019,0.00722301
786,1,0.945089,0.00721415
787,1,0.945159,0.00720532
788,1,0.945228,0.0071965
789,0.96,0.945247,0.0071874
790,0.96,0.945266,0.00717832
791,1,0.945335,0.00716957
792,1,0.945404,0.00716085
793,1,0.945473,0.00715214
794,1,0.945542,0.00714346
795,1,0.94561,0.0071348
796,1,0.945678,0.00712616
797,1,0.945747,0.00711754
798,1,0.945815,0.00710894
799,1,0.945882,0.00710036
800,1,0.94595,0.0070918
801,1,0.946017,0.00708326
802,1,0.946085,0.00707474
803,1,0.946152,0.00706625
804,1,0.946219,0.00705777
805,1,0.946286,0.00704931
806,1,0.946352,0.00704088
807,1,0.946419,0.00703246
808,1,0.946485,0.00702407
809,1,0.946551,0.00701569
810,1,0.946617,0.00700733
811,1,0.946683,0.006999
812,1,0.946749,0.00699068
813,1,0.946814,0.00698239
814,1,0.94688,0.00697411
815,1,0.946945,0.00696585
816,1,0.94701,0.00695761
817,1,0.947075,0.00694939
818,1,0.947139,0.00694119
819,1,0.947204,0.00693301
820,1,0.947268,0.00692485
821,1,0.947333,0.00691671
822,1,0.947397,0.00690859
823,1,0.947461,0.00690049
824,1,0.947524,0.0068924
825,1,0.947588,0.00688434
826,1,0.947651,0.00687629
827,1,0.947715,0.00686826
828,1,0.947778,0.00686025
829,1,0.947841,0.00685226
830,1,0.947904,0.00684429
831,1,0.947966,0.00683634
832,1,0.948029,0.0068284
833,1,0.948091,0.00682048
834,1,0.948153,0.00681258
835,1,0.948216,0.0068047
836,1,0.948278,0.00679684
837,1,0.948339,0.006789
838,1,0.948401,0.00678117
839,1,0.948462,0.00677336
840,1,0.948524,0.00676557
841,1,0.948585,0.0067578
842,1,0.948646,0.00675005
843,1,0.948707,0.00674231
844,1,0.948768,0.00673459
845,1,0.948828,0.00672689
846,1,0.948889,0.00671921
847,1,0.948949,0.00671154
848,1,0.949009,0.00670389
849,1,0.949069,0.00669626
850,1,0.949129,0.00668864
851,1,0.949189,0.00668105
852,1,0.949249,0.00667347
853,1,0.949308,0.00666591
854,1,0.949368,0.00665836
855,1,0.949427,0.00665083
856,1,0.949486,0.00664332
857,1,0.949545,0.00663583
858,1,0.949604,0.00662835
859,1,0.949662,0.00662089
860,1,0.949721,0.00661344
861,1,0.949779,0.00660602
862,1,0.949838,0.0065986
863,1,0.949896,0.00659121
864,1,0.949954,0.00658383
865,1,0.950012,0.00657647
866,1,0.950069,0.00656913
867,1,0.950127,0.0065618
868,1,0.950184,0.00655449
869,1,0.950242,0.00654719
870,1,0.950299,0.00653991
871,1,0.950356,0.00653265
872,1,0.950413,0.0065254
873,1,0.95047,0.00651817
874,1,0.950526,0.00651095
875,1,0.950583,0.00650375
876,1,0.950639,0.00649657
877,1,0.950696,0.0064894
878,1,0.950752,0.00648225
879,1,0.950808,0.00647511
880,1,0.950864,0.00646799
881,1,0.950919,0.00646089
882,1,0.950975,0.0064538
883,1,0.951031,0.00644672
884,1,0.951086,0.00643966
885,1,0.951141,0.00643262
886,1,0.951196,0.00642559
887,1,0.951251,0.00641858
888,1,0.951306,0.00641158
889,1,0.951361,0.0064046
890,1,0.951416,0.00639764
891,1,0.95147,0.00639068
892,1,0.951525,0.00638375
893,1,0.951579,0.00637683
894,1,0.951633,0.00636992
895,1,0.951687,0.00636303
896,1,0.951741,0.00635615
897,1,0.951795,0.00634929
898,1,0.951849,0.00634244
899,1,0.951902,0.00633561
900,1,0.951956,0.00632879
901,1,0.952009,0.00632199
902,1,0.952062,0.0063152
903,1,0.952115,0.00630842
904,1,0.952168,0.00630166
905,1,0.952221,0.00629492
906,1,0.952274,0.00628819
907,1,0.952326,0.00628147
908,1,0.952379,0.00627477
909,1,0.952431,0.00626808
910,1,0.952484,0.00626141
911,1,0.952536,0.00625475
912,1,0.952588,0.0062481
913,1,0.95264,0.00624147
914,1,0.952691,0.00623486
915,1,0.952743,0.00622825
916,1,0.952795,0.00622166
917,1,0.952846,0.00621509
918,1,0.952898,0.00620853
919,1,0.952949,0.00620198
920,1,0.953,0.00619545
921,1,0.953051,0.00618893
922,1,0.953102,0.00618242
923,1,0.953153,0.00617593
924,1,0.953203,0.00616945
925,1,0.953254,0.00616298
926,1,0.953305,0.00615653
927,1,0.953355,0.00615009
928,1,0.953405,0.00614367
929,1,0.953455,0.00613725
930,1,0.953505,0.00613086
931,1,0.953555,0.00612447
932,1,0.953605,0.0061181
933,1,0.953655,0.00611174
934,1,0.953704,0.00610539
935,1,0.953754,0.00609906
936,1,0.953803,0.00609274
937,1,0.953853,0.00608644
938,1,0.953902,0.00608014
939,1,0.953951,0.00607386
940,1,0.954,0.0060676
941,1,0.954049,0.00606134
942,1,0.954098,0.0060551
943,1,0.954146,0.00604887
944,1,0.954195,0.00604266
945,1,0.954243,0.00603645
946,1,0.954292,0.00603026
947,1,0.95434,0.00602408
948,1,0.954388,0.00601792
949,1,0.954436,0.00601177
950,1,0.954484,0.00600563
951,1,0.954532,0.0059995
952,1,0.95458,0.00599338
953,1,0.954627,0.00598728
954,1,0.954675,0.00598119
955,1,0.954723,0.00597511
956,1,0.95477,0.00596905
957,1,0.954817,0.00596299
958,1,0.954864,0.00595695
959,1,0.954911,0.00595092
960,1,0.954958,0.00594491
961,1,0.955005,0.0059389
962,1,0.955052,0.00593291
963,1,0.955099,0.00592693
964,1,0.955145,0.00592096
965,1,0.955192,0.00591501
966,1,0.955238,0.00590906
967,1,0.955284,0.00590313
968,1,0.955331,0.00589721
969,1,0.955377,0.0058913
970,1,0.955423,0.0058854
971,1,0.955469,0.00587952
972,1,0.955514,0.00587365
973,1,0.95556,0.00586778
974,1,0.955606,0.00586193
975,1,0.955651,0.0058561
976,1,0.955697,0.00585027
977,1,0.955742,0.00584445
978,1,0.955787,0.00583865
979,1,0.955832,0.00583286
980,1,0.955878,0.00582708
981,1,0.955923,0.00582131
982,1,0.955967,0.00581555
983,1,0.956012,0.0058098
984,1,0.956057,0.00580407
985,1,0.956102,0.00579835
986,1,0.956146,0.00579263
987,1,0.95619,0.00578693
988,1,0.956235,0.00578124
989,1,0.956279,0.00577556
990,1,0.956323,0.00576989
991,1,0.956367,0.00576424
992,1,0.956411,0.00575859
993,1,0.956455,0.00575296
994,1,0.956499,0.00574733
995,1,0.956543,0.00574172
996,1,0.956586,0.00573612
997,1,0.95663,0.00573053
998,1,0.956673,0.00572495
999,1,0.956717,0.00571938
1000,1,0.95676,0.00571382
