1,-0.36,-0.36,0
2,-0.32,-0.34,0.02
3,-0.12,-0.266667,0.0742369
4,0,-0.2,0.0848528
5,-0.08,-0.176,0.0699714
6,0.12,-0.126667,0.0754836
7,-0.08,-0.12,0.0641427
8,0,-0.105,0.0575388
9,0,-0.0933333,0.0520683
10,-0.12,-0.096,0.0466476
11,-0.04,-0.0909091,0.0425004
12,0.12,-0.0733333,0.0425927
13,-0.12,-0.0769231,0.0393437
14,-0.24,-0.0885714,0.0382424
15,-0.28,-0.101333,0.03782
16,0.04,-0.0925,0.0364635
17,-0.04,-0.0894118,0.0343904
18,-0.56,-0.115556,0.0416508
19,-0.52,-0.136842,0.0447805
20,-0.36,-0.148,0.0439234
21,0.08,-0.137143,0.0431671
22,0.12,-0.125455,0.0427857
23,-0.08,-0.123478,0.0409309
24,0.12,-0.113333,0.0404802
25,0.12,-0.104,0.0399333
26,0,-0.1,0.0385746
27,-0.04,-0.0977778,0.0371849
28,0.08,-0.0914286,0.0363904
29,0.12,-0.0841379,0.0358621
30,0,-0.0813333,0.0347594
31,0.04,-0.0774194,0.0338465
32,0.12,-0.07125,0.0333474
33,-0.08,-0.0715152,0.0323221
34,-0.12,-0.0729412,0.0313895
35,-0.16,-0.0754286,0.0305808
36,-0.12,-0.0766667,0.0297449
37,0.08,-0.0724324,0.0292381
38,0.2,-0.0652632,0.0293474
39,0.08,-0.0615385,0.0288267
40,0.24,-0.054,0.0290905
41,0.32,-0.044878,0.0298024
42,0.16,-0.04,0.0294904
43,0.2,-0.0344186,0.0293324
44,0.2,-0.0290909,0.029149
45,0.32,-0.0213333,0.029531
46,0.04,-0.02,0.0289127
47,0.04,-0.0187234,0.0283196
48,0.12,-0.0158333,0.0278736
49,0.08,-0.0138776,0.0273688
50,0.12,-0.0112,0.0269491
51,0.24,-0.00627451,0.0268707
52,0.2,-0.00230769,0.0266458
53,0.28,0.00301887,0.0266755
54,0,0.00296296,0.0261769
55,-0.4,-0.00436364,0.0267206
56,-0.24,-0.00857143,0.0265744
57,-0.36,-0.0147368,0.0268222
58,-0.04,-0.0151724,0.0263593
59,-0.36,-0.0210169,0.0265597
60,0,-0.0206667,0.0261156
61,-0.08,-0.0216393,0.0257024
62,0.28,-0.0167742,0.0257482
63,0.2,-0.0133333,0.0255688
64,0.24,-0.009375,0.0254755
65,0.4,-0.00307692,0.0258592
66,0.16,-0.000606061,0.025584
67,0.36,0.00477612,0.0257676
68,0.08,0.00588235,0.0254099
69,0.04,0.00637681,0.0250438
70,-0.16,0.004,0.0247976
71,-0.04,0.00338028,0.0244537
72,0.04,0.00388889,0.0241171
73,-0.04,0.00328767,0.023792
74,-0.04,0.0027027,0.0234756
75,-0.12,0.00106667,0.0232182
76,-0.16,-0.00105263,0.0230084
77,0,-0.00103896,0.0227077
78,0.04,-0.000512821,0.0224208
79,0.12,0.00101266,0.0221877
80,0.04,0.0015,0.021914
81,0.24,0.00444444,0.0218412
82,0.28,0.00780488,0.0218333
83,0.44,0.013012,0.0221883
84,0.32,0.0166667,0.0222251
85,-0.04,0.016,0.0219722
86,-0.04,0.0153488,0.021725
87,0.2,0.0174713,0.0215785
88,0.2,0.0195455,0.0214324
89,0.08,0.0202247,0.0212011
90,0.36,0.024,0.0213015
91,0.16,0.0254945,0.021119
92,0.2,0.0273913,0.0209742
93,0.36,0.0309677,0.0210534
94,0.28,0.033617,0.020996
95,0.24,0.0357895,0.0208871
96,0.16,0.0370833,0.0207089
97,0.04,0.0371134,0.0204943
98,0,0.0367347,0.0202876
99,-0.04,0.0359596,0.0200966
100,0.04,0.036,0.0198947
101,0.04,0.0360396,0.0196968
102,0.24,0.0380392,0.0196049
103,0.12,0.038835,0.01943
104,0,0.0384615,0.0192458
105,0.04,0.0384762,0.0190617
106,-0.04,0.0377358,0.0188955
107,-0.04,0.0370093,0.0187322
108,0.12,0.0377778,0.0185738
109,0.32,0.040367,0.0185839
110,0.24,0.0421818,0.0185034
111,0.32,0.0446847,0.018506
112,0,0.0442857,0.0183443
113,-0.04,0.0435398,0.0181965
114,-0.16,0.0417544,0.0181244
115,-0.12,0.0403478,0.0180211
116,0.2,0.0417241,0.017918
117,0.28,0.0437607,0.0178805
118,-0.12,0.0423729,0.0177826
119,0.08,0.0426891,0.0176353
120,0.2,0.044,0.0175368
121,0.4,0.0469421,0.0176384
122,0.04,0.0468852,0.0174933
123,-0.12,0.0455285,0.0174035
124,0.08,0.0458065,0.0172648
125,0.24,0.04736,0.0171965
126,0.28,0.0492063,0.0171591
127,0.32,0.0513386,0.0171564
128,0.36,0.05375,0.0171918
129,0.28,0.0555039,0.017148
130,0.04,0.0553846,0.017016
131,0.24,0.0567939,0.0169443
132,0.16,0.0575758,0.0168336
133,0.08,0.0577444,0.0167074
134,0.24,0.0591045,0.0166379
135,0.12,0.0595556,0.0165204
136,-0.08,0.0585294,0.0164305
137,0,0.0581022,0.0163157
138,0.16,0.0588406,0.0162139
139,0,0.0584173,0.0161024
140,0.12,0.0588571,0.015993
141,0.28,0.0604255,0.0159565
142,0.36,0.0625352,0.0159835
143,0.32,0.0643357,0.0159732
144,0.28,0.0658333,0.0159324
145,0.48,0.0686897,0.0160779
146,0.56,0.0720548,0.0163181
147,0.4,0.0742857,0.0163596
148,0.52,0.0772973,0.0165254
149,0.36,0.0791946,0.0165234
150,0.32,0.0808,0.0164912
151,0.64,0.0845033,0.016795
152,0.36,0.0863158,0.0167823
153,0.44,0.0886275,0.0168318
154,0.24,0.0896104,0.016751
155,0.36,0.0913548,0.0167337
156,0.08,0.0912821,0.0166263
157,0.32,0.0927389,0.0165841
158,0.28,0.0939241,0.0165214
159,0.12,0.0940881,0.016418
160,0.24,0.095,0.0163405
161,0.28,0.0961491,0.0162793
162,0.2,0.0967901,0.0161912
163,0.32,0.0981595,0.0161497
164,0.24,0.0990244,0.0160742
165,0.04,0.0986667,0.0159805
166,-0.04,0.0978313,0.0159059
167,-0.12,0.0965269,0.0158641
168,0.04,0.0961905,0.015773
169,0.2,0.0968047,0.0156914
170,0.04,0.0964706,0.0156024
171,0.16,0.0968421,0.0155153
172,0.16,0.0972093,0.0154292
173,0.24,0.0980347,0.015362
174,0.24,0.0988506,0.0152952
175,0.2,0.0994286,0.0152185
176,0.12,0.0995455,0.0151323
177,-0.12,0.0983051,0.0150976
178,-0.12,0.0970787,0.0150625
179,-0.2,0.095419,0.0150698
180,-0.08,0.0944444,0.0150175
181,-0.28,0.0923757,0.0150769
182,-0.24,0.0905495,0.0151047
183,-0.08,0.0896175,0.0150508
184,-0.32,0.0873913,0.0151334
185,-0.08,0.0864865,0.0150785
186,-0.2,0.0849462,0.0150761
187,-0.12,0.0838503,0.0150353
188,-0.32,0.0817021,0.0151086
189,-0.68,0.077672,0.0155595
190,-0.52,0.0745263,0.0157938
191,-0.36,0.0722513,0.0158747
192,-0.4,0.0697917,0.0159822
193,-0.28,0.0679793,0.0160022
194,0.12,0.0682474,0.0159217
195,0.28,0.0693333,0.015877
196,0.28,0.0704082,0.0158324
197,0.04,0.0702538,0.0157525
198,-0.04,0.069697,0.0156827
199,-0.12,0.0687437,0.0156328
200,-0.04,0.0682,0.0155639
201,-0.28,0.0664677,0.0155829
202,0,0.0661386,0.015509
203,-0.16,0.0650246,0.0154726
204,-0.08,0.0643137,0.015413
205,0.08,0.0643902,0.0153378
206,-0.08,0.0636893,0.0152792
207,-0.36,0.0616425,0.0153424
208,-0.16,0.0605769,0.0153056
209,-0.12,0.0597129,0.0152567
210,0,0.0594286,0.0151865
211,-0.12,0.0585782,0.0151383
212,0.2,0.0592453,0.0150814
213,0.44,0.0610329,0.0151165
214,0.36,0.0624299,0.0151104
215,0.48,0.0643721,0.0151649
216,0.2,0.065,0.0151076
217,0.2,0.0656221,0.0150506
218,0.48,0.0675229,0.0151016
219,0.4,0.0690411,0.0151089
220,0.08,0.0690909,0.0150402
221,0.28,0.0700452,0.0150023
222,-0.04,0.0695495,0.0149428
223,0.08,0.0695964,0.0148757
224,0.24,0.0703571,0.0148287
225,0.08,0.0704,0.0147627
226,-0.04,0.0699115,0.0147054
227,0,0.0696035,0.0146437
228,0,0.0692982,0.0145825
229,0.08,0.069345,0.0145188
230,0.36,0.0706087,0.0145106
231,0.44,0.0722078,0.0145359
232,0.48,0.0739655,0.0145795
233,0.24,0.0746781,0.0145342
234,0.28,0.0755556,0.0144986
235,0.32,0.0765957,0.0144742
236,0.24,0.0772881,0.0144293
237,0.04,0.0771308,0.0143692
238,-0.28,0.0756303,0.0143871
239,-0.16,0.0746444,0.0143607
240,0,0.0743333,0.0143041
241,0,0.0740249,0.014248
242,-0.12,0.0732231,0.0142116
243,-0.44,0.0711111,0.0143097
244,0.04,0.0709836,0.0142515
245,0.08,0.0710204,0.0141933
246,0.04,0.0708943,0.014136
247,0.12,0.0710931,0.0140801
248,0.12,0.0712903,0.0140246
249,0.16,0.0716466,0.0139727
250,0.24,0.07232,0.013933
251,0.2,0.0728287,0.0138867
252,0.48,0.0744444,0.0139255
253,0.52,0.0762055,0.0139817
254,0.4,0.0774803,0.0139848
255,0.28,0.0782745,0.0139525
256,0,0.0779687,0.0139012
257,0,0.0776654,0.0138503
258,0.04,0.0775194,0.0137973
259,0,0.0772201,0.0137472
260,0,0.0769231,0.0136974
261,0.12,0.0770881,0.0136459
262,0.2,0.0775573,0.0136018
263,0.16,0.0778707,0.0135536
264,0.24,0.0784848,0.0135161
265,-0.24,0.077283,0.0135185
266,-0.32,0.0757895,0.0135502
267,0,0.0755056,0.0135023
268,0.2,0.0759701,0.0134599
269,0.24,0.0765799,0.0134236
270,0.28,0.0773333,0.013395
271,0.32,0.0782288,0.0133755
272,0.52,0.0798529,0.0134248
273,0.6,0.0817582,0.0135106
274,0.36,0.0827737,0.0134994
275,0.2,0.0832,0.013457
276,-0.04,0.0827536,0.0134156
277,-0.08,0.0821661,0.01338
278,0.16,0.082446,0.0133347
279,0.32,0.0832975,0.0133141
280,0.16,0.0835714,0.0132693
281,0.12,0.0837011,0.0132226
282,0.28,0.0843972,0.013194
283,0.48,0.0857951,0.0132214
284,0.16,0.0860563,0.0131773
285,0.12,0.0861754,0.0131316
286,0.16,0.0864336,0.0130881
287,0.16,0.0866899,0.013045
288,0.36,0.0876389,0.0130342
289,0.16,0.0878893,0.0129914
290,0.28,0.0885517,0.0129635
291,-0.04,0.08811,0.0129264
292,-0.16,0.0872603,0.01291
293,-0.44,0.0854608,0.0129911
294,-0.32,0.0840816,0.0130201
295,0.04,0.0839322,0.0129768
296,0.04,0.0837838,0.0129337
297,0.16,0.0840404,0.0128926
298,0.08,0.0840268,0.0128493
299,-0.12,0.0833445,0.0128244
300,-0.08,0.0828,0.0127932
301,0.16,0.0830565,0.0127532
302,-0.12,0.0823841,0.0127287
303,-0.24,0.0813201,0.0127311
304,-0.16,0.0805263,0.012714
305,-0.12,0.0798689,0.0126893
306,-0.28,0.0786928,0.0127023
307,-0.16,0.0779153,0.0126847
308,0.04,0.0777922,0.0126441
309,0.04,0.0776699,0.0126037
310,-0.2,0.0767742,0.0125948
311,-0.04,0.0763987,0.0125599
312,-0.04,0.0760256,0.0125251
313,0.08,0.0760383,0.0124851
314,0.2,0.0764331,0.0124515
315,0.28,0.0770794,0.0124287
316,0.16,0.0773418,0.0123921
317,-0.04,0.0769716,0.0123585
318,0.12,0.0771069,0.0123203
319,0,0.0768652,0.012284
320,0,0.076625,0.0122479
321,0.24,0.077134,0.0122203
322,0.24,0.0776398,0.0121928
323,0.28,0.0782663,0.0121711
324,0.08,0.0782716,0.0121335
325,0.24,0.0787692,0.0121063
326,0.08,0.078773,0.0120691
327,0.2,0.0791437,0.0120379
328,0.12,0.0792683,0.0120018
329,0.24,0.0797568,0.0119752
330,0.36,0.0806061,0.011969
331,0,0.0803625,0.0119353
332,0.12,0.0804819,0.0118999
333,0.04,0.0803604,0.0118647
334,-0.08,0.0798802,0.0118389
335,0.28,0.0804776,0.0118186
336,0.24,0.0809524,0.0117929
337,0.2,0.0813056,0.0117632
338,-0.04,0.0809467,0.0117338
339,0.12,0.0810619,0.0116997
340,-0.12,0.0804706,0.0116803
341,0,0.0802346,0.0116483
342,0.04,0.080117,0.0116148
343,-0.2,0.0793003,0.0116097
344,0,0.0790698,0.0115782
345,0.04,0.0789565,0.0115451
346,-0.12,0.0783815,0.0115261
347,-0.04,0.0780403,0.0114979
348,0.04,0.077931,0.0114653
349,-0.12,0.0773639,0.0114464
350,0.16,0.0776,0.0114161
351,0.36,0.0784046,0.011412
352,0.16,0.0786364,0.0113819
353,0.08,0.0786402,0.0113496
354,0.28,0.079209,0.0113317
355,-0.08,0.0787606,0.0113087
356,0.32,0.0794382,0.0112972
357,0.44,0.0804482,0.0113107
358,0,0.0802235,0.0112813
359,0.2,0.0805571,0.0112548
360,0.04,0.0804444,0.011224
361,0.16,0.0806648,0.0111951
362,0.2,0.0809945,0.011169
363,-0.08,0.080551,0.011147
364,-0.24,0.0796703,0.0111511
365,-0.44,0.0782466,0.0112113
366,-0.32,0.0771585,0.0112335
367,-0.28,0.0761853,0.011245
368,-0.24,0.0753261,0.0112473
369,-0.6,0.0734959,0.0113651
370,-0.32,0.0724324,0.0113841
371,-0.4,0.071159,0.0114246
372,-0.48,0.0696774,0.0114897
373,-0.4,0.0684182,0.0115279
374,-0.56,0.066738,0.0116192
375,-0.08,0.0663467,0.0115947
376,-0.12,0.0658511,0.0115745
377,0,0.0656764,0.011545
378,-0.16,0.0650794,0.0115299
379,-0.2,0.0643799,0.0115207
380,-0.08,0.064,0.0114966
381,0.4,0.0648819,0.0115003
382,0.08,0.0649215,0.0114702
383,0.2,0.0652742,0.0114457
384,0.16,0.0655208,0.0114185
385,0.44,0.0664935,0.0114302
386,0.12,0.0666321,0.0114014
387,-0.08,0.0662532,0.0113782
388,0.08,0.0662887,0.0113489
389,0.12,0.0664267,0.0113206
390,-0.08,0.0660513,0.0112977
391,-0.04,0.0657801,0.0112721
392,0.08,0.0658163,0.0112433
393,0.2,0.0661578,0.0112199
394,0.36,0.0669036,0.0112162
395,0.52,0.0680506,0.0112464
396,0.24,0.0684848,0.0112264
397,0,0.0683123,0.0111994
398,0,0.0681407,0.0111725
399,0,0.0679699,0.0111458
400,0.08,0.068,0.011118
401,0.04,0.0679302,0.0110904
402,-0.12,0.0674627,0.0110727
403,-0.28,0.0666005,0.0110788
404,-0.2,0.0659406,0.011071
405,-0.36,0.0648889,0.0110936
406,-0.44,0.0636453,0.0111359
407,-0.44,0.0624079,0.0111772
408,0,0.0622549,0.0111508
409,-0.4,0.0611247,0.0111808
410,-0.2,0.0604878,0.0111717
411,-0.24,0.0597567,0.0111684
412,-0.28,0.058932,0.0111717
413,-0.24,0.0582082,0.0111681
414,-0.16,0.0576812,0.0111536
415,-0.32,0.0567711,0.0111638
416,-0.16,0.05625,0.0111491
417,-0.32,0.0553477,0.0111589
418,-0.24,0.0546411,0.0111546
419,-0.16,0.0541289,0.0111397
420,0.04,0.0540952,0.0111132
421,0.12,0.0542518,0.0110879
422,0,0.0541232,0.0110623
423,-0.12,0.0537116,0.0110438
424,-0.04,0.0534906,0.01102
425,0,0.0533647,0.0109947
426,-0.04,0.0531455,0.0109711
427,-0.04,0.0529274,0.0109475
428,-0.12,0.0525234,0.0109294
429,0.28,0.0530536,0.0109168
430,0.12,0.0532093,0.0108925
431,0.28,0.0537355,0.0108799
432,0.2,0.0540741,0.01086
433,0.2,0.0544111,0.0108401
434,0,0.0542857,0.0108158
435,-0.04,0.054069,0.0107931
436,0.08,0.0541284,0.0107685
437,0.04,0.0540961,0.0107438
438,0.12,0.0542466,0.0107203
439,0.04,0.0542141,0.0106959
440,-0.08,0.0539091,0.010676
441,-0.28,0.0531519,0.0106786
442,-0.28,0.0523982,0.0106811
443,-0.08,0.0520993,0.0106611
444,0.04,0.0520721,0.0106371
445,0.32,0.0526742,0.0106302
446,0.6,0.0539013,0.0106771
447,0.4,0.0546756,0.0106813
448,0,0.0545536,0.0106581
449,-0.08,0.0542539,0.0106386
450,0.08,0.0543111,0.0106151
451,0.12,0.0544568,0.0105925
452,0.04,0.0544248,0.0105691
453,0.24,0.0548344,0.0105537
454,0.16,0.0550661,0.010533
455,0.2,0.0553846,0.0105146
456,0.04,0.0553509,0.0104916
457,0.48,0.0562801,0.0105098
458,0.64,0.0575546,0.010564
459,0.4,0.0583007,0.0105673
460,-0.16,0.0578261,0.010555
461,-0.16,0.0573536,0.0105427
462,-0.12,0.0569697,0.0105268
463,-0.24,0.0563283,0.0105236
464,-0.24,0.0556897,0.0105203
465,-0.04,0.0554839,0.0104997
466,-0.12,0.0551073,0.0104839
467,-0.12,0.0547323,0.0104681
468,-0.16,0.0542735,0.0104558
469,-0.16,0.0538166,0.0104435
470,-0.08,0.0535319,0.0104251
471,0.08,0.0535881,0.0104031
472,0.12,0.0537288,0.010382
473,-0.12,0.0533615,0.0103666
474,0.04,0.0533333,0.0103447
475,0.04,0.0533053,0.0103229
476,0.44,0.0541176,0.0103332
477,0.28,0.0545912,0.0103224
478,0.12,0.054728,0.0103017
479,0,0.0546138,0.0102808
480,0.12,0.05475,0.0102603
481,-0.16,0.0543035,0.0102486
482,-0.04,0.0541079,0.0102292
483,0.08,0.0541615,0.0102082
484,-0.08,0.0538843,0.0101908
485,-0.16,0.0534433,0.0101793
486,-0.32,0.0526749,0.0101874
487,-0.16,0.0522382,0.0101758
488,-0.04,0.0520492,0.0101567
489,-0.04,0.0518609,0.0101377
490,-0.24,0.0512653,0.0101345
491,-0.16,0.050835,0.010123
492,-0.24,0.0502439,0.0101197
493,-0.12,0.0498986,0.010105
494,-0.12,0.0495547,0.0100904
495,-0.12,0.0492121,0.0100758
496,-0.12,0.048871,0.0100613
497,-0.04,0.0486922,0.0100426
498,-0.08,0.0484337,0.0100257
499,0.32,0.048978,0.0100204
500,0.28,0.04944,0.010011
501,0,0.0493413,0.00999151
502,0.28,0.0498008,0.00998217
503,0,0.0497018,0.00996279
504,0.08,0.0497619,0.00994319
505,0.24,0.0501386,0.00993063
506,0.12,0.0502767,0.00991194
507,0.24,0.0506509,0.00989945
508,0.44,0.0514173,0.00990963
509,0.48,0.0522593,0.00992592
510,0.4,0.0529412,0.00992987
511,0.36,0.0535421,0.00992862
512,0.32,0.0540625,0.00992287
513,0.24,0.054425,0.00991014
514,0.36,0.0550195,0.00990869
515,0.16,0.0552233,0.00989153
516,0.32,0.0557364,0.00988567
517,0.4,0.0564023,0.00988897
518,0.24,0.0567568,0.00987623
519,0.44,0.0574952,0.0098848
520,0.12,0.0576154,0.0098665
521,0.36,0.0581958,0.00986464
522,-0.04,0.0580077,0.00984752
523,-0.12,0.0576673,0.00983456
524,0,0.0575573,0.00981639
525,0.16,0.0577524,0.00979962
526,0.56,0.0587072,0.00982747
527,0.2,0.0589753,0.00981246
528,-0.04,0.0587879,0.00979566
529,0.16,0.0589792,0.00977899
530,0.44,0.0596981,0.00978696
531,-0.08,0.059435,0.00977206
532,0.04,0.0593985,0.00975374
533,0.04,0.0593621,0.00973549
534,0.2,0.0596255,0.00972081
535,0.24,0.0599626,0.00970848
536,-0.04,0.0597761,0.00969215
537,-0.12,0.0594413,0.00967987
538,-0.04,0.0592565,0.00966363
539,0.08,0.059295,0.00964576
540,-0.16,0.0588889,0.00963644
541,-0.12,0.0585582,0.0096243
542,0.2,0.0588192,0.00961007
543,0.12,0.0589319,0.00959301
544,0,0.0588235,0.00957598
545,0.28,0.0592294,0.009567
546,0.08,0.0592674,0.00954954
547,0.44,0.0599634,0.00955744
548,0.52,0.0608029,0.00957685
549,0.48,0.0615665,0.00958984
550,0.24,0.0618909,0.00957788
551,0.16,0.062069,0.00956214
552,0.16,0.0622464,0.00954645
553,0.08,0.0622785,0.00952923
554,0.2,0.0625271,0.00951526
555,0,0.0624144,0.00949877
556,-0.04,0.0622302,0.00948346
557,0.04,0.0621903,0.0094665
558,-0.04,0.0620072,0.00945129
559,0.16,0.0621825,0.009436
560,0.24,0.0625,0.00942448
561,0.2,0.0627451,0.00941086
562,0.16,0.0629181,0.0093957
563,-0.04,0.0627353,0.00938077
564,0.12,0.0628369,0.00936468
565,0.16,0.0630088,0.00934967
566,0.16,0.0631802,0.00933471
567,0.16,0.063351,0.0093198
568,-0.16,0.0629577,0.00931168
569,0.16,0.0631283,0.00929686
570,0,0.0630175,0.0092812
571,0.04,0.0629772,0.00926502
572,-0.04,0.0627972,0.00925056
573,0.04,0.0627574,0.00923449
574,0.16,0.0629268,0.00921994
575,-0.12,0.0626087,0.00920939
576,-0.08,0.0623611,0.00919672
577,0.12,0.062461,0.00918131
578,0.04,0.0624221,0.0091655
579,0.04,0.0623834,0.00914973
580,-0.16,0.062,0.00914199
581,0,0.0618933,0.00912686
582,0.08,0.0619244,0.00911122
583,0.24,0.0622298,0.00910071
584,0.24,0.0625342,0.00909021
585,0.24,0.0628376,0.00907973
586,0.2,0.0630717,0.00906724
587,0.44,0.0637138,0.00907453
588,0.16,0.0638776,0.00906056
589,0.32,0.0643124,0.00905561
590,0.44,0.0649492,0.00906265
591,0.2,0.0651777,0.00905019
592,0.28,0.0655405,0.00904217
593,0.32,0.0659696,0.0090371
594,0.4,0.066532,0.00903938
595,0.28,0.0668908,0.00903131
596,0.24,0.0671812,0.00902082
597,0.2,0.0674037,0.00900844
598,0.16,0.0675585,0.0089947
599,0.08,0.0675793,0.00897969
600,-0.04,0.0674,0.00896651
601,-0.28,0.066822,0.00897022
602,-0.04,0.0666445,0.00895707
603,-0.08,0.0664013,0.00894551
604,0.04,0.0663576,0.00893079
605,0.04,0.066314,0.00891612
606,0,0.0662046,0.00890207
607,-0.2,0.0657661,0.00889821
608,-0.04,0.0655921,0.00888526
609,-0.08,0.065353,0.00887388
610,-0.16,0.0649836,0.00886702
611,0.24,0.06527,0.00885713
612,0.28,0.0656209,0.0088496
613,0.16,0.0657749,0.0088365
614,0.04,0.0657329,0.00882219
615,0.08,0.0657561,0.00880787
616,0.12,0.0658442,0.008794
617,0.08,0.0658671,0.00877976
618,-0.04,0.0656958,0.00876722
619,-0.24,0.0652019,0.00876696
620,-0.12,0.0649032,0.00875791
621,-0.36,0.064219,0.00877052
622,-0.36,0.063537,0.00878293
623,0.2,0.063756,0.00877156
624,-0.28,0.0632051,0.0087748
625,-0.16,0.062848,0.00876803
626,-0.04,0.0626837,0.00875555
627,0.12,0.0627751,0.00874205
628,0.2,0.0629936,0.00873086
629,-0.24,0.0625119,0.00873026
630,-0.16,0.0621587,0.00872355
631,0,0.0620602,0.00871027
632,-0.04,0.0618987,0.00869798
633,0.32,0.0623065,0.00869379
634,0.36,0.062776,0.00869276
635,0.4,0.0633071,0.00869529
636,0.12,0.0633962,0.00868207
637,0.24,0.0636735,0.00867286
638,0.12,0.0637618,0.0086597
639,0.28,0.0641002,0.00865276
640,0.24,0.064375,0.0086436
641,0.28,0.0647114,0.00863666
642,0.52,0.0654206,0.00865231
643,0.32,0.0658165,0.00864791
644,0.36,0.0662733,0.00864655
645,0.72,0.0672868,0.00869242
646,0.68,0.0682353,0.00873063
647,0.68,0.0691808,0.00876825
648,0.44,0.0697531,0.00877339
649,0.28,0.070077,0.00876585
650,0.08,0.0700923,0.00875237
651,-0.08,0.0698618,0.00874196
652,-0.16,0.0695092,0.00873566
653,-0.4,0.0687902,0.00875185
654,-0.12,0.0685015,0.00874323
655,-0.32,0.0679084,0.00874999
656,-0.04,0.0677439,0.00873819
657,0,0.0676408,0.00872549
658,-0.08,0.0674164,0.00871511
659,0.16,0.0675569,0.00870301
660,0.28,0.0678788,0.00869577
661,0,0.0677761,0.00868322
662,0.04,0.0677341,0.00867019
663,0,0.067632,0.00865771
664,-0.28,0.0671084,0.0086605
665,-0.4,0.066406,0.00867594
666,-0.36,0.0657658,0.00868654
667,-0.16,0.0654273,0.0086801
668,-0.4,0.0647305,0.00869506
669,-0.36,0.0640957,0.00870524
670,-0.44,0.0633433,0.00872473
671,-0.4,0.0626528,0.00873905
672,-0.08,0.0624405,0.00872861
673,-0.16,0.06211,0.0087219
674,-0.08,0.0618991,0.0087115
675,-0.32,0.0613333,0.00871697
676,0.12,0.0614201,0.00870449
677,0.08,0.0614476,0.00869167
678,0.08,0.0614749,0.00867888
679,-0.12,0.0612077,0.00867021
680,0,0.0611176,0.00865792
681,-0.16,0.060793,0.00865129
682,-0.04,0.0606452,0.00863986
683,-0.4,0.0599707,0.00865353
684,-0.44,0.0592398,0.00867173
685,-0.16,0.0589197,0.00866497
686,-0.08,0.0587172,0.0086547
687,-0.16,0.0583988,0.00864796
688,0.12,0.0584884,0.00863584
689,-0.12,0.0582293,0.00862719
690,0,0.0581449,0.00861509
691,0,0.0580608,0.00860303
692,-0.08,0.0578613,0.0085929
693,-0.2,0.0574892,0.00858856
694,-0.04,0.0573487,0.00857732
695,-0.08,0.0571511,0.00856725
696,0.16,0.0572989,0.00855621
697,0.08,0.0573314,0.00854399
698,-0.12,0.0570774,0.00853552
699,0.2,0.0572818,0.00852575
700,-0.04,0.0571429,0.0085147
701,-0.04,0.0570043,0.00850367
702,0.24,0.057265,0.00849555
703,0.4,0.0577525,0.00849745
704,0.24,0.0580114,0.00848932
705,0.04,0.0579858,0.00847731
706,-0.12,0.0577337,0.00846905
707,0.04,0.0577086,0.0084571
708,-0.12,0.0574576,0.00844887
709,-0.08,0.0572638,0.00843918
710,-0.12,0.0570141,0.00843098
711,-0.32,0.0564838,0.00843579
712,-0.16,0.0561798,0.00842942
713,-0.04,0.0560449,0.00841867
714,0.04,0.0560224,0.0084069
715,0,0.0559441,0.0083955
716,0,0.0558659,0.00838413
717,-0.08,0.0556764,0.00837458
718,-0.64,0.0547075,0.00841885
719,-0.52,0.0539082,0.00844504
720,-0.44,0.0532222,0.00846116
721,-0.16,0.0529265,0.00845459
722,0.12,0.0530194,0.00844338
723,0,0.0529461,0.00843201
724,-0.28,0.0524862,0.00843291
725,0.16,0.0526345,0.00842257
726,0.08,0.0526722,0.00841105
727,0.16,0.0528198,0.00840077
728,0.08,0.0528571,0.0083893
729,0.16,0.0530041,0.00837908
730,0.08,0.0530411,0.00836767
731,-0.08,0.0528591,0.0083582
732,-0.36,0.0522951,0.00836581
733,-0.24,0.0518963,0.0083639
734,0.08,0.0519346,0.00835258
735,0.24,0.0521905,0.00834514
736,0.64,0.0529891,0.00837197
737,0.52,0.0536228,0.00838458
738,0.52,0.0542547,0.00839703
739,0.28,0.0545602,0.00839122
740,0.36,0.054973,0.00839003
741,0.44,0.0554926,0.0083948
742,0.6,0.0562264,0.00841553
743,0.6,0.0569583,0.008436
744,0.28,0.0572581,0.00842999
745,0.08,0.0572886,0.00841872
746,0.16,0.0574263,0.00840856
747,0.08,0.0574565,0.00839735
748,0,0.0573797,0.00838646
749,-0.04,0.0572497,0.00837627
750,-0.04,0.05712,0.0083661
751,0.16,0.057257,0.00835607
752,0.16,0.0573936,0.00834607
753,0.16,0.0575299,0.0083361
754,0.28,0.0578249,0.00833026
755,0.16,0.0579603,0.00832032
756,-0.04,0.0578307,0.00831032
757,-0.04,0.0577015,0.00830034
758,-0.04,0.0575726,0.00829038
759,-0.08,0.0573913,0.00828144
760,-0.04,0.0572632,0.00827152
761,-0.04,0.0571353,0.00826164
762,0.08,0.0571654,0.00825084
763,-0.2,0.0568283,0.00824691
764,-0.12,0.0565969,0.00823936
765,0.04,0.0565752,0.00822861
766,-0.24,0.056188,0.00822698
767,-0.16,0.0559061,0.00822108
768,-0.24,0.0555208,0.0082194
769,-0.32,0.0550325,0.00822322
770,-0.24,0.0546494,0.00822147
771,-0.04,0.0545266,0.00821171
772,0.2,0.054715,0.00820323
773,0.04,0.054696,0.00819264
774,0.08,0.0547287,0.00818211
775,0.2,0.0549161,0.0081737
776,0.12,0.055,0.00816359
777,0.36,0.0553925,0.00816252
778,0,0.0553213,0.00815233
779,-0.04,0.055199,0.00814278
780,0,0.0551282,0.00813264
781,0.32,0.0554673,0.0081293
782,0.44,0.0559591,0.00813377
783,0.2,0.056143,0.00812546
784,0.24,0.0563776,0.00811848
785,0.04,0.0563567,0.00810816
786,-0.08,0.0561832,0.00809969
787,-0.24,0.0558069,0.00809814
788,-0.36,0.0552792,0.00810506
789,-0.16,0.0550063,0.00809937
790,-0.24,0.0546329,0.00809773
791,-0.36,0.0541087,0.00810446
792,-0.32,0.0536364,0.00810799
793,-0.24,0.0532661,0.00810622
794,0,0.053199,0.00809628
795,0,0.0531321,0.00808637
796,-0.16,0.0528643,0.00808064
797,-0.24,0.0524969,0.00807885
798,-0.08,0.0523308,0.00807043
799,-0.08,0.0521652,0.00806203
800,0.12,0.05225,0.00805239
801,0.12,0.0523346,0.00804277
802,0.12,0.052419,0.00803318
803,0,0.0523537,0.00802344
804,-0.04,0.0522388,0.00801428
805,-0.08,0.0520745,0.008006
806,0.12,0.0521588,0.0079965
807,0.24,0.0523916,0.00798998
808,0.2,0.0525743,0.00798218
809,-0.32,0.0521137,0.0079856
810,-0.16,0.0518519,0.00798003
811,-0.24,0.051492,0.0079783
812,0.16,0.0516256,0.00796959
813,0.28,0.0519065,0.00796474
814,0.24,0.0521376,0.0079583
815,0.32,0.0524663,0.00795532
816,0.2,0.0526471,0.00794763
817,-0.12,0.0524357,0.0079407
818,0,0.0523716,0.00793125
819,-0.12,0.0521612,0.00792435
820,0.12,0.0522439,0.00791512
821,0.16,0.0523752,0.00790656
822,-0.04,0.0522628,0.00789774
823,0.12,0.0523451,0.00788856
824,0.32,0.0526699,0.00788568
825,0.2,0.0528485,0.00787814
826,0.44,0.0533172,0.00788254
827,-0.08,0.053156,0.00787465
828,0.04,0.0531401,0.00786515
829,-0.24,0.0527865,0.00786361
830,-0.28,0.0523855,0.00786436
831,-0.28,0.0519856,0.00786507
832,-0.08,0.0518269,0.00785721
833,-0.08,0.0516687,0.00784937
834,-0.08,0.0515108,0.00784154
835,0.08,0.0515449,0.00783222
836,0.12,0.0516268,0.00782327
837,-0.08,0.0514695,0.0078155
838,-0.32,0.0510263,0.00781875
839,-0.12,0.0508224,0.00781208
840,-0.04,0.0507143,0.00780353
841,-0.04,0.0506064,0.00779499
842,-0.16,0.0503563,0.00778974
843,-0.2,0.0500593,0.00778616
844,-0.08,0.0499052,0.00777846
845,0.08,0.0499408,0.00776933
846,0.04,0.0499291,0.00776015
847,-0.16,0.0496812,0.00775494
848,0.36,0.0500472,0.00775443
849,0.16,0.0501767,0.00774637
850,0.12,0.0502588,0.00773769
851,0.12,0.0503408,0.00772903
852,0.16,0.0504695,0.00772102
853,0.44,0.0509261,0.00772548
854,0.36,0.0512881,0.00772491
855,0.16,0.0514152,0.00771691
856,0.4,0.0518224,0.00771864
857,0.32,0.0521354,0.00771598
858,0.2,0.0523077,0.00770891
859,0.16,0.0524331,0.00770095
860,0,0.0523721,0.00769223
861,-0.04,0.0522648,0.00768404
862,0.08,0.052297,0.00767519
863,-0.12,0.0520973,0.00766889
864,0.08,0.0521296,0.00766008
865,-0.28,0.0517457,0.00766084
866,0.04,0.0517321,0.007652
867,-0.08,0.0515802,0.00764468
868,-0.04,0.0514747,0.0076366
869,0.12,0.0515535,0.00762822
870,0.4,0.051954,0.00762996
871,0.36,0.0523077,0.0076294
872,0.08,0.0523394,0.00762071
873,-0.04,0.0522337,0.00761271
874,-0.28,0.0518535,0.00761349
875,-0.2,0.0515657,0.00761023
876,-0.08,0.0514155,0.00760302
877,0.04,0.0514025,0.00759436
878,0.24,0.0516173,0.00758874
879,0,0.0515586,0.00758033
880,-0.4,0.0510455,0.00758908
881,-0.36,0.0505789,0.00759481
882,-0.28,0.0502041,0.00759545
883,-0.08,0.0500566,0.00758827
884,-0.08,0.0499095,0.00758111
885,-0.2,0.0496271,0.0075778
886,-0.16,0.0493905,0.00757294
887,-0.04,0.0492897,0.00756507
888,-0.2,0.049009,0.00756176
889,-0.28,0.0486389,0.00756231
890,-0.36,0.0481798,0.00756775
891,-0.32,0.0477666,0.00757054
892,0,0.047713,0.00756223
893,0.04,0.0477044,0.00755377
894,-0.08,0.0475615,0.00754666
895,0,0.0475084,0.00753841
896,-0.08,0.0473661,0.00753134
897,0.2,0.0475362,0.00752486
898,0.16,0.0476615,0.00751752
899,0.04,0.0476529,0.00750916
900,0.04,0.0476444,0.00750082
901,-0.12,0.0474584,0.0074948
902,-0.08,0.0473171,0.00748782
903,0.08,0.0473533,0.00747961
904,0.44,0.0477876,0.00748395
905,0.32,0.0480884,0.00748172
906,0.12,0.0481678,0.00747388
907,-0.12,0.0479824,0.00746794
908,0.08,0.0480176,0.00745979
909,0.04,0.0480088,0.00745158
910,0.04,0.048,0.0074434
911,0.04,0.0479912,0.00743523
912,0.04,0.0479825,0.00742707
913,0.28,0.0482366,0.00742329
914,0.16,0.0483589,0.00741617
915,0.12,0.0484372,0.00740847
916,0.04,0.0484279,0.00740039
917,-0.04,0.0483315,0.00739294
918,0.2,0.0484967,0.00738673
919,0.08,0.048531,0.00737877
920,-0.08,0.0483913,0.00737207
921,-0.32,0.0479913,0.00737491
922,-0.08,0.0478525,0.00736822
923,0,0.0478007,0.00736041
924,-0.16,0.0475758,0.00735588
925,-0.24,0.0472649,0.0073545
926,-0.24,0.0469546,0.0073531
927,-0.12,0.0467745,0.00734737
928,0,0.0467241,0.00733962
929,-0.08,0.0465877,0.00733299
930,0.04,0.0465806,0.0073251
931,-0.08,0.0464447,0.00731849
932,-0.24,0.0461373,0.00731709
933,0.04,0.0461308,0.00730925
934,0.28,0.0463812,0.00730571
935,0.28,0.046631,0.00730217
936,0.48,0.047094,0.00730904
937,0.24,0.0472999,0.00730414
938,-0.12,0.0471215,0.00729853
939,0,0.0470714,0.00729093
940,0.32,0.0473617,0.00728895
941,-0.04,0.0472689,0.00728179
942,0.08,0.0473036,0.00727414
943,0.2,0.0474655,0.00726823
944,0.2,0.0476271,0.00726232
945,0.24,0.0478307,0.00725749
946,0.08,0.0478647,0.00724989
947,-0.16,0.0476452,0.00724556
948,-0.32,0.0472574,0.00724829
949,-0.36,0.0468282,0.00725336
950,-0.16,0.0466105,0.00724899
951,-0.08,0.0464774,0.00724258
952,-0.28,0.0461345,0.0072431
953,-0.32,0.0457503,0.00724568
954,-0.16,0.0455346,0.0072413
955,0.16,0.0456545,0.0072347
956,0.16,0.0457741,0.00722812
957,0.08,0.0458098,0.00722065
958,0.24,0.0460125,0.00721596
959,-0.04,0.0459228,0.00720899
960,-0.04,0.0458333,0.00720203
961,0,0.0457856,0.00719469
962,0.12,0.0458628,0.00718762
963,0.28,0.0461059,0.00718427
964,0.4,0.046473,0.0071862
965,0.36,0.0467979,0.0071861
966,0.4,0.0471636,0.00718796
967,0.44,0.0475698,0.007192
968,0.2,0.0477273,0.0071863
969,0.36,0.0480495,0.00718611
970,0.2,0.0482062,0.0071804
971,0.32,0.0484861,0.00717846
972,0.28,0.0487243,0.00717503
973,0.24,0.0489209,0.00717035
974,-0.04,0.0488296,0.00716356
975,0.16,0.0489436,0.00715712
976,0.56,0.0494672,0.00716893
977,0.56,0.0499898,0.00718063
978,0.32,0.0502658,0.00717859
979,0.56,0.0507865,0.00719013
980,0.24,0.0509796,0.00718539
981,0.24,0.0511723,0.00718065
982,0.2,0.0513238,0.00717493
983,0.04,0.0513123,0.00716764
984,0.08,0.0513415,0.00716041
985,0.2,0.0514924,0.00715473
986,-0.2,0.0512373,0.00715202
987,-0.36,0.0508207,0.0071569
988,-0.4,0.0503644,0.0071642
989,-0.2,0.0501112,0.00716143
990,-0.36,0.049697,0.00716618
991,0.04,0.0496872,0.00715895
992,0.32,0.0499597,0.00715692
993,0.44,0.0503525,0.00716049
994,0,0.0503018,0.00715346
995,-0.04,0.0502111,0.00714684
996,-0.08,0.0500803,0.00714086
997,-0.08,0.0499498,0.00713489
998,-0.48,0.0494188,0.00714749
999,-0.28,0.0490891,0.00714794
1000,-0.08,0.04896,0.00714196
