1,-0.48,-0.48,0
2,-0.6,-0.54,0.06
3,-0.52,-0.533333,0.0352767
4,-0.36,-0.49,0.05
5,-0.4,-0.472,0.0427083
6,-0.48,-0.473333,0.0348967
7,-0.48,-0.474286,0.0295084
8,-0.48,-0.475,0.025565
9,-0.56,-0.484444,0.0244444
10,-0.52,-0.488,0.022151
11,-0.36,-0.476364,0.0231702
12,-0.36,-0.466667,0.0232683
13,-0.4,-0.461538,0.0220095
14,-0.56,-0.468571,0.0215564
15,-0.48,-0.469333,0.0200824
16,-0.6,-0.4775,0.0204837
17,-0.52,-0.48,0.0194029
18,-0.56,-0.484444,0.0188253
19,-0.52,-0.486316,0.0179051
20,-0.56,-0.49,0.0173812
21,-0.56,-0.493333,0.0168655
22,-0.56,-0.496364,0.0163636
23,-0.56,-0.49913,0.0158789
24,-0.52,-0.5,0.0152277
25,-0.48,-0.4992,0.0146278
26,-0.56,-0.501538,0.0142472
27,-0.56,-0.503704,0.0138793
28,-0.6,-0.507143,0.0138095
29,-0.56,-0.508966,0.0134489
30,-0.64,-0.513333,0.0137074
31,-0.56,-0.514839,0.013343
32,-0.6,-0.5175,0.0131906
33,-0.6,-0.52,0.0130268
34,-0.68,-0.524706,0.0134856
35,-0.72,-0.530286,0.0142339
36,-0.8,-0.537778,0.0157314
37,-0.76,-0.543784,0.0164369
38,-0.84,-0.551579,0.0177966
39,-0.92,-0.561026,0.0197412
40,-1,-0.572,0.022151
41,-1,-0.582439,0.0239939
42,-0.92,-0.590476,0.0247565
43,-0.88,-0.597209,0.0250941
44,-0.92,-0.604545,0.0255912
45,-0.84,-0.609778,0.0255574
46,-0.96,-0.617391,0.0261294
47,-1,-0.625532,0.0268321
48,-1,-0.633333,0.0274012
49,-1,-0.640816,0.0278599
50,-0.92,-0.6464,0.0278623
51,-0.96,-0.652549,0.0279942
52,-1,-0.659231,0.0282521
53,-1,-0.66566,0.0284499
54,-1,-0.671852,0.0285964
55,-1,-0.677818,0.0286987
56,-1,-0.683571,0.0287628
57,-1,-0.689123,0.0287939
58,-1,-0.694483,0.0287964
59,-1,-0.699661,0.0287739
60,-1,-0.704667,0.0287297
61,-0.92,-0.708197,0.0284744
62,-0.8,-0.709677,0.0280505
63,-0.72,-0.709841,0.0276022
64,-0.8,-0.71125,0.0272039
65,-0.72,-0.711385,0.0267825
66,-0.72,-0.711515,0.0263739
67,-0.84,-0.713433,0.026048
68,-1,-0.717647,0.0260058
69,-1,-0.721739,0.0259508
70,-1,-0.725714,0.0258844
71,-1,-0.729577,0.025808
72,-1,-0.733333,0.0257227
73,-1,-0.736986,0.0256296
74,-0.88,-0.738919,0.0253546
75,-0.88,-0.7408,0.0250849
76,-0.92,-0.743158,0.0248647
77,-0.84,-0.744416,0.0245719
78,-0.84,-0.745641,0.0242857
79,-0.72,-0.745316,0.0239785
80,-0.6,-0.7435,0.0237465
81,-0.64,-0.742222,0.0234863
82,-0.64,-0.740976,0.0232316
83,-0.68,-0.740241,0.0229617
84,-0.72,-0.74,0.022688
85,-0.64,-0.738824,0.0224503
86,-0.8,-0.739535,0.0221991
87,-0.76,-0.73977,0.0219438
88,-0.64,-0.738636,0.0217226
89,-0.68,-0.737978,0.0214872
90,-0.64,-0.736889,0.021275
91,-0.6,-0.735385,0.0210936
92,-0.8,-0.736087,0.0208749
93,-0.8,-0.736774,0.0206606
94,-0.68,-0.73617,0.0204486
95,-0.72,-0.736,0.0202329
96,-0.72,-0.735833,0.0200217
97,-0.72,-0.73567,0.0198149
98,-0.56,-0.733878,0.0196934
99,-0.52,-0.731717,0.0196128
100,-0.44,-0.7288,0.0196337
101,-0.4,-0.725545,0.019709
102,-0.24,-0.720784,0.020087
103,-0.24,-0.716117,0.0204314
104,-0.28,-0.711923,0.020664
105,-0.32,-0.70819,0.0208038
106,-0.32,-0.704528,0.0209295
107,-0.44,-0.702056,0.0208798
108,-0.8,-0.702963,0.0207055
109,-0.76,-0.703486,0.0205213
110,-0.84,-0.704727,0.0203717
111,-0.64,-0.704144,0.0201958
112,-0.56,-0.702857,0.020056
113,-0.48,-0.700885,0.0199753
114,-0.4,-0.698246,0.0199745
115,-0.44,-0.696,0.0199269
116,-0.44,-0.693793,0.0198773
117,-0.48,-0.691966,0.0197912
118,-0.28,-0.688475,0.0199309
119,-0.6,-0.687731,0.0197767
120,-0.64,-0.687333,0.0196153
121,-0.68,-0.687273,0.0194526
122,-0.64,-0.686885,0.0192963
123,-0.64,-0.686504,0.0191426
124,-0.32,-0.683548,0.0192163
125,-0.32,-0.68064,0.0192825
126,-0.28,-0.67746,0.0193914
127,-0.28,-0.674331,0.019491
128,-0.32,-0.671563,0.0195352
129,-0.4,-0.669457,0.0194972
130,-0.4,-0.667385,0.0194573
131,-0.32,-0.664733,0.0194895
132,-0.32,-0.662121,0.0195168
133,-0.24,-0.658947,0.0196278
134,-0.24,-0.655821,0.0197301
135,-0.2,-0.652444,0.0198723
136,-0.24,-0.649412,0.0199574
137,-0.24,-0.646423,0.0200353
138,-0.36,-0.644348,0.0199976
139,-0.4,-0.64259,0.0199309
140,-0.32,-0.640286,0.0199217
141,-0.36,-0.638298,0.0198796
142,-0.4,-0.63662,0.0198103
143,-0.4,-0.634965,0.0197407
144,-0.48,-0.633889,0.0196327
145,-0.4,-0.632276,0.0195634
146,-0.4,-0.630685,0.019494
147,-0.36,-0.628844,0.0194483
148,-0.32,-0.626757,0.0194288
149,-0.28,-0.62443,0.0194378
150,-0.28,-0.622133,0.0194439
151,-0.4,-0.620662,0.0193706
152,-0.48,-0.619737,0.019265
153,-0.44,-0.618562,0.0191747
154,-0.52,-0.617922,0.0190605
155,-0.6,-0.617806,0.0189375
156,-0.64,-0.617949,0.0188162
157,-0.68,-0.618344,0.0187002
158,-0.64,-0.618481,0.0185819
159,-0.68,-0.618868,0.0184688
160,-0.8,-0.62,0.0183879
161,-0.8,-0.621118,0.0183075
162,-0.72,-0.621728,0.0182043
163,-0.8,-0.622822,0.0181253
164,-0.8,-0.623902,0.0180468
165,-0.84,-0.625212,0.0179849
166,-0.76,-0.626024,0.0178946
167,-0.96,-0.628024,0.0178992
168,-0.92,-0.629762,0.0178771
169,-0.72,-0.630296,0.017779
170,-0.64,-0.630353,0.0176742
171,-0.68,-0.630643,0.0175729
172,-0.44,-0.629535,0.0175056
173,-0.44,-0.628439,0.0174385
174,-0.4,-0.627126,0.0173877
175,-0.36,-0.6256,0.0173553
176,-0.32,-0.623864,0.0173435
177,-0.4,-0.622599,0.0172916
178,-0.4,-0.621348,0.0172396
179,-0.36,-0.619888,0.0172051
180,-0.44,-0.618889,0.0171384
181,-0.44,-0.617901,0.0170721
182,-0.28,-0.616044,0.0170792
183,-0.2,-0.61377,0.0171371
184,-0.28,-0.611957,0.01714
185,-0.36,-0.610595,0.0171014
186,-0.4,-0.609462,0.0170468
187,-0.44,-0.608556,0.0169796
188,-0.32,-0.607021,0.0169587
189,-0.32,-0.605503,0.0169369
190,-0.36,-0.604211,0.016897
191,-0.32,-0.602723,0.0168741
192,-0.32,-0.60125,0.0168504
193,-0.24,-0.599378,0.016867
194,-0.2,-0.59732,0.0169057
195,-0.36,-0.596103,0.0168627
196,-0.16,-0.593878,0.0169234
197,-0.12,-0.591472,0.0170082
198,-0.16,-0.589293,0.0170618
199,0,-0.586332,0.0172322
200,0,-0.5834,0.0173947
201,-0.04,-0.580697,0.0175178
202,-0.08,-0.578218,0.0176062
203,0,-0.575369,0.0177493
204,0,-0.572549,0.0178859
205,0.04,-0.569561,0.0180475
206,0.12,-0.566214,0.0182689
207,0.16,-0.562705,0.0185159
208,0,-0.56,0.0186242
209,0.08,-0.556938,0.0187861
210,0.12,-0.553714,0.0189723
211,0.04,-0.5509,0.0190907
212,0.04,-0.548113,0.0192037
213,0.04,-0.545352,0.0193118
214,0,-0.542804,0.0193895
215,0.04,-0.540093,0.0194886
216,0.04,-0.537407,0.0195832
217,0.16,-0.534194,0.0197559
218,0.2,-0.530826,0.0199513
219,0.16,-0.527671,0.020109
220,0.16,-0.524545,0.02026
221,0.2,-0.521267,0.0204328
222,0.12,-0.518378,0.0205446
223,0.04,-0.515874,0.020605
224,0.04,-0.513393,0.0206624
225,0,-0.511111,0.0206965
226,0.2,-0.507965,0.0208436
227,0.16,-0.505022,0.0209592
228,0.16,-0.502105,0.0210699
229,0.28,-0.49869,0.0212539
230,0.24,-0.495478,0.0214036
231,0.2,-0.492468,0.0215224
232,0.4,-0.488621,0.0217719
233,0.36,-0.484979,0.0219821
234,0.6,-0.480342,0.0223737
235,0.68,-0.475404,0.0228189
236,0.76,-0.470169,0.0233172
237,0.84,-0.464641,0.0238677
238,0.84,-0.45916,0.0243911
239,0.76,-0.454059,0.0248187
240,0.76,-0.449,0.0252275
241,0.8,-0.443817,0.0256516
242,0.92,-0.438182,0.0261596
243,0.92,-0.432593,0.0266446
244,1,-0.426721,0.0271769
245,1,-0.420898,0.0276851
246,1,-0.415122,0.0281709
247,1,-0.409393,0.0286356
248,1,-0.40371,0.0290806
249,1,-0.398072,0.0295071
250,1,-0.39248,0.0299162
251,1,-0.386932,0.0303088
252,1,-0.381429,0.0306859
253,1,-0.375968,0.0310482
254,1,-0.370551,0.0313966
255,1,-0.365176,0.0317317
256,1,-0.359844,0.0320543
257,1,-0.354553,0.0323647
258,1,-0.349302,0.0326638
259,1,-0.344093,0.0329518
260,1,-0.338923,0.0332294
261,1,-0.333793,0.033497
262,1,-0.328702,0.033755
263,1,-0.32365,0.0340038
264,0.96,-0.318788,0.034222
265,0.88,-0.314264,0.0343914
266,0.96,-0.309474,0.0345951
267,1,-0.304569,0.0348125
268,1,-0.299701,0.0350223
269,1,-0.29487,0.0352248
270,1,-0.290074,0.0354203
271,1,-0.285314,0.035609
272,1,-0.280588,0.0357911
273,1,-0.275897,0.035967
274,1,-0.271241,0.0361368
275,1,-0.266618,0.0363007
276,1,-0.262029,0.0364589
277,1,-0.257473,0.0366116
278,1,-0.25295,0.036759
279,1,-0.248459,0.0369013
280,1,-0.244,0.0370387
281,0.96,-0.239715,0.0371545
282,1,-0.235319,0.0372826
283,1,-0.230954,0.0374062
284,1,-0.22662,0.0375254
285,1,-0.222316,0.0376404
286,1,-0.218042,0.0377512
287,1,-0.213798,0.0378581
288,1,-0.209583,0.0379611
289,1,-0.205398,0.0380604
290,1,-0.201241,0.038156
291,1,-0.197113,0.038248
292,0.92,-0.193288,0.0383083
293,0.92,-0.189488,0.038366
294,0.88,-0.18585,0.0384079
295,0.92,-0.182102,0.0384606
296,0.8,-0.178784,0.0384738
297,0.84,-0.175354,0.0384972
298,0.6,-0.172752,0.0384559
299,0.52,-0.170435,0.038397
300,0.68,-0.1676,0.0383737
301,0.6,-0.16505,0.0383309
302,0.56,-0.162649,0.0382791
303,0.64,-0.16,0.0382444
304,0.52,-0.157763,0.038184
305,0.68,-0.155016,0.0381576
306,0.68,-0.152288,0.0381304
307,0.48,-0.150228,0.0380618
308,0.44,-0.148312,0.0379864
309,0.32,-0.146796,0.0378936
310,0.36,-0.145161,0.0378065
311,0.36,-0.143537,0.0377197
312,0.28,-0.142179,0.0376231
313,0.44,-0.140319,0.0375488
314,0.4,-0.138599,0.0374686
315,0.4,-0.136889,0.0373886
316,0.52,-0.13481,0.037328
317,0.32,-0.133375,0.0372377
318,0.4,-0.131698,0.0371583
319,0.32,-0.130282,0.0370687
320,0.24,-0.129125,0.0369708
321,0.16,-0.128224,0.0368664
322,0.12,-0.127453,0.0367599
323,0.28,-0.126192,0.0366676
324,0.4,-0.124568,0.0365903
325,0.52,-0.122585,0.0365314
326,0.68,-0.120123,0.0365023
327,0.76,-0.117431,0.0364899
328,0.72,-0.114878,0.036468
329,0.6,-0.112705,0.0364218
330,0.8,-0.109939,0.0364165
331,0.76,-0.107311,0.0364013
332,0.76,-0.104699,0.0363854
333,0.8,-0.101982,0.0363775
334,0.76,-0.0994012,0.0363602
335,0.8,-0.0967164,0.0363507
336,0.92,-0.0936905,0.0363685
337,0.92,-0.0906825,0.036385
338,0.92,-0.0876923,0.0364002
339,0.84,-0.0849558,0.0363957
340,0.88,-0.0821176,0.0363993
341,0.88,-0.0792962,0.0364019
342,0.8,-0.0767251,0.0363862
343,0.76,-0.0742857,0.0363619
344,0.68,-0.072093,0.0363223
345,0.56,-0.0702609,0.0362632
346,0.52,-0.0685549,0.0361985
347,0.52,-0.0668588,0.0361338
348,0.52,-0.0651724,0.0360693
349,0.6,-0.0632665,0.0360162
350,0.52,-0.0616,0.0359518
351,0.6,-0.0597151,0.0358988
352,0.52,-0.0580682,0.0358345
353,0.44,-0.0566572,0.0357607
354,0.4,-0.0553672,0.0356829
355,0.32,-0.0543099,0.0355979
356,0.44,-0.0529213,0.0355249
357,0.48,-0.0514286,0.0354567
358,0.36,-0.0502793,0.0353762
359,0.36,-0.0491365,0.035296
360,0.48,-0.0476667,0.0352285
361,0.44,-0.0463158,0.0351568
362,0.32,-0.0453039,0.0350741
363,0.2,-0.0446281,0.0349839
364,0.2,-0.043956,0.0348941
365,0.08,-0.0436164,0.0348
366,0.08,-0.0432787,0.0347065
367,-0.16,-0.0435967,0.0346132
368,-0.2,-0.0440217,0.0345217
369,-0.12,-0.0442276,0.0344286
370,-0.12,-0.0444324,0.034336
371,-0.2,-0.0448518,0.0342459
372,-0.08,-0.0449462,0.0341539
373,-0.16,-0.0452547,0.0340636
374,-0.12,-0.0454545,0.033973
375,0,-0.0453333,0.0338825
376,0.04,-0.0451064,0.033793
377,-0.08,-0.0451989,0.0337034
378,0.08,-0.0448677,0.0336157
379,-0.04,-0.0448549,0.0335269
380,-0.2,-0.0452632,0.0334411
381,-0.08,-0.0453543,0.0333533
382,0.04,-0.0451309,0.0332666
383,0.08,-0.0448042,0.0331813
384,-0.04,-0.0447917,0.0330947
385,-0.12,-0.044987,0.0330092
386,-0.08,-0.0450777,0.0329237
387,-0.2,-0.045478,0.032841
388,-0.12,-0.0456701,0.0327568
389,-0.12,-0.0458612,0.0326731
390,-0.08,-0.0459487,0.0325893
391,-0.32,-0.0466496,0.0325134
392,-0.48,-0.0477551,0.0324492
393,-0.44,-0.0487532,0.0323819
394,-0.4,-0.0496447,0.0323119
395,-0.68,-0.0512405,0.0322695
396,-0.64,-0.0527273,0.0322222
397,-0.52,-0.0539043,0.0321625
398,-0.44,-0.0548744,0.0320962
399,-0.44,-0.0558396,0.0320302
400,-0.56,-0.0571,0.0319749
401,-0.56,-0.0583541,0.0319197
402,-0.48,-0.059403,0.0318575
403,-0.36,-0.0601489,0.0317871
404,-0.52,-0.0612871,0.0317287
405,-0.48,-0.062321,0.0316672
406,-0.48,-0.0633498,0.0316058
407,-0.52,-0.0644717,0.031548
408,-0.6,-0.0657843,0.031498
409,-0.48,-0.0667971,0.0314372
410,-0.6,-0.0680976,0.0313874
411,-0.6,-0.0693917,0.0313376
412,-0.64,-0.0707767,0.0312922
413,-0.76,-0.0724455,0.0312609
414,-0.76,-0.0741063,0.0312295
415,-0.68,-0.0755663,0.0311883
416,-0.68,-0.0770192,0.0311472
417,-0.6,-0.0782734,0.0310977
418,-0.68,-0.0797129,0.0310566
419,-0.8,-0.081432,0.03103
420,-0.96,-0.0835238,0.0310266
421,-1,-0.0857007,0.0310293
422,-1,-0.0878673,0.0310314
423,-1,-0.0900236,0.031033
424,-1,-0.0921698,0.031034
425,-1,-0.0943059,0.0310345
426,-1,-0.0964319,0.0310345
427,-1,-0.098548,0.0310339
428,-1,-0.100654,0.0310329
429,-1,-0.102751,0.0310314
430,-1,-0.104837,0.0310294
431,-1,-0.106914,0.0310269
432,-1,-0.108981,0.0310239
433,-1,-0.111039,0.0310205
434,-1,-0.113088,0.0310167
435,-1,-0.115126,0.0310124
436,-1,-0.117156,0.0310077
437,-1,-0.119176,0.0310025
438,-1,-0.121187,0.030997
439,-1,-0.123189,0.030991
440,-1,-0.125182,0.0309846
441,-1,-0.127166,0.0309779
442,-1,-0.12914,0.0309707
443,-1,-0.131106,0.0309632
444,-1,-0.133063,0.0309553
445,-1,-0.135011,0.030947
446,-1,-0.136951,0.0309384
447,-0.96,-0.138792,0.030924
448,-0.92,-0.140536,0.0309041
449,-1,-0.14245,0.0308946
450,-1,-0.144356,0.0308847
451,-1,-0.146253,0.0308745
452,-1,-0.148142,0.030864
453,-1,-0.150022,0.0308531
454,-1,-0.151894,0.0308419
455,-1,-0.153758,0.0308305
456,-1,-0.155614,0.0308187
457,-1,-0.157462,0.0308067
458,-1,-0.159301,0.0307943
459,-1,-0.161133,0.0307817
460,-1,-0.162957,0.0307688
461,-0.96,-0.164685,0.0307506
462,-1,-0.166494,0.0307372
463,-1,-0.168294,0.0307236
464,-1,-0.170086,0.0307096
465,-1,-0.171871,0.0306954
466,-1,-0.173648,0.030681
467,-1,-0.175418,0.0306663
468,-1,-0.177179,0.0306514
469,-1,-0.178934,0.0306363
470,-1,-0.180681,0.0306209
471,-1,-0.18242,0.0306053
472,-1,-0.184153,0.0305895
473,-1,-0.185877,0.0305734
474,-1,-0.187595,0.0305572
475,-1,-0.189305,0.0305407
476,-1,-0.191008,0.030524
477,-1,-0.192704,0.0305071
478,-1,-0.194393,0.03049
479,-1,-0.196075,0.0304728
480,-1,-0.19775,0.0304553
481,-1,-0.199418,0.0304377
482,-1,-0.201079,0.0304198
483,-1,-0.202733,0.0304018
484,-1,-0.20438,0.0303836
485,-1,-0.206021,0.0303652
486,-1,-0.207654,0.0303467
487,-1,-0.209281,0.030328
488,-1,-0.210902,0.0303091
489,-1,-0.212515,0.0302901
490,-1,-0.214122,0.0302709
491,-1,-0.215723,0.0302516
492,-1,-0.217317,0.0302321
493,-1,-0.218905,0.0302124
494,-1,-0.220486,0.0301926
495,-1,-0.222061,0.0301727
496,-1,-0.223629,0.0301526
497,-1,-0.225191,0.0301324
498,-1,-0.226747,0.0301121
499,-1,-0.228297,0.0300916
500,-1,-0.22984,0.030071
501,-1,-0.231377,0.0300503
502,-1,-0.232908,0.0300294
503,-1,-0.234433,0.0300084
504,-1,-0.235952,0.0299873
505,-1,-0.237465,0.0299661
506,-1,-0.238972,0.0299447
507,-1,-0.240473,0.0299233
508,-0.96,-0.24189,0.0298979
509,-1,-0.243379,0.0298763
510,-1,-0.244863,0.0298545
511,-1,-0.246341,0.0298326
512,-1,-0.247812,0.0298107
513,-1,-0.249279,0.0297886
514,-1,-0.250739,0.0297665
515,-1,-0.252194,0.0297442
516,-1,-0.253643,0.0297219
517,-1,-0.255087,0.0296994
518,-1,-0.256525,0.0296769
519,-1,-0.257958,0.0296543
520,-1,-0.259385,0.0296316
521,-1,-0.260806,0.0296088
522,-1,-0.262222,0.0295859
523,-1,-0.263633,0.029563
524,-1,-0.265038,0.02954
525,-1,-0.266438,0.0295169
526,-1,-0.267833,0.0294937
527,-1,-0.269222,0.0294704
528,-1,-0.270606,0.0294471
529,-1,-0.271985,0.0294237
530,-0.84,-0.273057,0.0293877
531,-0.88,-0.2742,0.0293546
532,-0.84,-0.275263,0.0293186
533,-0.88,-0.276398,0.0292855
534,-0.92,-0.277603,0.0292555
535,-0.76,-0.278505,0.0292147
536,-0.84,-0.279552,0.0291789
537,-0.8,-0.280521,0.0291407
538,-0.92,-0.28171,0.0291107
539,-0.84,-0.282746,0.0290751
540,-0.88,-0.283852,0.0290423
541,-0.96,-0.285102,0.0290155
542,-1,-0.286421,0.0289919
543,-1,-0.287735,0.0289683
544,-0.84,-0.28875,0.0289328
545,-0.6,-0.289321,0.0288853
546,-0.72,-0.29011,0.0288432
547,-0.64,-0.29075,0.0287975
548,-0.48,-0.291095,0.028747
549,-0.52,-0.291512,0.0286976
550,-0.28,-0.291491,0.0286454
551,-0.32,-0.291543,0.0285934
552,-0.44,-0.291812,0.0285428
553,-0.52,-0.292224,0.0284941
554,-0.64,-0.292852,0.0284496
555,-0.6,-0.293405,0.0284037
556,-0.56,-0.293885,0.0283566
557,-0.64,-0.294506,0.0283125
558,-0.72,-0.295269,0.028272
559,-0.72,-0.296029,0.0282316
560,-0.8,-0.296929,0.0281955
561,-1,-0.298182,0.0281731
562,-1,-0.299431,0.0281506
563,-1,-0.300675,0.0281281
564,-1,-0.301915,0.0281055
565,-1,-0.30315,0.0280829
566,-1,-0.304382,0.0280603
567,-1,-0.305608,0.0280376
568,-1,-0.306831,0.0280149
569,-1,-0.308049,0.0279921
570,-1,-0.309263,0.0279693
571,-1,-0.310473,0.0279465
572,-1,-0.311678,0.0279236
573,-1,-0.31288,0.0279007
574,-1,-0.314077,0.0278778
575,-1,-0.31527,0.0278548
576,-0.96,-0.316389,0.027829
577,-0.88,-0.317366,0.0277979
578,-0.84,-0.31827,0.0277644
579,-0.76,-0.319033,0.0277269
580,-0.64,-0.319586,0.0276846
581,-0.64,-0.320138,0.0276424
582,-0.64,-0.320687,0.0276004
583,-0.76,-0.321441,0.0275633
584,-0.72,-0.322123,0.0275245
585,-0.72,-0.322803,0.0274858
586,-0.76,-0.323549,0.027449
587,-0.84,-0.324429,0.0274164
588,-0.68,-0.325034,0.0273764
589,-0.56,-0.325433,0.0273328
590,-0.56,-0.325831,0.0272893
591,-0.52,-0.326159,0.0272451
592,-0.56,-0.326554,0.0272019
593,-0.68,-0.32715,0.0271625
594,-0.76,-0.327879,0.0271265
595,-0.76,-0.328605,0.0270906
596,-0.76,-0.329329,0.0270548
597,-0.76,-0.33005,0.0270191
598,-0.76,-0.330769,0.0269835
599,-0.72,-0.331419,0.0269462
600,-0.72,-0.332067,0.0269091
601,-0.68,-0.332646,0.0268705
602,-0.6,-0.33309,0.0268295
603,-0.68,-0.333665,0.0267911
604,-0.68,-0.334238,0.0267529
605,-0.52,-0.334545,0.0267104
606,-0.36,-0.334587,0.0266663
607,-0.36,-0.334629,0.0266224
608,-0.32,-0.334605,0.0265786
609,-0.4,-0.334713,0.0265351
610,-0.28,-0.334623,0.0264917
611,-0.16,-0.334337,0.0264499
612,-0.2,-0.334118,0.0264075
613,-0.16,-0.333834,0.026366
614,-0.2,-0.333616,0.0263239
615,-0.16,-0.333333,0.0262826
616,-0.12,-0.332987,0.0262421
617,-0.2,-0.332771,0.0262005
618,-0.2,-0.332557,0.0261589
619,-0.32,-0.332536,0.0261166
620,-0.12,-0.332194,0.0260767
621,-0.28,-0.33211,0.0260348
622,-0.52,-0.332412,0.0259947
623,-0.48,-0.332648,0.025954
624,-0.48,-0.332885,0.0259135
625,-0.4,-0.332992,0.0258722
626,-0.4,-0.333099,0.0258311
627,-0.36,-0.333142,0.0257899
628,-0.2,-0.33293,0.0257496
629,-0.16,-0.332655,0.0257101
630,-0.16,-0.332381,0.0256708
631,-0.12,-0.332044,0.0256322
632,-0.32,-0.332025,0.0255917
633,-0.32,-0.332006,0.0255512
634,-0.36,-0.33205,0.0255109
635,-0.48,-0.332283,0.0254718
636,-0.36,-0.332327,0.0254317
637,-0.4,-0.332433,0.025392
638,-0.32,-0.332414,0.0253522
639,-0.28,-0.332332,0.0253126
640,-0.28,-0.33225,0.0252732
641,-0.48,-0.33248,0.0252347
642,-0.6,-0.332897,0.0251989
643,-0.6,-0.333313,0.0251631
644,-0.56,-0.333665,0.0251264
645,-0.56,-0.334016,0.0250899
646,-0.64,-0.334489,0.0250555
647,-0.72,-0.335085,0.0250238
648,-0.76,-0.335741,0.0249938
649,-0.88,-0.336579,0.0249693
650,-0.92,-0.337477,0.0249471
651,-0.92,-0.338372,0.0249248
652,-1,-0.339387,0.0249072
653,-1,-0.340398,0.0248896
654,-1,-0.341407,0.024872
655,-1,-0.342412,0.0248543
656,-1,-0.343415,0.0248366
657,-1,-0.344414,0.0248189
658,-1,-0.34541,0.0248012
659,-1,-0.346404,0.0247834
660,-1,-0.347394,0.0247657
661,-0.92,-0.34826,0.0247433
662,-0.92,-0.349124,0.024721
663,-1,-0.350106,0.0247032
664,-1,-0.351084,0.0246854
665,-1,-0.35206,0.0246676
666,-1,-0.353033,0.0246497
667,-1,-0.354003,0.0246318
668,-1,-0.35497,0.0246139
669,-1,-0.355934,0.024596
670,-1,-0.356896,0.0245781
671,-1,-0.357854,0.0245601
672,-1,-0.35881,0.0245422
673,-1,-0.359762,0.0245242
674,-1,-0.360712,0.0245062
675,-1,-0.361659,0.0244882
676,-1,-0.362604,0.0244702
677,-0.96,-0.363486,0.0244499
678,-0.96,-0.364366,0.0244297
679,-1,-0.365302,0.0244116
680,-1,-0.366235,0.0243936
681,-1,-0.367166,0.0243755
682,-1,-0.368094,0.0243574
683,-1,-0.369019,0.0243393
684,-1,-0.369942,0.0243212
685,-0.96,-0.370803,0.0243009
686,-1,-0.37172,0.0242828
687,-1,-0.372635,0.0242647
688,-1,-0.373547,0.0242465
689,-1,-0.374456,0.0242284
690,-1,-0.375362,0.0242102
691,-1,-0.376266,0.0241921
692,-1,-0.377168,0.0241739
693,-1,-0.378066,0.0241557
694,-1,-0.378963,0.0241375
695,-1,-0.379856,0.0241193
696,-1,-0.380747,0.0241011
697,-1,-0.381636,0.0240829
698,-1,-0.382521,0.0240647
699,-1,-0.383405,0.0240465
700,-1,-0.384286,0.0240283
701,-1,-0.385164,0.02401
702,-1,-0.38604,0.0239918
703,-1,-0.386913,0.0239735
704,-1,-0.387784,0.0239553
705,-1,-0.388652,0.0239371
706,-1,-0.389518,0.0239188
707,-1,-0.390382,0.0239006
708,-1,-0.391243,0.0238823
709,-1,-0.392102,0.023864
710,-1,-0.392958,0.0238458
711,-1,-0.393812,0.0238275
712,-0.92,-0.394551,0.0238055
713,-0.96,-0.395344,0.0237853
714,-1,-0.39619,0.0237671
715,-1,-0.397035,0.0237488
716,-1,-0.397877,0.0237306
717,-1,-0.398717,0.0237123
718,-1,-0.399554,0.0236941
719,-1,-0.400389,0.0236759
720,-1,-0.401222,0.0236576
721,-1,-0.402053,0.0236394
722,-1,-0.402881,0.0236211
723,-1,-0.403707,0.0236029
724,-1,-0.40453,0.0235847
725,-1,-0.405352,0.0235664
726,-1,-0.406171,0.0235482
727,-1,-0.406988,0.02353
728,-1,-0.407802,0.0235117
729,-1,-0.408615,0.0234935
730,-1,-0.409425,0.0234753
731,-1,-0.410233,0.0234571
732,-1,-0.411038,0.0234388
733,-1,-0.411842,0.0234206
734,-1,-0.412643,0.0234024
735,-1,-0.413442,0.0233842
736,-0.88,-0.414076,0.023361
737,-0.92,-0.414763,0.0233394
738,-0.88,-0.415393,0.0233163
739,-0.92,-0.416076,0.0232947
740,-0.88,-0.416703,0.0232717
741,-0.84,-0.417274,0.0232473
742,-0.88,-0.417898,0.0232243
743,-0.88,-0.41852,0.0232013
744,-0.8,-0.419032,0.0231758
745,-0.84,-0.419597,0.0231516
746,-0.8,-0.420107,0.0231261
747,-0.68,-0.420455,0.0230978
748,-0.64,-0.420749,0.0230687
749,-0.64,-0.421041,0.0230398
750,-0.68,-0.421387,0.0230116
751,-0.64,-0.421678,0.0229828
752,-0.72,-0.422074,0.0229557
753,-0.72,-0.42247,0.0229286
754,-0.52,-0.422599,0.0228985
755,-0.28,-0.422411,0.0228689
756,-0.36,-0.422328,0.0228388
757,-0.4,-0.422299,0.0228086
758,-0.4,-0.422269,0.0227786
759,-0.44,-0.422292,0.0227485
760,-0.24,-0.422053,0.0227199
761,-0.16,-0.421708,0.0226926
762,-0.12,-0.421312,0.0226662
763,-0.28,-0.421127,0.0226373
764,-0.28,-0.420942,0.0226084
765,-0.4,-0.420915,0.0225788
766,-0.56,-0.421097,0.0225501
767,-0.76,-0.421538,0.022525
768,-0.72,-0.421927,0.022499
769,-0.72,-0.422315,0.0224731
770,-0.76,-0.422753,0.0224481
771,-0.8,-0.423243,0.0224243
772,-0.8,-0.423731,0.0224006
773,-0.76,-0.424166,0.0223758
774,-0.76,-0.424599,0.0223511
775,-0.88,-0.425187,0.02233
776,-0.88,-0.425773,0.0223089
777,-0.76,-0.426203,0.0222843
778,-0.76,-0.426632,0.0222598
779,-0.84,-0.427163,0.0222375
780,-0.76,-0.42759,0.0222131
781,-0.76,-0.428015,0.0221887
782,-0.88,-0.428593,0.0221679
783,-0.84,-0.429119,0.0221458
784,-0.88,-0.429694,0.022125
785,-0.84,-0.430217,0.0221029
786,-0.84,-0.430738,0.022081
787,-0.92,-0.43136,0.0220617
788,-1,-0.432081,0.0220455
789,-0.96,-0.43275,0.0220277
790,-0.96,-0.433418,0.0220099
791,-1,-0.434134,0.0219937
792,-1,-0.434848,0.0219775
793,-1,-0.435561,0.0219614
794,-1,-0.436272,0.0219452
795,-1,-0.436981,0.0219291
796,-1,-0.437688,0.0219129
797,-1,-0.438394,0.0218968
798,-1,-0.439098,0.0218806
799,-1,-0.4398,0.0218645
800,-1,-0.4405,0.0218484
801,-1,-0.441199,0.0218323
802,-1,-0.441895,0.0218161
803,-1,-0.44259,0.0218
804,-1,-0.443284,0.0217839
805,-1,-0.443975,0.0217679
806,-1,-0.444665,0.0217518
807,-1,-0.445353,0.0217357
808,-1,-0.44604,0.0217196
809,-1,-0.446724,0.0217036
810,-1,-0.447407,0.0216875
811,-1,-0.448089,0.0216715
812,-1,-0.448768,0.0216554
813,-1,-0.449446,0.0216394
814,-1,-0.450123,0.0216234
815,-1,-0.450798,0.0216074
816,-1,-0.451471,0.0215914
817,-1,-0.452142,0.0215754
818,-1,-0.452812,0.0215594
819,-1,-0.45348,0.0215434
820,-1,-0.454146,0.0215275
821,-1,-0.454811,0.0215115
822,-1,-0.455474,0.0214955
823,-1,-0.456136,0.0214796
824,-1,-0.456796,0.0214637
825,-1,-0.457455,0.0214477
826,-1,-0.458111,0.0214318
827,-1,-0.458767,0.0214159
828,-1,-0.45942,0.0214
829,-1,-0.460072,0.0213841
830,-1,-0.460723,0.0213683
831,-1,-0.461372,0.0213524
832,-1,-0.462019,0.0213365
833,-1,-0.462665,0.0213207
834,-1,-0.463309,0.0213049
835,-1,-0.463952,0.021289
836,-1,-0.464593,0.0212732
837,-1,-0.465233,0.0212574
838,-1,-0.465871,0.0212416
839,-1,-0.466508,0.0212258
840,-1,-0.467143,0.0212101
841,-1,-0.467776,0.0211943
842,-1,-0.468409,0.0211786
843,-0.96,-0.468992,0.0211615
844,-0.92,-0.469526,0.0211431
845,-0.88,-0.470012,0.0211237
846,-0.8,-0.470402,0.0211023
847,-0.72,-0.470697,0.0210794
848,-0.76,-0.471038,0.0210573
849,-0.8,-0.471425,0.0210361
850,-0.84,-0.471859,0.0210158
851,-0.68,-0.472103,0.0209925
852,-0.72,-0.472394,0.0209699
853,-0.68,-0.472638,0.0209467
854,-0.72,-0.472927,0.0209241
855,-0.76,-0.473263,0.0209023
856,-0.8,-0.473645,0.0208814
857,-0.88,-0.474119,0.0208624
858,-0.84,-0.474545,0.0208424
859,-0.72,-0.474831,0.0208201
860,-0.8,-0.475209,0.0207993
861,-0.68,-0.475447,0.0207765
862,-0.72,-0.475731,0.0207544
863,-0.76,-0.47606,0.0207329
864,-0.72,-0.476343,0.0207108
865,-0.68,-0.476578,0.0206882
866,-0.72,-0.476859,0.0206662
867,-0.72,-0.47714,0.0206443
868,-0.76,-0.477465,0.020623
869,-0.52,-0.477514,0.0205994
870,-0.56,-0.477609,0.0205759
871,-0.6,-0.47775,0.0205527
872,-0.52,-0.477798,0.0205292
873,-0.52,-0.477847,0.0205057
874,-0.52,-0.477895,0.0204823
875,-0.36,-0.47776,0.0204593
876,-0.32,-0.47758,0.0204368
877,-0.28,-0.477355,0.0204147
878,-0.36,-0.477221,0.0203919
879,-0.28,-0.476997,0.0203699
880,-0.36,-0.476864,0.0203472
881,-0.52,-0.476913,0.0203241
882,-0.6,-0.477052,0.0203015
883,-0.56,-0.477146,0.0202787
884,-0.52,-0.477195,0.0202558
885,-0.56,-0.477288,0.0202332
886,-0.48,-0.477291,0.0202103
887,-0.48,-0.477294,0.0201875
888,-0.48,-0.477297,0.0201648
889,-0.36,-0.477165,0.0201425
890,-0.4,-0.477079,0.0201201
891,-0.44,-0.477037,0.0200975
892,-0.52,-0.477085,0.020075
893,-0.6,-0.477223,0.020053
894,-0.52,-0.477271,0.0200306
895,-0.6,-0.477408,0.0200087
896,-0.68,-0.477634,0.0199876
897,-0.64,-0.477815,0.0199661
898,-0.64,-0.477996,0.0199447
899,-0.64,-0.478176,0.0199233
900,-0.64,-0.478356,0.019902
901,-0.6,-0.478491,0.0198804
902,-0.6,-0.478625,0.0198588
903,-0.48,-0.478627,0.0198368
904,-0.64,-0.478805,0.0198156
905,-0.56,-0.478895,0.0197939
906,-0.6,-0.479029,0.0197725
907,-0.6,-0.479162,0.0197511
908,-0.64,-0.479339,0.0197302
909,-0.76,-0.479648,0.0197109
910,-0.68,-0.479868,0.0196904
911,-0.72,-0.480132,0.0196706
912,-0.72,-0.480395,0.0196507
913,-0.76,-0.480701,0.0196316
914,-0.84,-0.481094,0.019614
915,-0.8,-0.481443,0.0195957
916,-0.8,-0.48179,0.0195774
917,-0.88,-0.482225,0.0195608
918,-0.92,-0.482702,0.0195453
919,-0.96,-0.483221,0.019531
920,-0.88,-0.483652,0.0195145
921,-0.84,-0.484039,0.0194971
922,-0.88,-0.484469,0.0194807
923,-0.8,-0.48481,0.0194626
924,-0.88,-0.485238,0.0194462
925,-0.88,-0.485665,0.0194299
926,-0.92,-0.486134,0.0194145
927,-1,-0.486688,0.0194015
928,-1,-0.487241,0.0193885
929,-1,-0.487793,0.0193755
930,-1,-0.488344,0.0193625
931,-1,-0.488894,0.0193495
932,-1,-0.489442,0.0193365
933,-1,-0.489989,0.0193235
934,-1,-0.490535,0.0193105
935,-1,-0.49108,0.0192975
936,-0.96,-0.491581,0.0192834
937,-0.92,-0.492038,0.0192682
938,-0.88,-0.492452,0.0192521
939,-0.92,-0.492907,0.019237
940,-0.96,-0.493404,0.019223
941,-1,-0.493943,0.0192101
942,-1,-0.49448,0.0191972
943,-1,-0.495016,0.0191843
944,-1,-0.495551,0.0191714
945,-1,-0.496085,0.0191586
946,-1,-0.496617,0.0191457
947,-1,-0.497149,0.0191329
948,-1,-0.497679,0.01912
949,-1,-0.498209,0.0191072
950,-1,-0.498737,0.0190944
951,-1,-0.499264,0.0190816
952,-1,-0.49979,0.0190688
953,-1,-0.500315,0.019056
954,-1,-0.500839,0.0190432
955,-1,-0.501361,0.0190305
956,-0.96,-0.501841,0.0190166
957,-0.92,-0.502278,0.0190017
958,-0.96,-0.502756,0.0189879
959,-0.92,-0.503191,0.0189731
960,-0.8,-0.5035,0.0189558
961,-0.8,-0.503809,0.0189386
962,-0.84,-0.504158,0.0189221
963,-0.96,-0.504631,0.0189084
964,-0.96,-0.505104,0.0188947
965,-0.88,-0.505492,0.0188791
966,-0.8,-0.505797,0.018862
967,-0.8,-0.506101,0.0188449
968,-0.76,-0.506364,0.0188273
969,-0.92,-0.506791,0.0188127
970,-1,-0.507299,0.0188002
971,-1,-0.507806,0.0187876
972,-1,-0.508313,0.0187751
973,-1,-0.508818,0.0187626
974,-1,-0.509322,0.0187501
975,-1,-0.509826,0.0187377
976,-1,-0.510328,0.0187252
977,-1,-0.510829,0.0187127
978,-1,-0.511329,0.0187003
979,-1,-0.511828,0.0186878
980,-1,-0.512327,0.0186754
981,-1,-0.512824,0.018663
982,-0.96,-0.513279,0.0186495
983,-0.96,-0.513733,0.0186361
984,-0.92,-0.514146,0.0186217
985,-0.84,-0.514477,0.0186057
986,-0.76,-0.514726,0.0185885
987,-0.76,-0.514975,0.0185713
988,-0.76,-0.515223,0.0185542
989,-0.76,-0.51547,0.0185371
990,-0.72,-0.515677,0.0185195
991,-0.56,-0.515721,0.0185009
992,-0.6,-0.515806,0.0184824
993,-0.6,-0.515891,0.018464
994,-0.56,-0.515936,0.0184454
995,-0.44,-0.515859,0.018427
996,-0.44,-0.515783,0.0184087
997,-0.44,-0.515707,0.0183904
998,-0.32,-0.515511,0.018373
999,-0.24,-0.515235,0.0183567
1000,-0.36,-0.51508,0.0183389
