1,-0.32,-0.32,0
2,-0.28,-0.3,0.02
3,-0.2,-0.266667,0.0352767
4,-0.04,-0.21,0.0619139
5,0.04,-0.16,0.069282
6,0.08,-0.12,0.069282
7,-0.08,-0.114286,0.0588322
8,-0.12,-0.115,0.0509552
9,-0.24,-0.128889,0.0470356
10,-0.2,-0.136,0.0426667
11,0.04,-0.12,0.0417786
12,0.12,-0.1,0.0430644
13,0.16,-0.08,0.044376
14,0.08,-0.0685714,0.0426442
15,0.16,-0.0533333,0.0425236
16,0.08,-0.045,0.0406407
17,0.28,-0.0258824,0.0426947
18,0.12,-0.0177778,0.0410607
19,0.24,-0.00421053,0.041141
20,0.24,0.008,0.0408952
21,0.48,0.0304762,0.0449257
22,0.48,0.0509091,0.0474588
23,0.52,0.0713043,0.0497238
24,0.52,0.09,0.0511463
25,0.56,0.1088,0.0525367
26,0.48,0.123077,0.0524559
27,0.36,0.131852,0.0512328
28,0.2,0.134286,0.0494291
29,0.12,0.133793,0.0476967
30,0.04,0.130667,0.0461854
31,0.2,0.132903,0.0447266
32,0.16,0.13375,0.0433147
33,0.24,0.13697,0.0421049
34,0.2,0.138824,0.0408898
35,0.16,0.139429,0.0397089
36,0.16,0.14,0.0385943
37,0.32,0.144865,0.0378507
38,0.32,0.149474,0.0371283
39,0.32,0.153846,0.0364272
40,0.24,0.156,0.0355701
41,0.2,0.157073,0.0347083
42,0.44,0.16381,0.0345352
43,0.36,0.168372,0.0340297
44,0.52,0.176364,0.0341943
45,0.56,0.184889,0.0344958
46,0.6,0.193913,0.0349236
47,0.6,0.202553,0.0352479
48,0.64,0.211667,0.0356889
49,0.64,0.220408,0.0360295
50,0.64,0.2288,0.0362853
51,0.76,0.239216,0.0370605
52,0.84,0.250769,0.0381331
53,0.8,0.261132,0.0388156
54,0.96,0.274074,0.0402287
55,1,0.287273,0.0416377
56,1,0.3,0.0428225
57,1,0.312281,0.0438205
58,1,0.324138,0.0446611
59,1,0.335593,0.0453677
60,1,0.346667,0.0459591
61,0.92,0.356066,0.0461663
62,0.8,0.363226,0.0459766
63,0.72,0.368889,0.0455939
64,0.84,0.37625,0.0454756
65,0.84,0.383385,0.0453354
66,0.84,0.390303,0.0451761
67,1,0.399403,0.0454177
68,1,0.408235,0.0456082
69,1,0.416812,0.0457534
70,1,0.425143,0.0458582
71,1,0.433239,0.045927
72,1,0.441111,0.0459637
73,1,0.448767,0.0459716
74,0.88,0.454595,0.0457191
75,0.88,0.460267,0.0454606
76,0.92,0.466316,0.0452645
77,0.84,0.471169,0.0449356
78,0.84,0.475897,0.0446071
79,0.88,0.481013,0.0443349
80,0.92,0.4865,0.0441198
81,0.96,0.492346,0.0439621
82,0.8,0.496098,0.0435844
83,0.76,0.499277,0.0431733
84,0.76,0.502381,0.042769
85,0.84,0.506353,0.0424491
86,0.76,0.509302,0.0420562
87,0.84,0.513103,0.0417434
88,0.72,0.515455,0.0413332
89,0.68,0.517303,0.040908
90,0.76,0.52,0.0405407
91,0.84,0.523516,0.0402466
92,0.92,0.527826,0.0400393
93,0.96,0.532473,0.0398782
94,0.84,0.535745,0.0395871
95,0.64,0.536842,0.0391835
96,0.48,0.53625,0.0387777
97,0.68,0.537732,0.0384045
98,0.52,0.537551,0.038011
99,0.56,0.537778,0.0376258
100,0.72,0.5396,0.0372922
101,0.72,0.541386,0.0369643
102,0.76,0.543529,0.0366628
103,0.76,0.545631,0.0363659
104,0.68,0.546923,0.0360377
105,0.56,0.547048,0.035693
106,0.68,0.548302,0.0353769
107,0.68,0.549533,0.0350663
108,0.72,0.551111,0.034776
109,0.68,0.552294,0.0344757
110,0.64,0.553091,0.0341702
111,0.6,0.553514,0.0338636
112,0.44,0.5525,0.0335752
113,0.52,0.552212,0.033278
114,0.44,0.551228,0.0329994
115,0.4,0.549913,0.0327377
116,0.36,0.548276,0.0324955
117,0.32,0.546325,0.0322756
118,0.08,0.542373,0.032244
119,0.16,0.53916,0.0321329
120,0.24,0.536667,0.0319614
121,0.32,0.534876,0.0317467
122,0.24,0.532459,0.031578
123,0.4,0.531382,0.0313388
124,0.48,0.530968,0.0310878
125,0.56,0.5312,0.0308389
126,0.6,0.531746,0.0305981
127,0.56,0.531969,0.030357
128,0.48,0.531563,0.0301216
129,0.64,0.532403,0.029899
130,0.56,0.532615,0.0296689
131,0.68,0.53374,0.0294631
132,0.8,0.535758,0.0293085
133,0.72,0.537143,0.0291203
134,0.6,0.537612,0.0289059
135,0.48,0.537185,0.0286942
136,0.48,0.536765,0.0284855
137,0.28,0.534891,0.0283389
138,0.12,0.531884,0.028293
139,0.08,0.528633,0.0282762
140,0.08,0.525429,0.0282558
141,0.16,0.522837,0.0281741
142,0.2,0.520563,0.0280673
143,0.28,0.518881,0.027921
144,0.32,0.5175,0.0277608
145,0.36,0.516414,0.0275901
146,0.48,0.516164,0.0274016
147,0.52,0.51619,0.0272146
148,0.64,0.517027,0.027043
149,0.64,0.517852,0.0268736
150,0.76,0.519467,0.0267426
151,0.56,0.519735,0.0265662
152,0.64,0.520526,0.0264027
153,0.6,0.521046,0.0262348
154,0.68,0.522078,0.0260843
155,0.68,0.523097,0.0259355
156,0.76,0.524615,0.0258134
157,0.72,0.52586,0.0256786
158,0.72,0.527089,0.0255451
159,0.92,0.52956,0.025504
160,0.76,0.531,0.025385
161,0.72,0.532174,0.0252541
162,0.6,0.532593,0.0251012
163,0.68,0.533497,0.0249631
164,0.72,0.534634,0.0248365
165,0.76,0.536,0.0247233
166,0.76,0.537349,0.0246109
167,0.6,0.537725,0.024466
168,0.6,0.538095,0.0243227
169,0.56,0.538225,0.0241787
170,0.48,0.537882,0.0240385
171,0.48,0.537544,0.0238999
172,0.48,0.537209,0.0237629
173,0.32,0.535954,0.0236585
174,0.32,0.534713,0.0235549
175,0.28,0.533257,0.0234651
176,0.12,0.530909,0.0234492
177,0.36,0.529944,0.0233363
178,0.32,0.528764,0.0232348
179,0.28,0.527374,0.0231464
180,0.28,0.526,0.0230585
181,0.36,0.525083,0.022949
182,0.4,0.524396,0.0228329
183,0.68,0.525246,0.0227237
184,0.68,0.526087,0.0226155
185,0.72,0.527135,0.0225174
186,0.8,0.528602,0.022444
187,0.76,0.52984,0.0223579
188,0.76,0.531064,0.0222723
189,0.64,0.53164,0.0221617
190,0.6,0.532,0.0220477
191,0.56,0.532147,0.0219324
192,0.44,0.531667,0.0218232
193,0.52,0.531606,0.0217099
194,0.44,0.531134,0.0216029
195,0.48,0.530872,0.0214934
196,0.56,0.53102,0.021384
197,0.76,0.532183,0.0213069
198,0.72,0.533131,0.0212202
199,0.68,0.533869,0.0211262
200,0.68,0.5346,0.021033
201,0.64,0.535124,0.0209346
202,0.64,0.535644,0.0208372
203,0.68,0.536355,0.0207465
204,0.76,0.537451,0.0206736
205,0.8,0.538732,0.0206124
206,0.6,0.539029,0.0205142
207,0.68,0.53971,0.0204262
208,0.72,0.540577,0.0203463
209,0.76,0.541627,0.0202759
210,0.64,0.542095,0.0201845
211,0.56,0.54218,0.0200888
212,0.44,0.541698,0.0199997
213,0.36,0.540845,0.0199238
214,0.52,0.540748,0.0198307
215,0.48,0.540465,0.0197403
216,0.52,0.54037,0.0196489
217,0.48,0.540092,0.0195601
218,0.6,0.540367,0.0194722
219,0.6,0.540639,0.0193849
220,0.72,0.541455,0.0193138
221,0.64,0.5419,0.0192314
222,0.64,0.542342,0.0191497
223,0.68,0.54296,0.0190736
224,0.6,0.543214,0.01899
225,0.56,0.543289,0.0189056
226,0.4,0.542655,0.0188324
227,0.36,0.54185,0.0187665
228,0.36,0.541053,0.018701
229,0.28,0.539913,0.0186541
230,0.16,0.538261,0.0186461
231,0.36,0.537489,0.0185812
232,0.36,0.536724,0.0185168
233,0.48,0.536481,0.0184387
234,0.48,0.536239,0.0183613
235,0.56,0.53634,0.0182833
236,0.48,0.536102,0.0182073
237,0.52,0.536034,0.0181304
238,0.44,0.53563,0.0180586
239,0.4,0.535063,0.0179918
240,0.4,0.5345,0.0179255
241,0.4,0.533942,0.0178597
242,0.56,0.53405,0.0177861
243,0.52,0.533992,0.0177128
244,0.52,0.533934,0.0176402
245,0.44,0.533551,0.0175722
246,0.48,0.533333,0.017502
247,0.52,0.533279,0.0174311
248,0.48,0.533065,0.017362
249,0.44,0.532691,0.0172961
250,0.44,0.53232,0.0172308
251,0.4,0.531793,0.0171701
252,0.36,0.531111,0.0171154
253,0.4,0.530593,0.0170555
254,0.28,0.529606,0.0170169
255,0.28,0.528627,0.0169782
256,0.12,0.527031,0.0169869
257,0.04,0.525136,0.0170265
258,0.04,0.523256,0.0170643
259,-0.08,0.520927,0.0171571
260,-0.08,0.518615,0.0172466
261,0,0.516628,0.0172949
262,0,0.514656,0.0173412
263,0,0.5127,0.0173856
264,-0.16,0.510152,0.0175061
265,-0.24,0.507321,0.0176682
266,-0.28,0.504361,0.0178487
267,-0.28,0.501423,0.0180228
268,-0.32,0.498358,0.0182151
269,-0.12,0.496059,0.0182923
270,-0.16,0.49363,0.0183857
271,-0.32,0.490627,0.0185622
272,-0.12,0.488382,0.0186295
273,-0.16,0.486007,0.0187125
274,-0.04,0.484088,0.0187427
275,-0.04,0.482182,0.0187714
276,0.04,0.48058,0.0187717
277,-0.08,0.478556,0.018813
278,-0.12,0.476403,0.0188685
279,-0.2,0.473978,0.0189564
280,-0.16,0.471714,0.0190238
281,-0.16,0.469466,0.0190888
282,-0.08,0.467518,0.0191205
283,-0.2,0.465159,0.0191983
284,-0.2,0.462817,0.0192734
285,-0.28,0.460211,0.0193817
286,-0.2,0.457902,0.0194513
287,-0.2,0.45561,0.0195185
288,-0.24,0.453194,0.0196
289,-0.24,0.450796,0.0196788
290,-0.2,0.448552,0.0197388
291,-0.16,0.44646,0.0197817
292,-0.28,0.443973,0.0198702
293,-0.24,0.441638,0.0199394
294,-0.24,0.43932,0.0200062
295,-0.12,0.437424,0.0200282
296,-0.08,0.435676,0.0200369
297,-0.04,0.434074,0.0200334
298,0.08,0.432886,0.0200014
299,0.16,0.431973,0.0199553
300,0.12,0.430933,0.0199158
301,0.12,0.4299,0.0198764
302,0.16,0.429007,0.0198306
303,0.04,0.427723,0.0198067
304,0.04,0.426447,0.0197826
305,0.04,0.42518,0.0197583
306,0.12,0.424183,0.0197189
307,0.24,0.423583,0.0196637
308,0.24,0.422987,0.0196088
309,0.24,0.422395,0.0195542
310,0.16,0.421548,0.0195094
311,0.12,0.420579,0.0194707
312,0.08,0.419487,0.0194389
313,0,0.418147,0.019423
314,0,0.416815,0.0194068
315,-0.08,0.415238,0.0194092
316,-0.12,0.413544,0.0194217
317,-0.04,0.412114,0.0194132
318,0,0.410818,0.0193954
319,0.08,0.409781,0.0193623
320,0.12,0.408875,0.0193229
321,0.08,0.40785,0.0192898
322,0.04,0.406708,0.0192637
323,0.04,0.405573,0.0192375
324,0.16,0.404815,0.019193
325,0.2,0.404185,0.0191443
326,0.24,0.403681,0.0190921
327,0.2,0.403058,0.0190438
328,0.24,0.402561,0.0189922
329,0.32,0.40231,0.018936
330,0.12,0.401455,0.0188979
331,0.12,0.400604,0.0188599
332,0.24,0.40012,0.0188092
333,0.16,0.399399,0.0187665
334,0.2,0.398802,0.0187198
335,0.16,0.39809,0.0186774
336,0.24,0.397619,0.0186277
337,0.24,0.397151,0.0185782
338,0.32,0.396923,0.0185246
339,0.4,0.396932,0.0184699
340,0.48,0.397176,0.0184171
341,0.64,0.397889,0.0183768
342,0.72,0.39883,0.0183472
343,0.68,0.39965,0.018312
344,0.72,0.400581,0.0182824
345,0.72,0.401507,0.0182528
346,0.56,0.401965,0.0182057
347,0.52,0.402305,0.0181564
348,0.56,0.402759,0.0181098
349,0.48,0.40298,0.0180592
350,0.6,0.403543,0.0180163
351,0.8,0.404672,0.0180004
352,0.88,0.406023,0.0179999
353,0.88,0.407365,0.017999
354,0.68,0.408136,0.0179646
355,0.72,0.409014,0.0179354
356,0.64,0.409663,0.0178968
357,0.48,0.40986,0.0178476
358,0.52,0.410168,0.0178004
359,0.36,0.410028,0.0177513
360,0.4,0.41,0.0177019
361,0.4,0.409972,0.0176528
362,0.4,0.409945,0.017604
363,0.48,0.410138,0.0175565
364,0.48,0.41033,0.0175093
365,0.48,0.410521,0.0174623
366,0.44,0.410601,0.0174147
367,0.4,0.410572,0.0173672
368,0.44,0.410652,0.0173201
369,0.4,0.410623,0.0172732
370,0.36,0.410486,0.017227
371,0.36,0.41035,0.017181
372,0.44,0.41043,0.0171349
373,0.44,0.410509,0.0170891
374,0.4,0.410481,0.0170434
375,0.48,0.410667,0.0169989
376,0.4,0.410638,0.0169536
377,0.44,0.410716,0.0169088
378,0.48,0.410899,0.016865
379,0.64,0.411504,0.0168313
380,0.64,0.412105,0.0167977
381,0.52,0.412388,0.016756
382,0.4,0.412356,0.0167121
383,0.44,0.412428,0.0166685
384,0.56,0.412813,0.0166295
385,0.6,0.413299,0.0165934
386,0.52,0.413575,0.0165526
387,0.36,0.413437,0.0165104
388,0.52,0.413711,0.0164701
389,0.6,0.41419,0.0164347
390,0.56,0.414564,0.0163967
391,0.48,0.414731,0.0163556
392,0.4,0.414694,0.0163139
393,0.6,0.415165,0.0162791
394,0.48,0.41533,0.0162386
395,0.64,0.415899,0.0162074
396,0.56,0.416263,0.0161705
397,0.64,0.416826,0.0161396
398,0.56,0.417186,0.016103
399,0.64,0.417744,0.0160723
400,0.76,0.4186,0.0160549
401,0.8,0.419551,0.016043
402,0.68,0.420199,0.0160162
403,0.64,0.420744,0.0159857
404,0.64,0.421287,0.0159553
405,0.64,0.421827,0.015925
406,0.64,0.422365,0.0158948
407,0.68,0.422998,0.0158684
408,0.68,0.423627,0.0158419
409,0.52,0.423863,0.0158049
410,0.56,0.424195,0.0157698
411,0.48,0.424331,0.015732
412,0.4,0.424272,0.0156939
413,0.52,0.424504,0.0156575
414,0.6,0.424928,0.0156254
415,0.68,0.425542,0.0155998
416,0.6,0.425962,0.015568
417,0.64,0.426475,0.0155391
418,0.6,0.42689,0.0155074
419,0.6,0.427303,0.0154759
420,0.6,0.427714,0.0154444
421,0.6,0.428124,0.0154131
422,0.56,0.428436,0.0153797
423,0.56,0.428747,0.0153465
424,0.56,0.429057,0.0153134
425,0.56,0.429365,0.0152804
426,0.56,0.429671,0.0152476
427,0.68,0.430258,0.0152231
428,0.68,0.430841,0.0151987
429,0.68,0.431422,0.0151744
430,0.76,0.432186,0.0151583
431,0.84,0.433132,0.0151527
432,0.84,0.434074,0.0151469
433,0.84,0.435012,0.0151409
434,0.76,0.43576,0.0151245
435,0.76,0.436506,0.0151081
436,0.68,0.437064,0.0150838
437,0.6,0.437437,0.0150538
438,0.52,0.437626,0.0150206
439,0.44,0.437631,0.0149863
440,0.52,0.437818,0.0149534
441,0.56,0.438095,0.014922
442,0.52,0.438281,0.0148894
443,0.6,0.438646,0.0148602
444,0.52,0.438829,0.0148279
445,0.48,0.438921,0.0147948
446,0.44,0.438924,0.0147616
447,0.48,0.439016,0.0147288
448,0.44,0.439018,0.0146959
449,0.44,0.43902,0.0146631
450,0.44,0.439022,0.0146305
451,0.48,0.439113,0.0145983
452,0.36,0.438938,0.014567
453,0.36,0.438764,0.0145359
454,0.4,0.438678,0.0145041
455,0.36,0.438505,0.0144732
456,0.28,0.438158,0.0144456
457,0.44,0.438162,0.014414
458,0.48,0.438253,0.0143828
459,0.32,0.437996,0.0143537
460,0.36,0.437826,0.0143235
461,0.44,0.437831,0.0142924
462,0.44,0.437835,0.0142614
463,0.36,0.437667,0.0142315
464,0.4,0.437586,0.0142011
465,0.24,0.437161,0.0141769
466,0.12,0.436481,0.0141628
467,0.2,0.435974,0.0141415
468,0.12,0.435299,0.0141274
469,0,0.434371,0.0141278
470,0.08,0.433617,0.0141178
471,0.08,0.432866,0.0141078
472,0.24,0.432458,0.0140838
473,0.32,0.43222,0.014056
474,0.2,0.43173,0.0140349
475,0.12,0.431074,0.0140207
476,0.32,0.43084,0.0139931
477,0.28,0.430524,0.0139673
478,0.32,0.430293,0.01394
479,0.32,0.430063,0.0139128
480,0.36,0.429917,0.0138845
481,0.4,0.429854,0.0138558
482,0.36,0.42971,0.0138278
483,0.32,0.429482,0.013801
484,0.32,0.429256,0.0137743
485,0.28,0.428948,0.0137493
486,0.24,0.42856,0.0137265
487,0.4,0.428501,0.0136984
488,0.4,0.428443,0.0136704
489,0.32,0.428221,0.0136442
490,0.32,0.428,0.0136182
491,0.32,0.42778,0.0135922
492,0.32,0.427561,0.0135663
493,0.32,0.427343,0.0135405
494,0.48,0.427449,0.0135135
495,0.44,0.427475,0.0134862
496,0.52,0.427661,0.0134602
497,0.52,0.427847,0.0134344
498,0.52,0.428032,0.0134087
499,0.48,0.428136,0.0133822
500,0.36,0.428,0.0133561
501,0.24,0.427625,0.0133347
502,0.24,0.427251,0.0133134
503,0.32,0.427038,0.0132886
504,0.32,0.426825,0.0132639
505,0.32,0.426614,0.0132393
506,0.32,0.426403,0.0132148
507,0.2,0.425957,0.0131962
508,0.24,0.425591,0.0131753
509,0.24,0.425226,0.0131545
510,0.2,0.424784,0.0131361
511,0.28,0.424501,0.0131134
512,0.28,0.424219,0.0130908
513,0.2,0.423782,0.0130726
514,0.2,0.423346,0.0130544
515,0.24,0.42299,0.0130339
516,0.4,0.422946,0.0130087
517,0.48,0.423056,0.0129839
518,0.4,0.423012,0.0129589
519,0.44,0.423044,0.012934
520,0.36,0.422923,0.0129097
521,0.2,0.422495,0.012892
522,0.32,0.422299,0.0128687
523,0.44,0.422333,0.0128441
524,0.28,0.422061,0.0128225
525,0.36,0.421943,0.0127986
526,0.32,0.421749,0.0127757
527,0.28,0.42148,0.0127543
528,0.36,0.421364,0.0127306
529,0.44,0.421399,0.0127066
530,0.24,0.421057,0.0126872
531,0.4,0.421017,0.0126634
532,0.4,0.420977,0.0126396
533,0.44,0.421013,0.0126159
534,0.44,0.421049,0.0125923
535,0.36,0.420935,0.0125693
536,0.4,0.420896,0.0125459
537,0.48,0.421006,0.012523
538,0.48,0.421115,0.0125001
539,0.44,0.42115,0.012477
540,0.4,0.421111,0.0124539
541,0.6,0.421442,0.0124353
542,0.72,0.421993,0.0124245
543,0.76,0.422615,0.0124172
544,0.72,0.423162,0.0124064
545,0.72,0.423706,0.0123956
546,0.72,0.424249,0.0123848
547,0.76,0.424863,0.0123774
548,0.64,0.425255,0.012361
549,0.8,0.425938,0.0123573
550,0.64,0.426327,0.012341
551,0.76,0.426933,0.0123334
552,0.88,0.427754,0.0123384
553,1,0.428788,0.0123595
554,1,0.429819,0.0123801
555,1,0.430847,0.0124004
556,1,0.431871,0.0124204
557,1,0.43289,0.0124399
558,1,0.433907,0.0124591
559,1,0.434919,0.012478
560,1,0.435929,0.0124965
561,1,0.436934,0.0125147
562,1,0.437936,0.0125325
563,1,0.438934,0.01255
564,1,0.439929,0.0125671
565,1,0.44092,0.012584
566,1,0.441908,0.0126005
567,1,0.442892,0.0126167
568,1,0.443873,0.0126326
569,1,0.444851,0.0126482
570,1,0.445825,0.0126635
571,1,0.446795,0.0126785
572,1,0.447762,0.0126932
573,1,0.448726,0.0127077
574,1,0.449686,0.0127218
575,1,0.450643,0.0127357
576,0.96,0.451528,0.0127443
577,0.88,0.45227,0.0127438
578,0.84,0.452941,0.0127394
579,0.76,0.453472,0.0127284
580,0.64,0.453793,0.0127106
581,0.64,0.454114,0.0126927
582,0.68,0.454502,0.0126768
583,0.76,0.455026,0.0126659
584,0.72,0.455479,0.0126523
585,0.8,0.456068,0.0126444
586,0.88,0.456792,0.0126435
587,0.84,0.457445,0.0126388
588,0.72,0.457891,0.0126252
589,0.68,0.458268,0.0126094
590,0.64,0.458576,0.0125918
591,0.64,0.458883,0.0125742
592,0.44,0.458851,0.012553
593,0.56,0.459022,0.012533
594,0.72,0.459461,0.0125196
595,0.68,0.459832,0.012504
596,0.72,0.460268,0.0124906
597,0.8,0.460838,0.0124827
598,0.8,0.461405,0.0124747
599,0.76,0.461903,0.0124638
600,0.72,0.462333,0.0124505
601,0.64,0.462629,0.0124332
602,0.68,0.46299,0.0124178
603,0.64,0.463284,0.0124007
604,0.56,0.463444,0.0123812
605,0.72,0.463868,0.012368
606,0.76,0.464356,0.0123572
607,0.76,0.464843,0.0123464
608,0.88,0.465526,0.012345
609,0.88,0.466207,0.0123435
610,0.84,0.46682,0.0123385
611,0.88,0.467496,0.0123368
612,0.92,0.468235,0.0123388
613,1,0.469103,0.0123492
614,1,0.469967,0.0123593
615,1,0.470829,0.0123693
616,1,0.471688,0.012379
617,1,0.472545,0.0123886
618,1,0.473398,0.0123979
619,1,0.474249,0.0124071
620,0.88,0.474903,0.0124043
621,0.92,0.47562,0.012405
622,1,0.476463,0.0124137
623,1,0.477303,0.0124223
624,1,0.478141,0.0124306
625,1,0.478976,0.0124387
626,1,0.479808,0.0124467
627,1,0.480638,0.0124545
628,0.96,0.481401,0.0124581
629,0.88,0.482035,0.0124544
630,0.88,0.482667,0.0124506
631,0.8,0.48317,0.0124411
632,0.84,0.483734,0.0124342
633,0.8,0.484234,0.0124246
634,0.88,0.484858,0.0124207
635,0.92,0.485543,0.01242
636,0.92,0.486226,0.0124193
637,0.92,0.486907,0.0124184
638,0.88,0.487524,0.0124142
639,0.92,0.4882,0.0124133
640,0.88,0.488813,0.012409
641,0.84,0.48936,0.0124017
642,0.84,0.489907,0.0123944
643,0.84,0.490451,0.0123871
644,0.8,0.490932,0.0123772
645,0.76,0.491349,0.012365
646,0.76,0.491765,0.0123529
647,0.76,0.492179,0.0123407
648,0.6,0.492346,0.0123228
649,0.52,0.492388,0.0123039
650,0.64,0.492615,0.012287
651,0.48,0.492596,0.0122681
652,0.6,0.492761,0.0122504
653,0.64,0.492986,0.0122337
654,0.6,0.49315,0.0122161
655,0.64,0.493374,0.0121995
656,0.56,0.493476,0.0121813
657,0.52,0.493516,0.0121628
658,0.44,0.493435,0.0121446
659,0.48,0.493414,0.0121262
660,0.36,0.493212,0.0121095
661,0.44,0.493132,0.0120914
662,0.36,0.492931,0.0120748
663,0.36,0.49273,0.0120582
664,0.4,0.49259,0.0120409
665,0.48,0.492571,0.0120228
666,0.48,0.492553,0.0120047
667,0.36,0.492354,0.0119883
668,0.28,0.492036,0.0119746
669,0.24,0.491659,0.0119626
670,0.24,0.491284,0.0119507
671,0.24,0.490909,0.0119387
672,0.28,0.490595,0.0119251
673,0.24,0.490223,0.0119132
674,0.28,0.489911,0.0118996
675,0.28,0.4896,0.011886
676,0.32,0.489349,0.011871
677,0.32,0.489099,0.0118561
678,0.44,0.489027,0.0118389
679,0.52,0.489072,0.0118215
680,0.52,0.489118,0.0118042
681,0.48,0.489104,0.0117868
682,0.52,0.48915,0.0117696
683,0.48,0.489136,0.0117524
684,0.4,0.489006,0.0117359
685,0.44,0.488934,0.011719
686,0.28,0.48863,0.0117059
687,0.4,0.488501,0.0116895
688,0.4,0.488372,0.0116732
689,0.4,0.488244,0.011657
690,0.48,0.488232,0.0116401
691,0.48,0.48822,0.0116232
692,0.4,0.488092,0.0116071
693,0.36,0.487908,0.0115918
694,0.36,0.487723,0.0115766
695,0.48,0.487712,0.0115599
696,0.48,0.487701,0.0115433
697,0.44,0.487633,0.0115269
698,0.4,0.487507,0.0115111
699,0.36,0.487325,0.0114961
700,0.4,0.4872,0.0114803
701,0.4,0.487076,0.0114646
702,0.28,0.486781,0.0114521
703,0.28,0.486486,0.0114395
704,0.28,0.486193,0.011427
705,0.32,0.485957,0.0114133
706,0.4,0.485836,0.0113977
707,0.36,0.485658,0.011383
708,0.4,0.485537,0.0113675
709,0.2,0.485134,0.0113586
710,0.16,0.484676,0.0113519
711,0.2,0.484276,0.011343
712,0.16,0.48382,0.0113362
713,0.2,0.483422,0.0113273
714,0.2,0.483025,0.0113183
715,0.36,0.482853,0.0113038
716,0.28,0.48257,0.0112916
717,0.04,0.481953,0.0112927
718,-0.16,0.481058,0.0113123
719,-0.12,0.480223,0.0113275
720,0,0.479556,0.0113314
721,0.04,0.478946,0.0113321
722,-0.08,0.478172,0.0113428
723,0,0.47751,0.0113464
724,-0.04,0.476796,0.0113532
725,-0.16,0.475917,0.0113715
726,-0.12,0.475096,0.0113855
727,-0.12,0.474278,0.0113993
728,-0.08,0.473516,0.011409
729,-0.04,0.472812,0.0114151
730,-0.2,0.47189,0.0114367
731,-0.2,0.470971,0.0114579
732,-0.16,0.470109,0.0114747
733,-0.28,0.469086,0.0115046
734,-0.32,0.468011,0.0115391
735,-0.44,0.466776,0.0115895
736,-0.24,0.465815,0.0116135
737,-0.24,0.464858,0.0116372
738,-0.2,0.463957,0.0116563
739,-0.16,0.463112,0.0116711
740,-0.2,0.462216,0.0116897
741,-0.2,0.461323,0.011708
742,-0.28,0.460323,0.0117349
743,-0.32,0.459273,0.011766
744,-0.16,0.458441,0.0117796
745,-0.4,0.457289,0.0118201
746,-0.56,0.455925,0.0118828
747,-0.44,0.454726,0.0119273
748,-0.48,0.453476,0.0119767
749,-0.52,0.452176,0.0120311
750,-0.52,0.45088,0.0120848
751,-0.6,0.449481,0.0121495
752,-0.68,0.447979,0.012226
753,-0.6,0.446587,0.0122888
754,-0.4,0.445464,0.0123237
755,-0.16,0.444662,0.0123335
756,-0.2,0.44381,0.0123467
757,0.04,0.443276,0.0123419
758,0.08,0.442797,0.0123349
759,0,0.442213,0.0123324
760,-0.04,0.441579,0.0123325
761,-0.04,0.440946,0.0123326
762,0.04,0.44042,0.0123276
763,-0.12,0.439685,0.0123333
764,-0.24,0.438796,0.0123493
765,-0.44,0.437647,0.0123865
766,-0.52,0.436397,0.0124333
767,-0.6,0.435046,0.0124904
768,-0.52,0.433802,0.012536
769,-0.56,0.43251,0.0125862
770,-0.52,0.431273,0.0126305
771,-0.4,0.430195,0.0126602
772,-0.12,0.429482,0.0126638
773,-0.08,0.428823,0.0126646
774,-0.12,0.428114,0.0126681
775,-0.16,0.427355,0.0126744
776,-0.16,0.426598,0.0126807
777,-0.2,0.425792,0.01269
778,-0.28,0.424884,0.0127061
779,-0.52,0.423671,0.0127477
780,-0.56,0.42241,0.0127936
781,-0.48,0.421255,0.0128294
782,-0.52,0.420051,0.0128694
783,-0.52,0.418851,0.0129089
784,-0.52,0.417653,0.0129479
785,-0.52,0.416459,0.0129864
786,-0.56,0.415216,0.0130292
787,-0.64,0.413875,0.0130816
788,-0.56,0.41264,0.0131233
789,-0.48,0.411508,0.0131554
790,-0.52,0.410329,0.0131915
791,-0.48,0.409204,0.0132228
792,-0.56,0.40798,0.0132627
793,-0.52,0.40681,0.0132976
794,-0.44,0.405743,0.0133236
795,-0.44,0.404679,0.0133492
796,-0.44,0.403618,0.0133746
797,-0.44,0.40256,0.0133997
798,-0.36,0.401604,0.013417
799,-0.36,0.400651,0.013434
800,-0.32,0.39975,0.0134474
801,-0.44,0.398702,0.0134715
802,-0.44,0.397656,0.0134953
803,-0.4,0.396663,0.013515
804,-0.4,0.395672,0.0135345
805,-0.28,0.394832,0.0135437
806,-0.32,0.393945,0.0135559
807,-0.32,0.393061,0.013568
808,-0.32,0.392178,0.0135799
809,-0.32,0.391298,0.0135916
810,-0.28,0.390469,0.0136001
811,-0.28,0.389642,0.0136085
812,-0.4,0.38867,0.0136265
813,-0.4,0.3877,0.0136442
814,-0.36,0.386781,0.0136584
815,-0.24,0.386012,0.0136633
816,-0.28,0.385196,0.0136709
817,-0.32,0.384333,0.0136814
818,-0.24,0.38357,0.013686
819,-0.24,0.382808,0.0136904
820,-0.32,0.381951,0.0137006
821,-0.4,0.380999,0.013717
822,-0.52,0.379903,0.0137441
823,-0.52,0.378809,0.0137708
824,-0.68,0.377524,0.013814
825,-0.68,0.376242,0.0138567
826,-0.76,0.374867,0.0139081
827,-0.8,0.373446,0.0139637
828,-0.84,0.371981,0.0140236
829,-0.76,0.370615,0.0140731
830,-0.92,0.36906,0.0141419
831,-0.92,0.367509,0.0142098
832,-0.96,0.365913,0.0142821
833,-0.92,0.36437,0.0143482
834,-0.92,0.36283,0.0144135
835,-0.96,0.361246,0.0144831
836,-1,0.359617,0.0145571
837,-1,0.357993,0.0146302
838,-1,0.356372,0.0147023
839,-1,0.354756,0.0147735
840,-1,0.353143,0.0148438
841,-1,0.351534,0.0149132
842,-1,0.349929,0.0149817
843,-0.96,0.348375,0.0150444
844,-0.92,0.346872,0.0151015
845,-0.88,0.34542,0.0151533
846,-0.8,0.344066,0.0151958
847,-0.72,0.34281,0.0152298
848,-0.76,0.341509,0.0152673
849,-0.8,0.340165,0.0153085
850,-0.84,0.338776,0.0153534
851,-0.68,0.337579,0.015382
852,-0.72,0.336338,0.015414
853,-0.68,0.335147,0.0154419
854,-0.64,0.334005,0.015466
855,-0.64,0.332865,0.0154899
856,-0.76,0.331589,0.0155244
857,-0.8,0.330268,0.0155624
858,-0.8,0.328951,0.0155999
859,-0.84,0.32759,0.0156411
860,-0.92,0.32614,0.0156901
861,-0.8,0.324832,0.0157263
862,-0.8,0.323527,0.0157622
863,-0.84,0.322178,0.0158015
864,-0.84,0.320833,0.0158404
865,-0.8,0.319538,0.0158751
866,-0.68,0.318383,0.0158987
867,-0.68,0.317232,0.0159221
868,-0.68,0.316083,0.0159451
869,-0.76,0.314845,0.0159748
870,-0.76,0.313609,0.0160042
871,-0.84,0.312285,0.0160406
872,-0.84,0.310963,0.0160766
873,-0.84,0.309645,0.0161122
874,-0.8,0.308375,0.0161438
875,-0.68,0.307246,0.0161648
876,-0.68,0.306119,0.0161856
877,-0.68,0.304994,0.0162062
878,-0.76,0.303781,0.0162331
879,-0.64,0.302708,0.0162502
880,-0.6,0.301682,0.0162641
881,-0.8,0.300431,0.0162937
882,-0.76,0.299229,0.0163195
883,-0.88,0.297894,0.0163557
884,-0.88,0.296561,0.0163914
885,-0.88,0.295232,0.0164267
886,-0.96,0.293815,0.0164692
887,-0.76,0.292627,0.0164935
888,-0.8,0.291396,0.0165208
889,-0.56,0.290439,0.01653
890,-0.64,0.289393,0.0165445
891,-0.64,0.28835,0.0165588
892,-0.68,0.287265,0.0165758
893,-0.76,0.286092,0.0165987
894,-0.64,0.285056,0.0166124
895,-0.72,0.283933,0.0166318
896,-0.72,0.282813,0.016651
897,-0.76,0.28165,0.016673
898,-0.76,0.28049,0.0166948
899,-0.8,0.279288,0.0167194
900,-0.88,0.278,0.0167505
901,-0.92,0.27667,0.0167846
902,-0.88,0.275388,0.016815
903,-0.84,0.274153,0.0168417
904,-0.96,0.272788,0.0168783
905,-0.96,0.271425,0.0169146
906,-0.88,0.270155,0.0169437
907,-0.8,0.268975,0.0169661
908,-0.92,0.267665,0.0169979
909,-0.92,0.266359,0.0170294
910,-1,0.264967,0.0170675
911,-1,0.263578,0.0171052
912,-1,0.262193,0.0171425
913,-1,0.260811,0.0171794
914,-1,0.259431,0.017216
915,-1,0.258055,0.0172521
916,-0.96,0.256725,0.0172845
917,-1,0.255354,0.01732
918,-1,0.253987,0.017355
919,-1,0.252622,0.0173898
920,-1,0.251261,0.0174241
921,-1,0.249902,0.0174581
922,-1,0.248547,0.0174918
923,-1,0.247194,0.0175251
924,-1,0.245844,0.0175581
925,-1,0.244497,0.0175908
926,-1,0.243153,0.0176231
927,-1,0.241812,0.0176551
928,-1,0.240474,0.0176867
929,-1,0.239139,0.0177181
930,-1,0.237806,0.0177491
931,-1,0.236477,0.0177798
932,-1,0.23515,0.0178102
933,-1,0.233826,0.0178403
934,-1,0.232505,0.01787
935,-1,0.231187,0.0178995
936,-0.96,0.229915,0.0179256
937,-0.92,0.228687,0.0179485
938,-0.88,0.227505,0.0179683
939,-0.92,0.226283,0.0179907
940,-0.88,0.225106,0.01801
941,-0.8,0.224017,0.0180238
942,-0.88,0.222845,0.0180428
943,-0.92,0.221633,0.0180643
944,-0.92,0.220424,0.0180857
945,-0.88,0.219259,0.018104
946,-0.88,0.218097,0.0181222
947,-0.84,0.21698,0.0181375
948,-0.76,0.215949,0.0181476
949,-0.76,0.214921,0.0181576
950,-0.68,0.213979,0.0181629
951,-0.6,0.213123,0.018164
952,-0.48,0.212395,0.0181595
953,-0.36,0.211794,0.0181504
954,-0.4,0.211153,0.0181427
955,-0.28,0.210639,0.018131
956,-0.24,0.210167,0.0181181
957,-0.12,0.209822,0.0181025
958,-0.16,0.209436,0.0180877
959,0.04,0.20926,0.0180697
960,0.16,0.209208,0.0180509
961,-0.04,0.208949,0.018034
962,-0.04,0.20869,0.0180171
963,-0.12,0.208349,0.0180016
964,-0.24,0.207884,0.017989
965,-0.28,0.207378,0.0179774
966,-0.4,0.206749,0.0179698
967,-0.44,0.206081,0.0179637
968,-0.48,0.205372,0.0179591
969,-0.36,0.204788,0.01795
970,-0.28,0.204289,0.0179385
971,-0.36,0.203708,0.0179294
972,-0.32,0.203169,0.0179191
973,-0.24,0.202713,0.0179064
974,-0.36,0.202136,0.0178974
975,-0.36,0.201559,0.0178883
976,-0.36,0.200984,0.0178792
977,-0.36,0.200409,0.0178701
978,-0.32,0.199877,0.0178598
979,-0.32,0.199346,0.0178494
980,-0.4,0.198735,0.0178417
981,-0.44,0.198084,0.0178354
982,-0.28,0.197597,0.0178239
983,-0.4,0.196989,0.0178161
984,-0.28,0.196504,0.0178046
985,-0.04,0.196264,0.0177881
986,0.08,0.196146,0.0177705
987,0.28,0.196231,0.0177526
988,0.28,0.196316,0.0177349
989,0.2,0.19632,0.0177169
990,0.24,0.196364,0.0176991
991,0.36,0.196529,0.017682
992,0.36,0.196694,0.0176649
993,0.4,0.196898,0.0176483
994,0.48,0.197183,0.0176328
995,0.56,0.197548,0.0176189
996,0.64,0.197992,0.0176068
997,0.68,0.198475,0.0175958
998,0.72,0.198998,0.0175859
999,0.84,0.19964,0.01758
1000,0.76,0.2002,0.0175713
