1,-0.44,-0.44,0
2,-0.44,-0.44,0
3,-0.2,-0.36,0.08
4,-0.2,-0.32,0.069282
5,-0.12,-0.28,0.0669328
6,0.16,-0.206667,0.0914573
7,0.08,-0.165714,0.087474
8,0.12,-0.13,0.0837513
9,-0.08,-0.124444,0.0740704
10,-0.16,-0.128,0.0663459
11,-0.16,-0.130909,0.0600826
12,-0.04,-0.123333,0.0553684
13,-0.12,-0.123077,0.0509321
14,-0.12,-0.122857,0.0471545
15,-0.24,-0.130667,0.0445877
16,-0.04,-0.125,0.0420912
17,-0.04,-0.12,0.0398527
18,-0.56,-0.144444,0.0448252
19,-0.6,-0.168421,0.04871
20,-0.24,-0.172,0.0463488
21,0.2,-0.154286,0.0475123
22,0.28,-0.134545,0.0494153
23,-0.04,-0.130435,0.0473966
24,0,-0.125,0.045703
25,0.08,-0.1168,0.0445972
26,-0.04,-0.113846,0.0429493
27,-0.04,-0.111111,0.0414183
28,-0.04,-0.108571,0.0399924
29,0.16,-0.0993103,0.0396845
30,0.04,-0.0946667,0.0386191
31,0.2,-0.0851613,0.038543
32,0.28,-0.07375,0.0390248
33,0.12,-0.0678788,0.0382767
34,0,-0.0658824,0.0371875
35,-0.16,-0.0685714,0.0362093
36,-0.12,-0.07,0.0352181
37,-0.32,-0.0767568,0.0349131
38,-0.28,-0.0821053,0.0344003
39,0.32,-0.0717949,0.0350571
40,-0.08,-0.072,0.03417
41,0.08,-0.0682927,0.0335318
42,-0.08,-0.0685714,0.0327248
43,0.12,-0.064186,0.0322542
44,0.44,-0.0527273,0.0335313
45,0,-0.0515556,0.0327987
46,0.2,-0.046087,0.0325405
47,0.24,-0.04,0.0324173
48,0.36,-0.0316667,0.0328106
49,0.24,-0.0261224,0.0326088
50,0.2,-0.0216,0.0322685
51,0.12,-0.0188235,0.0317511
52,0,-0.0184615,0.0311366
53,-0.12,-0.0203774,0.0306035
54,0,-0.02,0.0300338
55,0,-0.0196364,0.0294849
56,0.28,-0.0142857,0.0294438
57,0.2,-0.0105263,0.029166
58,0.24,-0.0062069,0.0289824
59,0.36,1.31721e-17,0.0291553
60,0.28,0.00466667,0.0290426
61,0.12,0.00655738,0.028625
62,-0.08,0.00516129,0.0281941
63,0.12,0.00698413,0.0278028
64,-0.08,0.005625,0.0273987
65,-0.12,0.00369231,0.027043
66,-0.36,-0.00181818,0.0271943
67,0.08,-0.000597015,0.0268132
68,-0.08,-0.00176471,0.0264417
69,0.24,0.00173913,0.0262902
70,0.24,0.00514286,0.0261345
71,0.04,0.0056338,0.0257685
72,0.2,0.00833333,0.025551
73,0.08,0.00931507,0.0252177
74,0.24,0.0124324,0.0250692
75,0,0.0122667,0.0247332
76,-0.2,0.00947368,0.0245649
77,-0.2,0.00675325,0.0243959
78,-0.32,0.0025641,0.0244428
79,-0.16,0.000506329,0.024219
80,-0.12,-0.001,0.0239617
81,0,-0.000987654,0.0236641
82,-0.04,-0.00146341,0.0233785
83,0.04,-0.000963855,0.0231006
84,-0.16,-0.00285714,0.0229023
85,-0.36,-0.00705882,0.023018
86,-0.08,-0.00790698,0.0227646
87,0.08,-0.00689655,0.022524
88,0.28,-0.00363636,0.022504
89,-0.24,-0.00629213,0.0224077
90,-0.08,-0.00711111,0.0221724
91,-0.16,-0.00879121,0.0219917
92,-0.32,-0.0121739,0.0220128
93,-0.2,-0.0141935,0.0218683
94,-0.12,-0.0153191,0.0216636
95,-0.32,-0.0185263,0.021673
96,-0.36,-0.0220833,0.021739
97,-0.48,-0.0268041,0.0220256
98,-0.16,-0.0281633,0.021842
99,-0.24,-0.030303,0.0217259
100,-0.28,-0.0328,0.021652
101,-0.52,-0.0376238,0.0219726
102,-0.44,-0.0415686,0.0221109
103,-0.12,-0.0423301,0.0219084
104,0.04,-0.0415385,0.0217111
105,0.16,-0.039619,0.0215889
106,0.24,-0.0369811,0.0215463
107,0.04,-0.0362617,0.0213561
108,0.24,-0.0337037,0.0213115
109,0,-0.0333945,0.0211174
110,-0.28,-0.0356364,0.0210443
111,-0.44,-0.0392793,0.0211696
112,-0.2,-0.0407143,0.0210288
113,-0.24,-0.0424779,0.0209163
114,0.16,-0.0407018,0.020808
115,-0.08,-0.0410435,0.0206291
116,-0.36,-0.0437931,0.0206345
117,-0.44,-0.0471795,0.0207357
118,-0.24,-0.0488136,0.0206241
119,0.04,-0.0480672,0.0204637
120,-0.04,-0.048,0.0202925
121,-0.08,-0.0482645,0.0201259
122,0.04,-0.047541,0.0199733
123,0.24,-0.0452033,0.0199477
124,0,-0.0448387,0.0197896
125,-0.24,-0.0464,0.0196926
126,-0.08,-0.0466667,0.0195375
127,0.12,-0.0453543,0.0194274
128,0.08,-0.044375,0.0192999
129,0,-0.044031,0.0191528
130,0.28,-0.0415385,0.0191677
131,-0.12,-0.0421374,0.0190302
132,-0.16,-0.0430303,0.0189066
133,0.08,-0.0421053,0.0187867
134,-0.04,-0.0420896,0.018646
135,0.04,-0.0414815,0.0185173
136,0.32,-0.0388235,0.0185718
137,0.16,-0.0373723,0.0184928
138,0,-0.0371014,0.0183603
139,0.28,-0.0348201,0.01837
140,0.2,-0.0331429,0.0183152
141,0.2,-0.0314894,0.0182599
142,0.44,-0.028169,0.0184324
143,0.16,-0.0268531,0.0183503
144,-0.08,-0.0272222,0.0182261
145,-0.12,-0.0278621,0.0181113
146,-0.12,-0.0284932,0.0179979
147,-0.08,-0.0288435,0.0178785
148,-0.28,-0.0305405,0.0178382
149,0.04,-0.0300671,0.0177244
150,-0.28,-0.0317333,0.0176845
151,-0.36,-0.0339073,0.017701
152,-0.12,-0.0344737,0.0175932
153,-0.12,-0.0350327,0.0174868
154,-0.12,-0.0355844,0.0173817
155,-0.12,-0.036129,0.0172777
156,-0.08,-0.0364103,0.0171689
157,-0.12,-0.0369427,0.0170675
158,0.08,-0.0362025,0.0169753
159,0.04,-0.0357233,0.016875
160,0.12,-0.03475,0.0167974
161,0.2,-0.0332919,0.0167563
162,0.2,-0.0318519,0.0167147
163,0.12,-0.0309202,0.016638
164,0.08,-0.0302439,0.01655
165,0.2,-0.0288485,0.0165085
166,0.28,-0.026988,0.0165139
167,0,-0.0268263,0.0164155
168,0.04,-0.0264286,0.0163224
169,0.04,-0.0260355,0.0162302
170,0.12,-0.0251765,0.0161573
171,0.24,-0.0236257,0.0161373
172,0.32,-0.0216279,0.0161671
173,0.36,-0.019422,0.016224
174,0.2,-0.0181609,0.0161797
175,0.24,-0.0166857,0.0161545
176,0.12,-0.0159091,0.0160812
177,-0.08,-0.0162712,0.0159942
178,-0.2,-0.0173034,0.0159376
179,-0.56,-0.0203352,0.0161357
180,-0.52,-0.0231111,0.0162841
181,-0.4,-0.0251934,0.0163272
182,-0.24,-0.0263736,0.0162801
183,-0.24,-0.027541,0.0162329
184,-0.28,-0.028913,0.0162027
185,-0.36,-0.0307027,0.0162139
186,-0.16,-0.0313978,0.0161415
187,-0.2,-0.0322995,0.0160802
188,-0.16,-0.0329787,0.0160089
189,-0.2,-0.0338624,0.0159485
190,-0.12,-0.0343158,0.0158708
191,-0.32,-0.0358115,0.0158582
192,-0.12,-0.03625,0.0157814
193,-0.2,-0.0370984,0.0157224
194,-0.04,-0.0371134,0.0156411
195,0.04,-0.0367179,0.0155657
196,0,-0.0365306,0.0154872
197,-0.16,-0.0371574,0.0154212
198,-0.12,-0.0375758,0.0153488
199,-0.04,-0.0375879,0.0152715
200,0.12,-0.0368,0.0152153
201,0,-0.0366169,0.0151406
202,0.16,-0.0356436,0.0150968
203,0.12,-0.0348768,0.0150418
204,0.28,-0.0333333,0.0150473
205,0.36,-0.0314146,0.0150961
206,0.28,-0.0299029,0.0150985
207,0.12,-0.0291787,0.0150429
208,-0.12,-0.0296154,0.0149767
209,-0.12,-0.0300478,0.0149112
210,0,-0.0299048,0.0148407
211,-0.16,-0.0305213,0.014783
212,0.12,-0.0298113,0.0147303
213,0.36,-0.0279812,0.0147747
214,0.24,-0.026729,0.0147588
215,0.48,-0.0243721,0.0148778
216,0.48,-0.022037,0.0149917
217,0.12,-0.0213825,0.0149368
218,0.2,-0.020367,0.0149028
219,-0.08,-0.0206393,0.0148371
220,-0.4,-0.0223636,0.0148698
221,-0.16,-0.0229864,0.0148155
222,-0.16,-0.0236036,0.0147615
223,0.04,-0.0233184,0.0146979
224,-0.08,-0.0235714,0.0146344
225,0.04,-0.0232889,0.0145719
226,0.04,-0.0230088,0.01451
227,0.04,-0.0227313,0.0144486
228,-0.12,-0.0231579,0.0143914
229,0.04,-0.0228821,0.0143311
230,0.28,-0.0215652,0.0143293
231,0.28,-0.0202597,0.0143267
232,0.56,-0.0177586,0.0144824
233,0.52,-0.0154506,0.0146037
234,0.36,-0.0138462,0.0146294
235,0.04,-0.013617,0.0145688
236,-0.12,-0.0140678,0.0145139
237,0.24,-0.0129958,0.0144923
238,0.12,-0.012437,0.0144421
239,0.2,-0.0115481,0.014409
240,0.24,-0.0105,0.014387
241,0.12,-0.00995851,0.0143374
242,0.04,-0.00975207,0.0142796
243,0.04,-0.00954733,0.0142221
244,0.04,-0.00934426,0.0141652
245,-0.08,-0.00963265,0.0141102
246,-0.12,-0.0100813,0.0140599
247,-0.08,-0.0103644,0.0140057
248,-0.12,-0.0108065,0.0139561
249,-0.2,-0.0115663,0.0139207
250,-0.08,-0.01184,0.0138676
251,0,-0.0117928,0.0138123
252,0.04,-0.0115873,0.013759
253,-0.16,-0.0121739,0.013717
254,-0.16,-0.0127559,0.0136753
255,-0.12,-0.0131765,0.013628
256,-0.28,-0.0142187,0.0136147
257,-0.08,-0.0144747,0.013564
258,-0.08,-0.0147287,0.0135137
259,-0.16,-0.0152896,0.0134731
260,-0.28,-0.0163077,0.0134598
261,0.08,-0.0159387,0.0134132
262,-0.08,-0.0161832,0.0133641
263,0.12,-0.0156654,0.0133233
264,-0.04,-0.0157576,0.013273
265,-0.2,-0.0164528,0.0132411
266,0.08,-0.0160902,0.0131962
267,-0.24,-0.0169288,0.0131734
268,0.08,-0.0165672,0.0131292
269,0.24,-0.0156134,0.013115
270,0.04,-0.0154074,0.0130679
271,-0.12,-0.0157934,0.0130254
272,-0.12,-0.0161765,0.012983
273,0.24,-0.0152381,0.0129694
274,-0.08,-0.0154745,0.0129241
275,-0.12,-0.0158545,0.0128826
276,0.16,-0.0152174,0.0128517
277,-0.32,-0.0163177,0.0128524
278,-0.12,-0.0166906,0.0128115
279,0.08,-0.0163441,0.0127702
280,0.2,-0.0155714,0.012748
281,0.36,-0.0142349,0.0127726
282,0.32,-0.0130496,0.0127823
283,-0.08,-0.0132862,0.0127393
284,0,-0.0132394,0.0126944
285,0,-0.013193,0.0126499
286,0.12,-0.0127273,0.0126142
287,0,-0.0126829,0.0125702
288,-0.28,-0.0136111,0.0125608
289,-0.32,-0.0146713,0.0125621
290,-0.12,-0.0150345,0.012524
291,0.2,-0.0142955,0.0125027
292,0.4,-0.0128767,0.0125404
293,0.04,-0.0126962,0.0124988
294,0.12,-0.0122449,0.0124644
295,0.16,-0.011661,0.0124358
296,0.16,-0.0110811,0.0124073
297,-0.08,-0.0113131,0.0123676
298,0.16,-0.0107383,0.0123394
299,0.32,-0.00963211,0.0123477
300,-0.12,-0.01,0.012312
301,0,-0.00996678,0.0122711
302,-0.12,-0.0103311,0.0122358
303,0.28,-0.00937294,0.0122329
304,0.32,-0.00828947,0.0122407
305,0.44,-0.00681967,0.0122887
306,0.24,-0.00601307,0.012275
307,-0.08,-0.00625407,0.0122373
308,-0.44,-0.00766234,0.0122785
309,-0.32,-0.00867314,0.0122804
310,-0.36,-0.00980645,0.0122931
311,-0.32,-0.0108039,0.012294
312,-0.24,-0.0115385,0.0122766
313,-0.4,-0.0127796,0.0123
314,-0.2,-0.0133758,0.0122753
315,-0.2,-0.0139683,0.0122506
316,0.04,-0.0137975,0.012213
317,-0.24,-0.014511,0.0121953
318,0.2,-0.0138365,0.0121756
319,0,-0.0137931,0.0121374
320,-0.32,-0.01475,0.0121372
321,-0.32,-0.0157009,0.0121366
322,-0.04,-0.0157764,0.0120991
323,0.08,-0.0154799,0.0120653
324,-0.16,-0.0159259,0.0120362
325,0.04,-0.0157538,0.0120004
326,0.2,-0.015092,0.0119818
327,0.24,-0.0143119,0.0119705
328,0.44,-0.0129268,0.0120141
329,0.12,-0.0125228,0.0119843
330,0.28,-0.0116364,0.0119808
331,0.24,-0.0108761,0.0119687
332,0.04,-0.0107229,0.0119336
333,-0.16,-0.0111712,0.0119062
334,0.36,-0.0100599,0.0119224
335,0.16,-0.00955224,0.0118976
336,0,-0.00952381,0.0118621
337,-0.08,-0.00973294,0.0118287
338,-0.2,-0.0102959,0.0118071
339,0.24,-0.00955752,0.0117954
340,0.24,-0.00882353,0.0117835
341,0.2,-0.00821114,0.0117648
342,0.2,-0.00760234,0.0117462
343,0,-0.00758017,0.0117119
344,0.24,-0.00686047,0.0117
345,0.36,-0.0057971,0.0117144
346,0.12,-0.00543353,0.0116861
347,0.12,-0.00507205,0.011658
348,-0.24,-0.00574713,0.011644
349,-0.16,-0.00618911,0.011619
350,-0.24,-0.00685714,0.011605
351,-0.16,-0.00729345,0.0115801
352,0,-0.00727273,0.0115472
353,0.24,-0.00657224,0.0115357
354,-0.04,-0.00666667,0.0115035
355,0.08,-0.00642254,0.0114736
356,0.28,-0.00561798,0.0114696
357,0.12,-0.00526611,0.0114429
358,-0.08,-0.00547486,0.0114128
359,-0.16,-0.00590529,0.0113891
360,0.12,-0.00555556,0.0113628
361,0.28,-0.00476454,0.0113588
362,0.08,-0.00453039,0.0113298
363,0.08,-0.00429752,0.011301
364,-0.04,-0.0043956,0.0112703
365,-0.24,-0.0050411,0.0112579
366,-0.6,-0.00666667,0.0113442
367,-0.4,-0.00773842,0.0113639
368,-0.36,-0.00869565,0.0113733
369,-0.12,-0.00899729,0.0113465
370,-0.16,-0.00940541,0.0113231
371,-0.28,-0.0101348,0.0113161
372,-0.2,-0.0106452,0.0112971
373,0,-0.0106166,0.0112669
374,0.24,-0.00994652,0.0112566
375,0.12,-0.0096,0.0112319
376,-0.04,-0.00968085,0.0112023
377,0.04,-0.00954907,0.0111733
378,0.08,-0.00931217,0.0111463
379,-0.16,-0.00970976,0.0111239
380,-0.16,-0.0101053,0.0111017
381,0,-0.0100787,0.0110725
382,-0.04,-0.0101571,0.0110438
383,-0.44,-0.0112794,0.0110719
384,-0.32,-0.0120833,0.0110723
385,-0.4,-0.0130909,0.0110893
386,-0.28,-0.0137824,0.0110822
387,0.04,-0.0136434,0.0110544
388,0,-0.0136082,0.0110259
389,-0.12,-0.0138817,0.0110009
390,-0.28,-0.0145641,0.0109939
391,-0.4,-0.0155499,0.0110099
392,-0.44,-0.0166327,0.0110351
393,-0.52,-0.0179135,0.0110812
394,-0.68,-0.0195939,0.0111801
395,-0.48,-0.0207595,0.0112125
396,-0.52,-0.0220202,0.011255
397,-0.36,-0.0228715,0.0112588
398,-0.24,-0.0234171,0.0112437
399,-0.2,-0.0238596,0.0112242
400,0.12,-0.0235,0.0112019
401,-0.04,-0.0235411,0.011174
402,0.12,-0.0231841,0.0111519
403,0.2,-0.0226303,0.011138
404,0.04,-0.0224752,0.0111115
405,-0.16,-0.0228148,0.0110892
406,0.16,-0.0223645,0.011071
407,0.28,-0.0216216,0.0110687
408,0.24,-0.0209804,0.0110602
409,-0.08,-0.0211247,0.011034
410,-0.2,-0.021561,0.0110157
411,-0.48,-0.0226764,0.0110454
412,-0.2,-0.0231068,0.0110269
413,-0.08,-0.0232446,0.0110011
414,-0.2,-0.0236715,0.0109828
415,-0.36,-0.0244819,0.0109862
416,-0.2,-0.0249038,0.0109679
417,-0.4,-0.0258034,0.0109785
418,-0.36,-0.0266029,0.0109813
419,0.08,-0.0263484,0.010958
420,0.28,-0.025619,0.0109562
421,0.36,-0.0247031,0.0109685
422,0.28,-0.023981,0.0109662
423,0.24,-0.023357,0.0109581
424,0.36,-0.0224528,0.0109695
425,0.36,-0.0215529,0.0109806
426,0.16,-0.0211268,0.0109631
427,0.16,-0.0207026,0.0109456
428,0,-0.0206542,0.0109201
429,0.16,-0.0202331,0.0109028
430,-0.04,-0.0202791,0.0108775
431,0.08,-0.0200464,0.0108547
432,0.28,-0.0193519,0.0108518
433,0.48,-0.0181986,0.0108879
434,0.4,-0.017235,0.0109055
435,-0.08,-0.0173793,0.0108813
436,-0.2,-0.0177982,0.0108644
437,-0.2,-0.0182151,0.0108476
438,-0.36,-0.0189954,0.0108509
439,-0.16,-0.0193166,0.0108309
440,-0.16,-0.0196364,0.010811
441,0.2,-0.0191383,0.0107979
442,0.44,-0.0180995,0.0108234
443,0.36,-0.017246,0.0108326
444,0.52,-0.016036,0.0108757
445,0.44,-0.0150112,0.0108995
446,0.28,-0.0143498,0.0108952
447,0.24,-0.0137808,0.0108857
448,0.04,-0.0136607,0.010862
449,0.2,-0.0131849,0.0108482
450,0.12,-0.0128889,0.0108281
451,0.24,-0.0123282,0.0108186
452,0.2,-0.0118584,0.0108049
453,0.24,-0.0113024,0.0107953
454,0.28,-0.0106608,0.0107906
455,0.4,-0.00975824,0.0108046
456,0.04,-0.00964912,0.0107815
457,-0.2,-0.0100656,0.0107659
458,-0.36,-0.0108297,0.0107695
459,-0.28,-0.0114161,0.010762
460,-0.2,-0.0118261,0.0107464
461,-0.12,-0.0120607,0.0107257
462,-0.2,-0.0124675,0.0107101
463,0.04,-0.0123542,0.0106876
464,0.12,-0.012069,0.0106683
465,-0.2,-0.0124731,0.010653
466,-0.08,-0.012618,0.0106312
467,-0.32,-0.0132762,0.0106288
468,-0.48,-0.0142735,0.0106528
469,-0.4,-0.0150959,0.0106618
470,-0.44,-0.016,0.0106775
471,-0.32,-0.0166454,0.0106743
472,-0.28,-0.0172034,0.0106663
473,-0.28,-0.017759,0.0106582
474,-0.12,-0.0179747,0.0106379
475,-0.08,-0.0181053,0.0106163
476,0,-0.0180672,0.010594
477,0.24,-0.0175262,0.0105856
478,0.16,-0.0171548,0.01057
479,0.28,-0.0165344,0.0105661
480,0.36,-0.01575,0.0105732
481,0.24,-0.0152183,0.0105646
482,0.48,-0.0141909,0.0105926
483,0.72,-0.0126708,0.0106794
484,0.44,-0.0117355,0.0106982
485,0.24,-0.0112165,0.0106888
486,0.12,-0.0109465,0.0106702
487,0.04,-0.0108419,0.0106487
488,-0.2,-0.0112295,0.010634
489,-0.52,-0.0122699,0.0106631
490,-0.32,-0.012898,0.0106598
491,-0.04,-0.0129532,0.0106382
492,-0.16,-0.013252,0.0106208
493,-0.08,-0.0133874,0.0106001
494,-0.24,-0.0138462,0.0105885
495,-0.04,-0.013899,0.0105673
496,0,-0.013871,0.010546
497,-0.24,-0.014326,0.0105346
498,0.24,-0.0138153,0.0105258
499,0.32,-0.0131463,0.010526
500,0.24,-0.01264,0.0105171
501,-0.08,-0.0127745,0.0104969
502,0.04,-0.0126693,0.0104765
503,-0.04,-0.0127237,0.0104558
504,0.08,-0.0125397,0.0104367
505,-0.04,-0.0125941,0.0104161
506,-0.08,-0.0127273,0.0103964
507,0.08,-0.0125444,0.0103775
508,-0.12,-0.0127559,0.0103592
509,-0.12,-0.0129666,0.0103409
510,-0.12,-0.0131765,0.0103228
511,0.08,-0.0129941,0.0103042
512,0.16,-0.0126562,0.0102896
513,-0.24,-0.0130994,0.0102791
514,0.04,-0.0129961,0.0102596
515,-0.04,-0.0130485,0.0102398
516,-0.16,-0.0133333,0.0102239
517,-0.12,-0.0135397,0.0102061
518,0.24,-0.0130502,0.0101982
519,-0.2,-0.0134104,0.0101849
520,0,-0.0133846,0.0101653
521,0.08,-0.0132054,0.0101474
522,0.12,-0.0129502,0.0101311
523,0.08,-0.0127725,0.0101133
524,0.32,-0.0121374,0.0101139
525,0.16,-0.0118095,0.0101
526,0.04,-0.011711,0.0100812
527,-0.4,-0.0124478,0.010089
528,-0.6,-0.0135606,0.0101312
529,-0.68,-0.0148204,0.0101902
530,-0.44,-0.0156226,0.0102025
531,-0.32,-0.0161959,0.0101994
532,-0.16,-0.0164662,0.0101838
533,0.04,-0.0163602,0.0101653
534,0.24,-0.0158801,0.0101576
535,0.24,-0.0154019,0.0101498
536,0.12,-0.0151493,0.010134
537,0.36,-0.0144507,0.0101392
538,0.24,-0.0139777,0.0101314
539,0.04,-0.0138776,0.0101131
540,-0.04,-0.0139259,0.0100945
541,-0.24,-0.0143438,0.0100844
542,-0.08,-0.0144649,0.0100666
543,0.2,-0.01407,0.0100558
544,0.08,-0.0138971,0.0100387
545,0.28,-0.0133578,0.0100348
546,-0.12,-0.0135531,0.0100183
547,-0.08,-0.0136746,0.0100007
548,-0.2,-0.0140146,0.00998824
549,-0.2,-0.0143534,0.00997579
550,0.08,-0.0141818,0.00995911
551,0.2,-0.0137931,0.00994862
552,0.04,-0.0136957,0.00993106
553,0.2,-0.0133092,0.00992061
554,0.6,-0.0122022,0.00996438
555,0.48,-0.0113153,0.00998587
556,0.4,-0.0105755,0.0099953
557,-0.08,-0.0107002,0.00997812
558,0.2,-0.0103226,0.00996738
559,-0.04,-0.0103757,0.00994967
560,-0.08,-0.0105,0.00993267
561,-0.16,-0.0107665,0.00991853
562,-0.28,-0.0112456,0.00991245
563,-0.04,-0.0112966,0.00989495
564,0.04,-0.0112057,0.00987781
565,-0.16,-0.011469,0.00986383
566,-0.32,-0.0120141,0.00986147
567,-0.32,-0.0125573,0.00985903
568,-0.2,-0.0128873,0.00984719
569,-0.36,-0.0134974,0.00984878
570,-0.56,-0.0144561,0.00987813
571,-0.56,-0.0154116,0.00990699
572,-0.56,-0.0163636,0.00993538
573,-0.44,-0.017103,0.00994554
574,-0.44,-0.0178397,0.0099555
575,-0.2,-0.0181565,0.00994322
576,-0.08,-0.0182639,0.00992652
577,-0.2,-0.0185789,0.00991431
578,-0.28,-0.0190311,0.00990747
579,-0.36,-0.01962,0.00990786
580,-0.12,-0.0197931,0.00989228
581,-0.04,-0.0198279,0.0098753
582,0.16,-0.0195189,0.00986315
583,-0.12,-0.0196913,0.00984773
584,-0.12,-0.019863,0.00983235
585,-0.28,-0.0203077,0.0098256
586,-0.24,-0.0206826,0.00981598
587,-0.4,-0.0213288,0.00982053
588,-0.08,-0.0214286,0.00980432
589,-0.08,-0.021528,0.00978816
590,-0.12,-0.0216949,0.00977298
591,0.12,-0.0214552,0.00975938
592,0.16,-0.0211486,0.0097477
593,0.08,-0.0209781,0.00973274
594,0.16,-0.0206734,0.00972112
595,0.08,-0.0205042,0.00970624
596,-0.12,-0.0206711,0.00969138
597,-0.08,-0.0207705,0.00967564
598,0.12,-0.0205351,0.00966232
599,0.16,-0.0202337,0.00965088
600,0.08,-0.0200667,0.00963623
601,-0.04,-0.0200998,0.00962024
602,0,-0.0200664,0.00960431
603,-0.2,-0.0203648,0.00959301
604,0.12,-0.0201325,0.00957993
605,0.24,-0.0197025,0.00957374
606,0.4,-0.0190099,0.00958299
607,0.24,-0.0185832,0.0095767
608,0.12,-0.0183553,0.00956366
609,0.28,-0.0178654,0.0095605
610,0.16,-0.0175738,0.00954927
611,0.32,-0.0170213,0.00954962
612,0.52,-0.0161438,0.0095743
613,0.28,-0.0156607,0.00957087
614,0.04,-0.01557,0.0095557
615,0.36,-0.0149593,0.00955967
616,0.16,-0.0146753,0.00954837
617,-0.04,-0.0147164,0.00953297
618,0,-0.0146926,0.00951756
619,-0.28,-0.0151212,0.00951183
620,-0.2,-0.0154194,0.00950116
621,-0.16,-0.0156522,0.0094887
622,-0.16,-0.0158842,0.00947628
623,-0.04,-0.015923,0.00946113
624,-0.12,-0.0160897,0.00944743
625,-0.24,-0.016448,0.00943911
626,-0.2,-0.0167412,0.00942857
627,-0.28,-0.0171611,0.00942288
628,-0.36,-0.017707,0.00942369
629,-0.08,-0.017806,0.00940922
630,0,-0.0177778,0.00939432
631,-0.12,-0.0179398,0.00938082
632,0,-0.0179114,0.009366
633,-0.32,-0.0183886,0.00936337
634,-0.32,-0.0188644,0.00936068
635,-0.4,-0.0194646,0.00936518
636,-0.16,-0.0196855,0.00935306
637,-0.24,-0.0200314,0.00934476
638,-0.36,-0.0205643,0.00934531
639,-0.44,-0.0212207,0.00935373
640,-0.4,-0.0218125,0.00935784
641,-0.24,-0.0221529,0.00934943
642,-0.44,-0.0228037,0.00935752
643,-0.2,-0.0230793,0.00934702
644,-0.2,-0.023354,0.00933653
645,-0.68,-0.0243721,0.00937747
646,-0.64,-0.0253251,0.00941132
647,-0.68,-0.0263369,0.00945108
648,-0.44,-0.0269753,0.00945806
649,-0.28,-0.0273652,0.00945152
650,-0.08,-0.0274462,0.00943731
651,0.04,-0.0273425,0.00942337
652,0.04,-0.0272393,0.00940948
653,0.32,-0.0267075,0.00941009
654,0.12,-0.0264832,0.00939837
655,0.2,-0.0261374,0.00939038
656,0.04,-0.0260366,0.0093766
657,0.2,-0.0256925,0.00936863
658,0.24,-0.0252888,0.00936309
659,0.16,-0.0250076,0.0093531
660,-0.08,-0.0250909,0.00933929
661,-0.12,-0.0252345,0.00932626
662,-0.12,-0.0253776,0.00931326
663,-0.04,-0.0253997,0.00929923
664,0,-0.0253614,0.00928529
665,0.16,-0.0250827,0.00927551
666,0.32,-0.0245646,0.00927605
667,0.32,-0.024048,0.00927653
668,0.56,-0.0231737,0.0093038
669,0.44,-0.0224813,0.00931565
670,0.24,-0.0220896,0.00930998
671,0.4,-0.0214605,0.00931736
672,0.12,-0.02125,0.00930586
673,0,-0.0212184,0.00929208
674,0.04,-0.0211276,0.00927872
675,-0.16,-0.0213333,0.00926725
676,-0.32,-0.0217751,0.00926407
677,-0.12,-0.0219202,0.00925152
678,-0.32,-0.0223599,0.00924832
679,0.04,-0.022268,0.00923514
680,-0.04,-0.0222941,0.00922159
681,-0.08,-0.0223789,0.00920843
682,-0.2,-0.0226393,0.0091986
683,-0.2,-0.022899,0.0091888
684,-0.08,-0.0229825,0.00917573
685,-0.16,-0.0231825,0.00916451
686,0.08,-0.0230321,0.00915238
687,-0.12,-0.0231732,0.00914014
688,0.16,-0.022907,0.00913072
689,0.08,-0.0227576,0.00911869
690,0.2,-0.0224348,0.00911118
691,0.16,-0.0221708,0.00910182
692,0.08,-0.0220231,0.00908985
693,0.04,-0.0219336,0.00907717
694,-0.04,-0.0219597,0.00906412
695,-0.08,-0.0220432,0.00905145
696,-0.36,-0.0225287,0.00905147
697,-0.2,-0.0227834,0.00904206
698,-0.4,-0.0233238,0.00904526
699,-0.2,-0.0235765,0.00903584
700,-0.12,-0.0237143,0.00902398
701,-0.08,-0.0237946,0.00901145
702,-0.04,-0.0238177,0.00899863
703,-0.08,-0.0238976,0.00898618
704,-0.04,-0.0239205,0.00897344
705,0.08,-0.023773,0.00896191
706,0.32,-0.0232861,0.00896245
707,0.32,-0.0228006,0.00896292
708,0.28,-0.0223729,0.00896047
709,0.36,-0.0218336,0.00896406
710,0.4,-0.0212394,0.00897112
711,0.44,-0.0205907,0.00898195
712,0.24,-0.0202247,0.00897679
713,0.08,-0.0200842,0.00896529
714,0.12,-0.019888,0.00895488
715,-0.08,-0.019972,0.00894274
716,0.04,-0.0198883,0.00893063
717,0.16,-0.0196374,0.0089217
718,0.32,-0.0191643,0.00892181
719,0.4,-0.0185814,0.00892845
720,0.2,-0.0182778,0.00892121
721,0.32,-0.0178086,0.00892117
722,-0.08,-0.0178947,0.00890922
723,-0.24,-0.0182019,0.00890219
724,-0.24,-0.0185083,0.00889516
725,-0.56,-0.0192552,0.00891423
726,-0.24,-0.0195592,0.00890714
727,-0.28,-0.0199175,0.00890209
728,0.36,-0.0193956,0.00890515
729,0.16,-0.0191495,0.00889633
730,0.16,-0.0189041,0.00888753
731,0.16,-0.0186594,0.00887874
732,0.4,-0.0180874,0.00888502
733,0.76,-0.0170259,0.00893617
734,0.32,-0.0165668,0.00893579
735,0.24,-0.0162177,0.00893045
736,0.12,-0.0160326,0.00892023
737,0.04,-0.0159566,0.00890844
738,-0.2,-0.016206,0.00889985
739,-0.32,-0.0166171,0.0088973
740,0,-0.0165946,0.0088853
741,0.12,-0.0164103,0.00887522
742,-0.12,-0.0165499,0.00886435
743,-0.24,-0.0168506,0.00885752
744,-0.28,-0.0172043,0.00885267
745,-0.52,-0.0178792,0.0088665
746,-0.24,-0.0181769,0.00885961
747,-0.24,-0.0184739,0.00885273
748,-0.08,-0.0185561,0.00884127
749,-0.16,-0.018745,0.00883147
750,0,-0.01872,0.00881973
751,-0.12,-0.0188549,0.00880901
752,0.12,-0.0186702,0.00879922
753,0.2,-0.0183798,0.00879233
754,0.2,-0.0180902,0.00878543
755,0.24,-0.0177483,0.00878045
756,0.24,-0.0174074,0.00877545
757,0.28,-0.0170145,0.00877265
758,0.36,-0.0165172,0.00877518
759,-0.04,-0.0165481,0.00876366
760,0.24,-0.0162105,0.00875863
761,0.52,-0.0155059,0.00877545
762,0.4,-0.0149606,0.00878087
763,0.4,-0.0144168,0.0087862
764,0.28,-0.0140314,0.00878315
765,0.12,-0.0138562,0.00877341
766,0.12,-0.0136815,0.0087637
767,0,-0.0136636,0.00875228
768,-0.04,-0.0136979,0.00874094
769,-0.08,-0.0137841,0.00873
770,-0.12,-0.0139221,0.00871974
771,0,-0.013904,0.00870844
772,-0.28,-0.0142487,0.00870398
773,0,-0.0142303,0.00869274
774,0.04,-0.0141602,0.00868178
775,-0.04,-0.0141935,0.00867064
776,0.12,-0.0140206,0.00866118
777,0.04,-0.0139511,0.00865031
778,0.04,-0.0138817,0.00863946
779,0.16,-0.0136585,0.00863125
780,0.16,-0.0134359,0.00862305
781,-0.32,-0.0138284,0.00862094
782,-0.04,-0.0138619,0.00860998
783,0.12,-0.0136909,0.00860067
784,0.2,-0.0134184,0.00859402
785,0.12,-0.0132484,0.00858475
786,0.2,-0.0129771,0.00857811
787,0.04,-0.0129098,0.00856747
788,0.04,-0.0128426,0.00855685
789,-0.12,-0.0129785,0.00854708
790,-0.04,-0.0130127,0.00853632
791,0.08,-0.0128951,0.00852633
792,-0.08,-0.0129798,0.00851598
793,-0.2,-0.0132156,0.00850851
794,-0.36,-0.0136524,0.008509
795,-0.24,-0.0139371,0.00850306
796,-0.04,-0.0139698,0.00849243
797,0.32,-0.0135508,0.00849211
798,0.28,-0.013183,0.00848944
799,0.28,-0.012816,0.00848674
800,0.2,-0.01255,0.0084803
801,0.24,-0.0122347,0.00847557
802,0.08,-0.0121197,0.00846578
803,0.08,-0.012005,0.00845601
804,0.16,-0.011791,0.0084482
805,0.04,-0.0117267,0.00843794
806,0.2,-0.011464,0.00843156
807,0.08,-0.0113507,0.00842187
808,-0.04,-0.0113861,0.00841151
809,0.28,-0.011026,0.00840882
810,0.12,-0.0108642,0.00839999
811,0.24,-0.0105549,0.00839533
812,0.12,-0.0103941,0.00838653
813,0.2,-0.0101353,0.0083802
814,0.16,-0.00992629,0.00837251
815,0.08,-0.00981595,0.00836296
816,0.32,-0.00941176,0.00836248
817,0.08,-0.00930233,0.00835295
818,-0.32,-0.00968215,0.00835138
819,-0.24,-0.00996337,0.00834591
820,-0.04,-0.01,0.00833581
821,0.08,-0.00989038,0.00832637
822,0.04,-0.00982968,0.00831646
823,0.16,-0.00962333,0.00830891
824,-0.12,-0.00975728,0.0082999
825,-0.12,-0.00989091,0.00829091
826,-0.16,-0.0100726,0.00828286
827,-0.08,-0.0101572,0.00827327
828,-0.04,-0.0101932,0.00826335
829,-0.32,-0.0105669,0.00826183
830,0.04,-0.010506,0.0082521
831,-0.2,-0.0107341,0.00824532
832,0.16,-0.0105288,0.00823796
833,0.16,-0.0103241,0.00823061
834,-0.12,-0.0104556,0.00822178
835,-0.24,-0.0107305,0.00821653
836,-0.12,-0.0108612,0.00820774
837,-0.6,-0.0115651,0.00822809
838,-0.48,-0.0121241,0.00823725
839,-0.24,-0.0123957,0.00823191
840,0.04,-0.0123333,0.00822234
841,0.04,-0.0122711,0.00821279
842,-0.08,-0.0123515,0.00820343
843,-0.32,-0.0127165,0.00820181
844,-0.28,-0.0130332,0.00819821
845,-0.08,-0.0131124,0.00818889
846,-0.16,-0.0132861,0.00818104
847,0.24,-0.012987,0.00817685
848,0.24,-0.0126887,0.00817265
849,0.16,-0.0124853,0.00816555
850,0,-0.0124706,0.00815595
851,0.16,-0.0122679,0.00814888
852,0.16,-0.0120657,0.00814182
853,0.12,-0.0119109,0.00813375
854,0.04,-0.0118501,0.00812444
855,0.04,-0.0117895,0.00811516
856,0.24,-0.0114953,0.00811101
857,0.56,-0.0108285,0.00812894
858,0.36,-0.0103963,0.00813095
859,0.08,-0.010291,0.00812217
860,0.08,-0.010186,0.0081134
861,-0.16,-0.01036,0.00810583
862,-0.12,-0.0104872,0.00809742
863,-0.04,-0.0105214,0.00808811
864,-0.08,-0.0106019,0.00807914
865,-0.04,-0.0106358,0.00806987
866,-0.04,-0.0106697,0.00806062
867,-0.2,-0.0108881,0.00805427
868,-0.16,-0.0110599,0.00804682
869,0,-0.0110472,0.00803757
870,0.28,-0.0107126,0.00803529
871,0.28,-0.0103789,0.008033
872,-0.08,-0.0104587,0.00802418
873,-0.12,-0.0105842,0.00801596
874,-0.08,-0.0106636,0.00800718
875,-0.04,-0.0106971,0.00799809
876,0.08,-0.0105936,0.00798963
877,0.04,-0.0105359,0.00798072
878,0.36,-0.0101139,0.00798279
879,0.2,-0.00987486,0.00797729
880,-0.28,-0.0101818,0.00797413
881,-0.52,-0.0107605,0.00798606
882,-0.48,-0.0112925,0.00799472
883,-0.24,-0.0115515,0.00798987
884,-0.2,-0.0117647,0.00798367
885,-0.36,-0.0121582,0.00798434
886,-0.28,-0.0124605,0.00798105
887,0,-0.0124464,0.00797206
888,-0.08,-0.0125225,0.00796344
889,0.16,-0.0123285,0.00795685
890,0.2,-0.0120899,0.00795148
891,-0.08,-0.0121661,0.00794292
892,-0.28,-0.0124664,0.00793969
893,0.16,-0.0122732,0.00793315
894,-0.08,-0.012349,0.00792463
895,-0.32,-0.0126927,0.00792323
896,-0.16,-0.0128571,0.00791609
897,-0.12,-0.0129766,0.00790816
898,-0.12,-0.0130958,0.00790025
899,-0.04,-0.0131257,0.00789151
900,-0.16,-0.0132889,0.00788443
901,-0.16,-0.0134517,0.00787736
902,-0.28,-0.0137472,0.00787416
903,-0.24,-0.0139978,0.00786943
904,-0.32,-0.0143363,0.007868
905,-0.16,-0.0144972,0.00786095
906,-0.36,-0.0148786,0.00786153
907,-0.12,-0.0149945,0.00785371
908,-0.12,-0.0151101,0.00784591
909,-0.12,-0.0152255,0.00783812
910,-0.24,-0.0154725,0.0078334
911,-0.04,-0.0154995,0.00782484
912,-0.28,-0.0157895,0.00782164
913,-0.44,-0.0162541,0.00782687
914,-0.36,-0.0166302,0.00782734
915,-0.12,-0.0167432,0.0078196
916,-0.16,-0.0168996,0.00781262
917,-0.48,-0.0174046,0.00782042
918,-0.52,-0.0179521,0.00783106
919,-0.52,-0.0184984,0.00784158
920,-0.6,-0.0191304,0.00785852
921,-0.28,-0.0194137,0.00785509
922,-0.36,-0.0197831,0.00785525
923,-0.56,-0.0203684,0.00786854
924,-0.28,-0.0206494,0.00786504
925,0.04,-0.0205838,0.0078568
926,0.08,-0.0204752,0.00784907
927,0.12,-0.0203236,0.00784206
928,0.24,-0.0200431,0.00783862
929,-0.12,-0.0201507,0.00783092
930,-0.24,-0.0203871,0.00782607
931,-0.28,-0.020666,0.00782263
932,-0.2,-0.0208584,0.0078166
933,-0.28,-0.0211361,0.00781316
934,-0.36,-0.0214989,0.00781321
935,-0.4,-0.0219037,0.00781534
936,-0.32,-0.0222222,0.00781348
937,-0.28,-0.0224973,0.00780999
938,0.04,-0.0224307,0.00780194
939,-0.04,-0.0224494,0.00779365
940,-0.16,-0.0225957,0.00778673
941,-0.12,-0.0226993,0.00777914
942,0.04,-0.0226327,0.00777116
943,0,-0.0226087,0.00776295
944,-0.04,-0.0226271,0.00775475
945,0.16,-0.0224339,0.00774895
946,0.4,-0.0219873,0.00775362
947,0.12,-0.0218374,0.00774688
948,0.12,-0.0216878,0.00774015
949,-0.04,-0.0217071,0.00773201
950,0,-0.0216842,0.0077239
951,-0.16,-0.0218297,0.00771715
952,-0.28,-0.0221008,0.00771381
953,-0.08,-0.0221616,0.00770595
954,-0.24,-0.0223899,0.00770125
955,-0.36,-0.0227435,0.0077013
956,-0.12,-0.0228452,0.00769391
957,0,-0.0228213,0.00768591
958,0.12,-0.0226722,0.00767933
959,0.08,-0.0225652,0.00767206
960,0.16,-0.022375,0.00766643
961,0.24,-0.022102,0.00766331
962,0.04,-0.0220374,0.00765561
963,0.08,-0.0219315,0.00764839
964,0.12,-0.0217842,0.00764187
965,-0.12,-0.021886,0.00763463
966,0,-0.0218634,0.00762675
967,0.04,-0.0217994,0.00761913
968,0.12,-0.0216529,0.00761267
969,0.12,-0.0215067,0.00760621
970,0.2,-0.0212784,0.0076018
971,0.28,-0.0209681,0.0076003
972,0.44,-0.0204938,0.00760727
973,0.08,-0.0203905,0.00760015
974,0.16,-0.0202053,0.0075946
975,0.08,-0.0201026,0.00758751
976,-0.28,-0.0203689,0.0075844
977,-0.2,-0.0205527,0.00757887
978,-0.12,-0.0206544,0.0075718
979,-0.12,-0.0207559,0.00756474
980,0.28,-0.020449,0.00756325
981,0,-0.0204281,0.00755556
982,-0.16,-0.0205703,0.0075492
983,0.04,-0.0205086,0.00754177
984,0.04,-0.0204472,0.00753435
985,-0.2,-0.0206294,0.00752891
986,-0.24,-0.0208519,0.00752456
987,-0.04,-0.0208713,0.00751695
988,0,-0.0208502,0.00750937
989,0,-0.0208291,0.0075018
990,0.08,-0.0207273,0.00749491
991,-0.2,-0.0209082,0.00748953
992,-0.52,-0.0214113,0.00749888
993,-0.64,-0.0220342,0.00751718
994,-0.12,-0.0221328,0.00751026
995,0,-0.0221106,0.00750274
996,-0.04,-0.0221285,0.00749522
997,0,-0.0221063,0.00748773
998,0.48,-0.0216032,0.00749713
999,0.32,-0.0212613,0.00749742
1000,0.16,-0.02108,0.00749211
