1,-0.48,-0.48,0
2,-0.6,-0.54,0.06
3,-0.64,-0.573333,0.048074
4,-0.52,-0.56,0.0365148
5,-0.52,-0.552,0.0293939
6,-0.48,-0.54,0.0268328
7,-0.64,-0.554286,0.0268024
8,-0.72,-0.575,0.0311104
9,-0.88,-0.608889,0.0436031
10,-0.92,-0.64,0.0498888
11,-0.68,-0.643636,0.0452724
12,-0.64,-0.643333,0.0413289
13,-0.48,-0.630769,0.0400394
14,-0.48,-0.62,0.0386019
15,-0.56,-0.616,0.0361584
16,-0.56,-0.6125,0.0340037
17,-0.44,-0.602353,0.0335139
18,-0.32,-0.586667,0.0352767
19,-0.36,-0.574737,0.0354369
20,-0.2,-0.556,0.0384872
21,0,-0.529524,0.0451794
22,0.08,-0.501818,0.0512174
23,0.04,-0.478261,0.0543145
24,0.16,-0.451667,0.0584078
25,0.08,-0.4304,0.0599235
26,0.04,-0.412308,0.0603485
27,0,-0.397037,0.0600447
28,-0.08,-0.385714,0.0589579
29,-0.16,-0.377931,0.0574186
30,0,-0.365333,0.0568841
31,-0.16,-0.35871,0.0554158
32,0,-0.3475,0.0548146
33,0,-0.33697,0.0541611
34,-0.12,-0.330588,0.0529301
35,-0.08,-0.323429,0.0518918
36,-0.2,-0.32,0.0505462
37,-0.12,-0.314595,0.0494574
38,0,-0.306316,0.048845
39,0.12,-0.295385,0.0488157
40,0.04,-0.287,0.0483128
41,-0.16,-0.283902,0.0472214
42,-0.04,-0.278095,0.0464479
43,-0.08,-0.273488,0.0455882
44,0.04,-0.266364,0.0451063
45,0,-0.260444,0.0444881
46,0.08,-0.253043,0.0441351
47,0.36,-0.24,0.0451127
48,0.12,-0.2325,0.0447951
49,0.16,-0.22449,0.0445967
50,0.08,-0.2184,0.044118
51,-0.12,-0.216471,0.0432873
52,0,-0.212308,0.0426503
53,-0.44,-0.216604,0.0420579
54,-0.4,-0.22,0.0414112
55,-0.48,-0.224727,0.0409252
56,-0.64,-0.232143,0.0408662
57,-0.68,-0.24,0.0409046
58,-0.64,-0.246897,0.0407805
59,-0.68,-0.254237,0.04075
60,-0.68,-0.261333,0.0406886
61,-0.68,-0.268197,0.0406004
62,-0.56,-0.272903,0.0402165
63,-0.44,-0.275556,0.0396618
64,-0.44,-0.278125,0.0391216
65,-0.4,-0.28,0.0385606
66,-0.36,-0.281212,0.0379912
67,-0.72,-0.287761,0.0379887
68,-0.64,-0.292941,0.0377826
69,-0.64,-0.297971,0.0375692
70,-0.48,-0.300571,0.0371199
71,-0.44,-0.302535,0.036646
72,-0.44,-0.304444,0.0361838
73,-0.52,-0.307397,0.0358067
74,-0.52,-0.31027,0.0354361
75,-0.56,-0.3136,0.0351187
76,-0.32,-0.313684,0.0346536
77,-0.28,-0.313247,0.0342034
78,-0.28,-0.312821,0.0337647
79,-0.28,-0.312405,0.0333372
80,-0.28,-0.312,0.0329203
81,-0.48,-0.314074,0.0325774
82,-0.2,-0.312683,0.0322078
83,-0.28,-0.312289,0.0318198
84,-0.16,-0.310476,0.0314909
85,-0.08,-0.307765,0.0312361
86,-0.04,-0.304651,0.0310274
87,-0.08,-0.302069,0.0307772
88,-0.16,-0.300455,0.0304683
89,0.16,-0.295281,0.030565
90,0,-0.292,0.0304011
91,-0.04,-0.289231,0.0301924
92,0.04,-0.285652,0.0300761
93,0.12,-0.28129,0.030069
94,-0.04,-0.278723,0.0298579
95,0.2,-0.273684,0.0299686
96,0.16,-0.269167,0.029997
97,-0.04,-0.266804,0.02978
98,0.12,-0.262857,0.0297376
99,0.4,-0.256162,0.0301876
100,0.24,-0.2512,0.0302933
101,0.24,-0.246337,0.0303836
102,0,-0.243922,0.030181
103,0.04,-0.241165,0.0300134
104,-0.04,-0.239231,0.0297863
105,0.2,-0.235048,0.0297964
106,0.2,-0.230943,0.0297979
107,0.2,-0.226916,0.0297916
108,0.32,-0.221852,0.0299458
109,0.48,-0.215413,0.0303604
110,0.4,-0.209818,0.030599
111,0.6,-0.202523,0.0311874
112,0.68,-0.194643,0.0318963
113,0.72,-0.186549,0.0326325
114,0.64,-0.179298,0.0331477
115,0.68,-0.171826,0.0336971
116,0.48,-0.166207,0.0338746
117,0.4,-0.161368,0.0339307
118,0.36,-0.156949,0.0339309
119,0.24,-0.153613,0.0338095
120,0.24,-0.150333,0.0336866
121,0.44,-0.145455,0.0337614
122,0.56,-0.139672,0.0339792
123,0.28,-0.13626,0.0338741
124,0.32,-0.132581,0.0338007
125,0.48,-0.12768,0.0338854
126,0.64,-0.121587,0.0341631
127,0.48,-0.11685,0.0342224
128,0.32,-0.113438,0.0341251
129,0.28,-0.110388,0.0339966
130,0.16,-0.108308,0.0337982
131,0.32,-0.105038,0.0336981
132,0.24,-0.102424,0.0335439
133,0.16,-0.100451,0.0333491
134,0.04,-0.099403,0.0331159
135,-0.08,-0.0992593,0.03287
136,0.16,-0.0973529,0.0326831
137,0.08,-0.0960584,0.0324695
138,0.12,-0.0944928,0.0322713
139,0,-0.0938129,0.0320455
140,-0.24,-0.0948571,0.0318329
141,-0.12,-0.0950355,0.0316069
142,0.04,-0.0940845,0.0313979
143,-0.32,-0.0956643,0.0312175
144,0,-0.095,0.0310071
145,-0.04,-0.0946207,0.0307949
146,0.04,-0.0936986,0.0305971
147,0.04,-0.0927891,0.0304019
148,-0.12,-0.092973,0.0301963
149,0.12,-0.0915436,0.030027
150,0.04,-0.0906667,0.029839
151,0.16,-0.0890066,0.0296872
152,0.04,-0.0881579,0.0295035
153,0.24,-0.0860131,0.0293884
154,0.2,-0.0841558,0.0292559
155,0.04,-0.0833548,0.0290776
156,-0.12,-0.0835897,0.0288916
157,0.2,-0.0817834,0.0287637
158,0.12,-0.0805063,0.0286096
159,0.2,-0.0787421,0.0284838
160,0.32,-0.07625,0.0284147
161,0.4,-0.0732919,0.0283922
162,0.12,-0.0720988,0.0282416
163,0.04,-0.071411,0.0280762
164,-0.16,-0.0719512,0.0279097
165,-0.12,-0.0722424,0.0277416
166,-0.16,-0.0727711,0.027579
167,-0.32,-0.0742515,0.0274533
168,-0.16,-0.0747619,0.0272942
169,-0.04,-0.0745562,0.027133
170,0,-0.0741176,0.0269765
171,0,-0.0736842,0.0268218
172,0.28,-0.0716279,0.0267445
173,0.24,-0.0698266,0.0266505
174,0.24,-0.068046,0.0265566
175,0.24,-0.0662857,0.026463
176,0.32,-0.0640909,0.0264036
177,0.24,-0.0623729,0.0263102
178,0.08,-0.061573,0.0261742
179,-0.2,-0.0623464,0.026039
180,-0.12,-0.0626667,0.0258959
181,-0.28,-0.0638674,0.0257804
182,-0.24,-0.0648352,0.0256567
183,-0.12,-0.0651366,0.0255179
184,-0.16,-0.0656522,0.025384
185,0,-0.0652973,0.0252489
186,-0.28,-0.0664516,0.0251393
187,-0.12,-0.066738,0.0250062
188,-0.08,-0.0668085,0.0248729
189,-0.2,-0.0675132,0.024751
190,-0.2,-0.0682105,0.0246303
191,-0.08,-0.0682723,0.024501
192,-0.28,-0.069375,0.024398
193,-0.2,-0.0700518,0.0242807
194,0.08,-0.0692784,0.0241676
195,0.2,-0.0678974,0.024083
196,0.04,-0.0673469,0.0239661
197,0,-0.0670051,0.0238466
198,-0.28,-0.0680808,0.0237502
199,-0.32,-0.0693467,0.0236645
200,-0.32,-0.0706,0.0235792
201,-0.36,-0.0720398,0.0235057
202,0,-0.0716832,0.0233918
203,0.04,-0.071133,0.0232828
204,-0.16,-0.0715686,0.0231725
205,0.12,-0.0706341,0.0230781
206,0.32,-0.0687379,0.0230439
207,0.36,-0.0666667,0.0230257
208,0.4,-0.0644231,0.0230243
209,0.36,-0.0623923,0.0230037
210,0.32,-0.0605714,0.0229662
211,0,-0.0602844,0.0228589
212,0.32,-0.0584906,0.0228214
213,0.28,-0.0569014,0.0227695
214,0.4,-0.0547664,0.0227632
215,0.28,-0.0532093,0.0227105
216,0.16,-0.0522222,0.0226267
217,0.2,-0.0510599,0.0225521
218,0.04,-0.0506422,0.0224523
219,0.16,-0.0496804,0.0223703
220,0.08,-0.0490909,0.0222762
221,0.28,-0.0476018,0.0222251
222,0.32,-0.0459459,0.0221866
223,0.32,-0.0443049,0.0221478
224,0.24,-0.0430357,0.0220852
225,0.24,-0.0417778,0.0220228
226,0.08,-0.0412389,0.0219317
227,0.16,-0.0403524,0.0218529
228,0.12,-0.0396491,0.0217682
229,-0.08,-0.0398253,0.0216736
230,-0.16,-0.0403478,0.0215855
231,-0.28,-0.0413853,0.0215169
232,-0.04,-0.0413793,0.021424
233,0.12,-0.0406867,0.021343
234,0.12,-0.04,0.0212627
235,0,-0.0398298,0.0211727
236,0.2,-0.0388136,0.0211073
237,0.24,-0.0376371,0.021051
238,0.28,-0.0363025,0.0210048
239,0.4,-0.034477,0.0209962
240,0.32,-0.033,0.0209606
241,0.24,-0.0318672,0.0209042
242,-0.08,-0.0320661,0.0208186
243,-0.12,-0.032428,0.0207359
244,-0.24,-0.0332787,0.0206683
245,-0.2,-0.0339592,0.020595
246,-0.24,-0.0347967,0.0205282
247,-0.24,-0.0356275,0.0204618
248,-0.48,-0.0374194,0.0204577
249,-0.36,-0.0387149,0.0204165
250,-0.2,-0.03936,0.0203449
251,-0.2,-0.04,0.0202738
252,-0.28,-0.0409524,0.0202157
253,-0.32,-0.0420553,0.0201658
254,-0.24,-0.0428346,0.0201013
255,-0.12,-0.0431373,0.0200246
256,-0.16,-0.0435938,0.0199515
257,-0.36,-0.0448249,0.0199118
258,-0.24,-0.0455814,0.0198489
259,0.04,-0.045251,0.0197749
260,0.28,-0.044,0.0197384
261,0.24,-0.0429119,0.0196927
262,0.12,-0.0422901,0.0196272
263,0.28,-0.0410646,0.0195908
264,0.52,-0.0389394,0.0196318
265,0.48,-0.0369811,0.0196554
266,0.28,-0.0357895,0.0196176
267,0.28,-0.0346067,0.0195797
268,0.08,-0.0341791,0.0195112
269,0.08,-0.0337546,0.0194432
270,-0.16,-0.0342222,0.0193767
271,-0.32,-0.0352768,0.0193338
272,-0.16,-0.0357353,0.0192681
273,-0.04,-0.0357509,0.0191974
274,-0.12,-0.0360584,0.0191297
275,-0.12,-0.0363636,0.0190624
276,-0.44,-0.0378261,0.0190494
277,-0.36,-0.0389892,0.0190162
278,-0.28,-0.0398561,0.0189674
279,-0.28,-0.0407168,0.0189189
280,-0.28,-0.0415714,0.0188706
281,-0.16,-0.0419929,0.0188081
282,-0.4,-0.0432624,0.0187842
283,-0.32,-0.0442403,0.0187432
284,-0.4,-0.045493,0.0187191
285,-0.32,-0.0464561,0.0186781
286,-0.44,-0.0478322,0.0186635
287,-0.56,-0.0496167,0.0186838
288,-0.56,-0.0513889,0.0187029
289,-0.32,-0.0523183,0.0186613
290,-0.24,-0.0529655,0.0186081
291,-0.36,-0.0540206,0.018574
292,-0.12,-0.0542466,0.0185117
293,-0.16,-0.0546075,0.0184519
294,-0.08,-0.0546939,0.0183892
295,0,-0.0545085,0.0183277
296,-0.24,-0.0551351,0.0182765
297,-0.16,-0.0554882,0.0182182
298,0,-0.055302,0.018158
299,0.08,-0.0548495,0.0181028
300,-0.12,-0.0550667,0.0180436
301,-0.16,-0.0554153,0.017987
302,0,-0.0552318,0.0179283
303,0.16,-0.0545215,0.0178831
304,0.2,-0.0536842,0.0178438
305,0.32,-0.052459,0.0178274
306,0.04,-0.0521569,0.0177716
307,0.08,-0.0517264,0.0177188
308,0.2,-0.0509091,0.0176801
309,0.24,-0.0499676,0.0176479
310,0.16,-0.0492903,0.017604
311,0.28,-0.0482315,0.0175792
312,0.2,-0.0474359,0.0175408
313,0.28,-0.0463898,0.0175159
314,0.24,-0.0454777,0.0174839
315,0.24,-0.0445714,0.0174518
316,0.24,-0.0436709,0.0174198
317,0.44,-0.0421451,0.0174317
318,0.4,-0.0407547,0.0174323
319,0.48,-0.0391223,0.0174541
320,0.76,-0.036625,0.0175777
321,0.76,-0.0341433,0.0176978
322,0.84,-0.0314286,0.0178503
323,0.6,-0.0294737,0.0179021
324,0.48,-0.0279012,0.0179159
325,0.48,-0.0263385,0.0179289
326,0.48,-0.0247853,0.0179412
327,0.52,-0.0231193,0.0179636
328,0.32,-0.0220732,0.0179393
329,0.28,-0.021155,0.0179082
330,0.44,-0.0197576,0.0179085
331,0.32,-0.0187311,0.0178838
332,0.24,-0.0179518,0.0178469
333,0.2,-0.0172973,0.0178052
334,0.04,-0.0171257,0.0177527
335,0.24,-0.0163582,0.0177162
336,0.16,-0.0158333,0.0176712
337,0.2,-0.0151929,0.0176303
338,0.44,-0.0138462,0.0176296
339,0.52,-0.0122714,0.0176479
340,0.44,-0.0109412,0.0176462
341,0.52,-0.00938416,0.0176631
342,0.64,-0.00748538,0.0177134
343,0.56,-0.0058309,0.0177391
344,0.48,-0.0044186,0.0177437
345,0.64,-0.00255072,0.0177905
346,0.72,-0.000462428,0.0178615
347,0.52,0.00103746,0.017873
348,0.52,0.00252874,0.0178839
349,0.48,0.00389685,0.017885
350,0.4,0.00502857,0.0178697
351,0.36,0.00603989,0.0178474
352,0.48,0.00738636,0.0178474
353,0.44,0.0086119,0.017839
354,0.16,0.00903955,0.0177936
355,-0.08,0.00878873,0.0177452
356,-0.32,0.00786517,0.0177194
357,-0.44,0.00661064,0.0177142
358,-0.48,0.0052514,0.0177168
359,-0.64,0.00345404,0.0177586
360,-0.92,0.000888889,0.017894
361,-0.84,-0.00144044,0.0179958
362,-0.64,-0.00320442,0.0180325
363,-0.48,-0.00451791,0.0180306
364,-0.36,-0.00549451,0.0180075
365,-0.36,-0.00646575,0.0179844
366,-0.32,-0.0073224,0.0179556
367,-0.48,-0.00861035,0.0179529
368,-0.32,-0.00945652,0.017924
369,-0.76,-0.0114905,0.0179907
370,-0.72,-0.0134054,0.0180439
371,-0.52,-0.0147709,0.018047
372,-0.44,-0.015914,0.0180346
373,-0.32,-0.0167292,0.0180047
374,-0.36,-0.0176471,0.0179799
375,0,-0.0176,0.017932
376,-0.16,-0.0179787,0.0178882
377,-0.32,-0.0187798,0.0178587
378,-0.28,-0.0194709,0.0178248
379,-0.24,-0.0200528,0.0177872
380,-0.36,-0.0209474,0.0177629
381,-0.32,-0.0217323,0.0177336
382,-0.32,-0.0225131,0.0177043
383,-0.32,-0.0232898,0.0176751
384,-0.08,-0.0234375,0.0176297
385,0,-0.0233766,0.0175839
386,-0.32,-0.0241451,0.0175551
387,-0.2,-0.0245995,0.0175156
388,-0.2,-0.0250515,0.0174762
389,-0.12,-0.0252956,0.017433
390,-0.32,-0.0260513,0.0174046
391,-0.28,-0.0267008,0.0173722
392,-0.24,-0.0272449,0.0173364
393,-0.08,-0.0273791,0.0172927
394,-0.12,-0.0276142,0.0172504
395,-0.2,-0.0280506,0.0172122
396,-0.44,-0.0290909,0.0172001
397,-0.48,-0.0302267,0.0171943
398,-0.32,-0.0309548,0.0171665
399,-0.08,-0.0310777,0.0171239
400,-0.16,-0.0314,0.017084
401,0,-0.0313217,0.0170416
402,-0.04,-0.0313433,0.0169991
403,0,-0.0312655,0.0169571
404,-0.08,-0.0313861,0.0169155
405,-0.08,-0.0315062,0.0168741
406,0,-0.0314286,0.0168327
407,-0.2,-0.0318428,0.0167964
408,-0.2,-0.0322549,0.0167602
409,-0.28,-0.0328606,0.0167302
410,-0.16,-0.0331707,0.0166922
411,-0.08,-0.0332847,0.0166519
412,0.12,-0.0329126,0.0166156
413,-0.04,-0.0329298,0.0165753
414,-0.08,-0.0330435,0.0165356
415,-0.16,-0.0333494,0.0164986
416,-0.32,-0.0340385,0.0164733
417,-0.16,-0.0343405,0.0164365
418,-0.44,-0.035311,0.0164258
419,-0.44,-0.0362768,0.016415
420,-0.48,-0.0373333,0.0164099
421,-0.44,-0.0382898,0.0163988
422,-0.32,-0.0389573,0.0163735
423,-0.12,-0.0391489,0.0163359
424,-0.24,-0.0396226,0.0163042
425,-0.12,-0.0398118,0.0162669
426,-0.12,-0.04,0.0162298
427,0.12,-0.0396253,0.0161961
428,0,-0.0395327,0.0161584
429,-0.16,-0.0398135,0.0161232
430,0.04,-0.0396279,0.0160867
431,-0.04,-0.0396288,0.0160493
432,0.16,-0.0391667,0.0160188
433,0.08,-0.0388915,0.0159841
434,0.24,-0.0382488,0.0159602
435,0.12,-0.0378851,0.0159276
436,-0.08,-0.0379817,0.0158914
437,0.04,-0.0378032,0.015856
438,0.28,-0.0370776,0.0158363
439,-0.2,-0.0374487,0.0158046
440,-0.36,-0.0381818,0.0157857
441,-0.36,-0.0389116,0.0157667
442,-0.4,-0.0397285,0.0157522
443,-0.32,-0.0403612,0.0157293
444,-0.24,-0.0408108,0.0157003
445,0,-0.0407191,0.0156653
446,-0.12,-0.0408969,0.0156311
447,-0.24,-0.0413423,0.0156025
448,0.08,-0.0410714,0.0155699
449,0.36,-0.0401782,0.0155609
450,0.08,-0.0399111,0.0155286
451,0.04,-0.0397339,0.0154951
452,0.2,-0.0392035,0.0154699
453,0.32,-0.0384106,0.0154561
454,0.48,-0.0372687,0.0154642
455,0.32,-0.0364835,0.0154501
456,-0.08,-0.0365789,0.0154165
457,-0.28,-0.0371116,0.0153919
458,-0.28,-0.0376419,0.0153675
459,-0.32,-0.0382571,0.0153463
460,-0.56,-0.0393913,0.0153548
461,-0.56,-0.0405206,0.015363
462,-0.56,-0.041645,0.0153709
463,-0.6,-0.042851,0.015385
464,-0.4,-0.0436207,0.0153711
465,-0.4,-0.0443871,0.0153572
466,-0.56,-0.0454936,0.0153641
467,-0.52,-0.0465096,0.0153648
468,-0.72,-0.0479487,0.0153993
469,-0.36,-0.0486141,0.0153808
470,-0.04,-0.0485957,0.0153481
471,-0.16,-0.0488323,0.0153173
472,-0.08,-0.0488983,0.0152849
473,0,-0.0487949,0.0152529
474,-0.12,-0.0489451,0.0152215
475,0.04,-0.0487579,0.0151905
476,0,-0.0486555,0.0151589
477,0.04,-0.0484696,0.0151283
478,0,-0.0483682,0.0150969
479,0.28,-0.0476827,0.015081
480,0.2,-0.0471667,0.0150584
481,0.16,-0.046736,0.0150332
482,-0.04,-0.046722,0.015002
483,0.04,-0.0465424,0.014972
484,0.08,-0.046281,0.0149433
485,0.08,-0.0460206,0.0149147
486,0.2,-0.0455144,0.0148926
487,0.36,-0.0446817,0.0148853
488,0.56,-0.0434426,0.0149064
489,0.76,-0.0417996,0.0149663
490,0.64,-0.0404082,0.0150004
491,0.8,-0.0386965,0.0150674
492,0.72,-0.0371545,0.0151156
493,0.64,-0.0357809,0.0151473
494,0.68,-0.034332,0.0151859
495,0.6,-0.0330505,0.0152092
496,0.64,-0.0316935,0.0152391
497,0.44,-0.0307445,0.015238
498,0.56,-0.0295582,0.0152535
499,0.24,-0.029018,0.0152325
500,0.44,-0.02808,0.0152309
501,0.28,-0.0274651,0.0152129
502,0.2,-0.027012,0.0151894
503,0.08,-0.0267992,0.0151606
504,0.16,-0.0264286,0.0151351
505,0.4,-0.0255842,0.0151286
506,0.52,-0.0245059,0.0151372
507,0.48,-0.0235108,0.01514
508,0.4,-0.0226772,0.0151332
509,0.44,-0.0217682,0.0151307
510,0.28,-0.0211765,0.0151126
511,0.32,-0.0205088,0.0150978
512,0.28,-0.0199219,0.0150797
513,0.32,-0.0192593,0.0150649
514,0.44,-0.0183658,0.015062
515,0.32,-0.0177087,0.0150471
516,0.28,-0.0171318,0.015029
517,0.24,-0.0166344,0.0150082
518,0.12,-0.0163707,0.0149815
519,-0.04,-0.0164162,0.0149526
520,0.04,-0.0163077,0.0149243
521,0.08,-0.0161228,0.0148967
522,0.04,-0.0160153,0.0148686
523,0.2,-0.0156023,0.0148458
524,0.16,-0.0152672,0.0148213
525,0.28,-0.0147048,0.0148037
526,0.28,-0.0141445,0.0147862
527,0.28,-0.0135863,0.0147686
528,0.44,-0.0127273,0.0147656
529,0.52,-0.0117202,0.0147721
530,0.48,-0.0107925,0.0147733
531,0.36,-0.0100942,0.014762
532,0.36,-0.0093985,0.0147506
533,0.68,-0.00810507,0.0147796
534,0.36,-0.00741573,0.014768
535,0.12,-0.00717757,0.0147423
536,0.24,-0.00671642,0.014722
537,0.08,-0.00655493,0.0146955
538,0,-0.00654275,0.0146681
539,0.12,-0.00630798,0.0146428
540,0.28,-0.00577778,0.0146253
541,0.08,-0.00561922,0.0145991
542,0.28,-0.00509225,0.0145816
543,0.16,-0.00478821,0.0145579
544,0.16,-0.00448529,0.0145343
545,-0.12,-0.00469725,0.0145091
546,0.16,-0.0043956,0.0144857
547,-0.12,-0.00460695,0.0144607
548,-0.28,-0.00510949,0.0144431
549,-0.4,-0.00582878,0.0144347
550,-0.24,-0.00625455,0.0144147
551,-0.12,-0.00646098,0.01439
552,-0.2,-0.00681159,0.0143682
553,-0.2,-0.00716094,0.0143464
554,-0.04,-0.00722022,0.0143206
555,-0.12,-0.00742342,0.0142962
556,0.24,-0.00697842,0.0142774
557,0.28,-0.0064632,0.0142611
558,0.32,-0.00587814,0.0142475
559,0.32,-0.00529517,0.014234
560,0.6,-0.00421429,0.0142496
561,0.64,-0.00306595,0.0142704
562,0.68,-0.00185053,0.0142968
563,0.52,-0.000923623,0.0143014
564,0.36,-0.000283688,0.0142904
565,0.08,-0.000141593,0.0142658
566,0.08,-8.67975e-18,0.0142412
567,0.16,0.000282187,0.0142189
568,0.12,0.000492958,0.0141954
569,-0.12,0.000281195,0.014172
570,0.04,0.000350877,0.0141473
571,-0.08,0.000210158,0.0141232
572,0.2,0.000559441,0.0141028
573,0.2,0.000907504,0.0140825
574,0.2,0.00125436,0.0140622
575,0.32,0.0018087,0.0140487
576,0.44,0.00256944,0.0140449
577,0.32,0.00311958,0.0140313
578,0.36,0.00373702,0.0140206
579,0.12,0.00393782,0.0139978
580,-0.12,0.00372414,0.0139753
581,0.04,0.00378657,0.0139514
582,0.16,0.00405498,0.01393
583,-0.16,0.00377358,0.0139089
584,-0.32,0.00321918,0.0138961
585,-0.2,0.00287179,0.0138767
586,-0.32,0.00232082,0.013864
587,-0.08,0.00218058,0.013841
588,-0.12,0.00197279,0.013819
589,0.04,0.00203735,0.0137957
590,0,0.0020339,0.0137723
591,0.16,0.00230118,0.0137516
592,0.08,0.00243243,0.0137289
593,0.24,0.00283305,0.0137116
594,0.04,0.00289562,0.0136887
595,0.32,0.00342857,0.013676
596,0.24,0.0038255,0.0136588
597,-0.16,0.00355109,0.0136387
598,-0.28,0.00307692,0.0136241
599,-0.2,0.0027379,0.0136056
600,-0.28,0.00226667,0.0135911
601,-0.16,0.00199667,0.0135711
602,-0.2,0.00166113,0.0135527
603,-0.12,0.00145937,0.0135317
604,-0.04,0.00139073,0.0135095
605,-0.4,0.000727273,0.0135034
606,-0.28,0.000264026,0.0134891
607,-0.12,6.58979e-05,0.0134683
608,-0.08,-6.57895e-05,0.0134468
609,-0.2,-0.000394089,0.0134287
610,-0.2,-0.000721311,0.0134107
611,-0.16,-0.000981997,0.0133912
612,-0.08,-0.00111111,0.01337
613,0.16,-0.000848287,0.0133507
614,0.32,-0.000325733,0.0133392
615,0.08,-0.000195122,0.0133181
616,-0.12,-0.00038961,0.0132979
617,0.08,-0.000259319,0.013277
618,0.04,-0.000194175,0.0132556
619,0.36,0.000387722,0.013247
620,0.24,0.000774194,0.0132313
621,0.04,0.000837359,0.0132101
622,0.16,0.00109325,0.0131913
623,0.16,0.00134831,0.0131726
624,0.36,0.00192308,0.013164
625,0.32,0.002432,0.0131528
626,0.12,0.00261981,0.0131331
627,0.12,0.00280702,0.0131135
628,-0.24,0.00242038,0.0130983
629,-0.36,0.0018442,0.0130901
630,-0.48,0.00107937,0.0130917
631,-0.48,0.000316957,0.0130931
632,-0.2,-8.16857e-18,0.0130763
633,-0.04,-6.31912e-05,0.0130557
634,0.32,0.00044164,0.0130449
635,0.36,0.00100787,0.0130366
636,0.32,0.00150943,0.0130258
637,0.4,0.00213501,0.0130204
638,0.32,0.00263323,0.0130095
639,0.2,0.0029421,0.0129928
640,0.12,0.003125,0.0129737
641,0.24,0.00349454,0.0129588
642,0.4,0.00411215,0.0129533
643,0.6,0.00503888,0.0129663
644,0.76,0.00621118,0.0129991
645,0.92,0.00762791,0.013056
646,0.8,0.00885449,0.0130934
647,0.76,0.0100155,0.0131246
648,0.56,0.0108642,0.0131318
649,0.64,0.0118336,0.0131473
650,0.52,0.0126154,0.0131503
651,0.56,0.0134562,0.013157
652,0.68,0.0144785,0.0131765
653,0.56,0.0153139,0.0131828
654,0.48,0.0160245,0.0131818
655,0.56,0.016855,0.0131879
656,0.64,0.0178049,0.013202
657,0.28,0.018204,0.0131879
658,0.24,0.018541,0.0131721
659,0.16,0.0187557,0.0131539
660,0.24,0.0190909,0.0131382
661,0.2,0.0193646,0.0131212
662,0.4,0.0199396,0.013114
663,0.48,0.0206335,0.0131125
664,0.44,0.0212651,0.013108
665,0.04,0.0212932,0.0130883
666,0.04,0.0213213,0.0130687
667,0.2,0.0215892,0.0130518
668,-0.04,0.021497,0.0130326
669,-0.12,0.0212855,0.0130148
670,0.04,0.0213134,0.0129954
671,0.24,0.0216393,0.0129801
672,0.52,0.022381,0.012982
673,0.6,0.0232392,0.0129911
674,0.36,0.0237389,0.0129814
675,0.44,0.0243556,0.0129768
676,0.44,0.0249704,0.0129722
677,0.44,0.0255835,0.0129675
678,0.36,0.0260767,0.0129577
679,0.32,0.0265096,0.0129459
680,0.16,0.0267059,0.0129283
681,0,0.0266667,0.0129094
682,-0.04,0.0265689,0.0128908
683,-0.12,0.0263543,0.0128737
684,-0.2,0.0260234,0.0128591
685,-0.32,0.0255182,0.0128503
686,-0.4,0.024898,0.0128465
687,-0.16,0.0246288,0.0128306
688,0.08,0.0247093,0.0128122
689,0.12,0.0248476,0.0127944
690,0.12,0.0249855,0.0127766
691,-0.04,0.0248915,0.0127584
692,-0.08,0.0247399,0.0127408
693,-0.28,0.0243001,0.01273
694,-0.36,0.0237464,0.0127237
695,-0.12,0.0235396,0.0127071
696,-0.2,0.0232184,0.0126929
697,-0.2,0.0228981,0.0126787
698,-0.32,0.0224069,0.0126701
699,0,0.0223748,0.012652
700,-0.04,0.0222857,0.0126342
701,-0.12,0.0220827,0.0126178
702,-0.28,0.0216524,0.0126072
703,-0.36,0.0211095,0.0126009
704,-0.28,0.0206818,0.0125903
705,-0.2,0.0203688,0.0125763
706,-0.28,0.0199433,0.0125657
707,-0.12,0.0197454,0.0125494
708,0.16,0.0199435,0.0125333
709,0.24,0.0202539,0.0125194
710,0.04,0.0202817,0.0125018
711,-0.12,0.0200844,0.0124858
712,-0.2,0.0197753,0.0124721
713,-0.36,0.0192426,0.0124659
714,-0.36,0.0187115,0.0124598
715,-0.12,0.0185175,0.0124439
716,-0.36,0.0179888,0.0124377
717,-0.4,0.0174059,0.012434
718,-0.44,0.0167688,0.012433
719,-0.44,0.0161335,0.012432
720,-0.24,0.0157778,0.0124198
721,-0.28,0.0153675,0.0124093
722,-0.12,0.0151801,0.0123936
723,-0.44,0.0145505,0.0123924
724,-0.36,0.0140331,0.0123861
725,-0.36,0.0135172,0.0123797
726,-0.36,0.0130028,0.0123734
727,-0.24,0.0126547,0.0123612
728,0.04,0.0126923,0.0123443
729,0.04,0.0127298,0.0123274
730,-0.04,0.0126575,0.0123107
731,-0.24,0.0123119,0.0122987
732,-0.2,0.0120219,0.0122854
733,-0.2,0.0117326,0.012272
734,0,0.0117166,0.0122553
735,0.24,0.0120272,0.0122425
736,0.32,0.0124457,0.012233
737,0.52,0.0131343,0.0122358
738,0.56,0.0138753,0.0122417
739,0.64,0.0147226,0.0122544
740,0.48,0.0153514,0.012254
741,0.48,0.0159784,0.0122535
742,0.36,0.016442,0.0122458
743,0.52,0.0171198,0.012248
744,0.24,0.0174194,0.0122352
745,0.48,0.0180403,0.0122346
746,0.48,0.0186595,0.0122338
747,0.44,0.0192236,0.0122305
748,0.4,0.0197326,0.0122247
749,0.36,0.0201869,0.0122168
750,0.4,0.0206933,0.012211
751,0.6,0.0214647,0.0122191
752,0.16,0.0216489,0.0122043
753,-0.16,0.0214077,0.0121904
754,-0.12,0.0212202,0.0121757
755,0.08,0.021298,0.0121598
756,0,0.0212698,0.0121437
757,0.28,0.0216116,0.0121325
758,0.2,0.021847,0.0121188
759,0.08,0.0219236,0.012103
760,-0.24,0.0215789,0.012092
761,-0.32,0.0211301,0.0120845
762,-0.24,0.0207874,0.0120734
763,-0.2,0.020498,0.0120611
764,-0.2,0.0202094,0.0120487
765,-0.32,0.0197647,0.0120412
766,-0.36,0.0192689,0.0120357
767,-0.36,0.0187744,0.0120302
768,-0.36,0.0182813,0.0120246
769,-0.4,0.0177373,0.0120213
770,-0.28,0.0173506,0.0120119
771,-0.24,0.0170169,0.0120009
772,-0.32,0.0165803,0.0119933
773,-0.16,0.0163519,0.01198
774,-0.12,0.0161757,0.0119658
775,-0.4,0.0156387,0.0119624
776,-0.36,0.0151546,0.0119568
777,-0.36,0.0146718,0.0119511
778,-0.36,0.0141902,0.0119455
779,-0.4,0.0136585,0.011942
780,-0.28,0.0132821,0.0119326
781,-0.2,0.013009,0.0119204
782,-0.6,0.0122251,0.0119309
783,-0.44,0.0116475,0.0119297
784,-0.56,0.0109184,0.0119367
785,-0.36,0.0104459,0.0119309
786,-0.28,0.0100763,0.0119214
787,-0.32,0.00965693,0.0119137
788,-0.32,0.00923858,0.0119059
789,-0.44,0.0086692,0.0119044
790,-0.24,0.00835443,0.0118935
791,-0.12,0.00819216,0.0118796
792,-0.04,0.00813131,0.0118647
793,-0.08,0.00802018,0.0118503
794,-0.08,0.00790932,0.0118358
795,-0.36,0.00744654,0.01183
796,-0.28,0.00708543,0.0118206
797,-0.24,0.00677541,0.0118099
798,-0.28,0.00641604,0.0118005
799,-0.24,0.00610763,0.0117898
800,-0.28,0.00575,0.0117805
801,-0.2,0.00549313,0.0117686
802,-0.24,0.00518703,0.0117579
803,-0.24,0.00488169,0.0117472
804,-0.2,0.00462687,0.0117353
805,-0.28,0.00427329,0.0117261
806,-0.28,0.0039206,0.0117168
807,-0.24,0.00361834,0.0117062
808,-0.24,0.00331683,0.0116956
809,-0.12,0.0031644,0.0116821
810,-0.12,0.00301235,0.0116687
811,-0.16,0.00281134,0.011656
812,-0.36,0.00236453,0.0116502
813,-0.2,0.00211562,0.0116385
814,0.12,0.00226044,0.0116251
815,0.48,0.00284663,0.0116257
816,0.6,0.00357843,0.0116344
817,0.4,0.00406365,0.0116303
818,0.44,0.00459658,0.0116283
819,0.32,0.00498168,0.0116205
820,0.32,0.00536585,0.0116127
821,0.24,0.00565164,0.011602
822,0.28,0.0059854,0.0115927
823,0.28,0.00631835,0.0115834
824,0,0.00631068,0.0115693
825,-0.04,0.00625455,0.0115554
826,0.12,0.00639225,0.0115423
827,0.16,0.00657799,0.0115298
828,0.04,0.00661836,0.0115159
829,0.16,0.00680338,0.0115035
830,0.52,0.00742169,0.0115063
831,0.48,0.00799037,0.0115065
832,0.32,0.00836538,0.0114988
833,0.44,0.00888355,0.0114966
834,0.36,0.00930456,0.0114906
835,0.24,0.00958084,0.0114801
836,0.36,0.01,0.011474
837,0.16,0.0101792,0.0114617
838,0.16,0.010358,0.0114494
839,0.12,0.0104887,0.0114365
840,-0.04,0.0104286,0.0114231
841,-0.04,0.0103686,0.0114096
842,0.08,0.0104513,0.0113964
843,-0.12,0.0102966,0.0113839
844,-0.36,0.00985782,0.0113789
845,-0.12,0.00970414,0.0113664
846,-0.12,0.00955083,0.011354
847,0.08,0.009634,0.0113409
848,-0.04,0.00957547,0.0113277
849,-0.16,0.00937574,0.0113161
850,-0.12,0.00922353,0.0113038
851,-0.16,0.00902468,0.0112922
852,-0.24,0.00873239,0.0112828
853,-0.24,0.0084408,0.0112733
854,-0.36,0.00800937,0.0112684
855,-0.2,0.00776608,0.0112578
856,-0.04,0.00771028,0.0112448
857,-0.04,0.00765461,0.0112318
858,-0.04,0.00759907,0.0112188
859,-0.12,0.00745052,0.0112068
860,-0.24,0.00716279,0.0111974
861,-0.24,0.00687573,0.0111881
862,-0.2,0.00663573,0.0111777
863,-0.16,0.00644264,0.0111664
864,-0.04,0.00638889,0.0111536
865,0.2,0.00661272,0.0111429
866,0.28,0.00692841,0.0111345
867,0.28,0.00724337,0.0111261
868,0.24,0.00751152,0.0111165
869,0.28,0.00782509,0.0111082
870,0.64,0.00855172,0.0111192
871,0.84,0.00950631,0.0111473
872,0.76,0.010367,0.0111678
873,0.76,0.0112257,0.011188
874,0.8,0.0121281,0.0112115
875,0.76,0.0129829,0.0112313
876,0.88,0.0139726,0.011262
877,0.6,0.0146408,0.011269
878,0.52,0.0152164,0.0112709
879,0.52,0.0157907,0.0112727
880,0.56,0.0164091,0.0112768
881,0.56,0.0170261,0.0112809
882,0.72,0.0178231,0.0112963
883,0.84,0.0187542,0.0113218
884,0.88,0.0197285,0.0113509
885,0.6,0.0203842,0.011357
886,0.24,0.0206321,0.0113469
887,0.24,0.0208794,0.0113368
888,0.6,0.0215315,0.0113428
889,0.4,0.0219573,0.011338
890,0.48,0.0224719,0.0113369
891,0.28,0.0227609,0.0113279
892,0.36,0.023139,0.0113215
893,0.4,0.023561,0.0113167
894,0.52,0.0241163,0.0113177
895,0.56,0.0247151,0.0113209
896,0.56,0.0253125,0.011324
897,0.56,0.0259086,0.011327
898,0.8,0.0267706,0.0113472
899,0.96,0.0278087,0.011382
900,0.96,0.0288444,0.0114165
901,0.84,0.0297447,0.0114393
902,0.68,0.0304656,0.0114493
903,0.64,0.0311406,0.0114565
904,0.76,0.0319469,0.0114722
905,0.76,0.0327514,0.0114877
906,0.56,0.0333333,0.0114898
907,0.52,0.0338699,0.0114896
908,0.44,0.0343172,0.0114857
909,0.52,0.0348515,0.0114855
910,0.44,0.0352967,0.0114815
911,0.52,0.0358288,0.0114812
912,0.52,0.0363596,0.0114809
913,0.8,0.0371961,0.0114988
914,0.76,0.0379869,0.0115134
915,0.76,0.038776,0.0115278
916,0.76,0.0395633,0.0115421
917,0.76,0.040349,0.0115563
918,0.84,0.04122,0.0115765
919,0.76,0.0420022,0.0115903
920,0.52,0.0425217,0.0115893
921,0.36,0.0428664,0.0115819
922,0.44,0.0432972,0.0115773
923,0.48,0.0437703,0.0115745
924,0.48,0.0442424,0.0115716
925,0.6,0.0448432,0.0115746
926,0.56,0.0453996,0.0115755
927,0.44,0.0458252,0.0115709
928,0.52,0.0463362,0.0115697
929,0.36,0.0466738,0.0115621
930,0.36,0.0470108,0.0115546
931,0.52,0.0475188,0.0115534
932,0.52,0.0480258,0.0115521
933,0.4,0.048403,0.0115459
934,0.24,0.0486081,0.0115353
935,0.4,0.048984,0.0115291
936,0.56,0.0495299,0.0115297
937,0.2,0.0496905,0.0115185
938,0,0.0496375,0.0115064
939,-0.04,0.0495421,0.0114945
940,-0.12,0.0493617,0.0114837
941,-0.08,0.0492242,0.0114723
942,-0.12,0.0490446,0.0114615
943,-0.2,0.0487805,0.0114524
944,-0.36,0.0483475,0.0114485
945,-0.64,0.047619,0.0114595
946,-0.68,0.0468499,0.0114732
947,-0.64,0.0461246,0.011484
948,-0.64,0.0454008,0.0114947
949,-0.56,0.0447629,0.0115003
950,-0.6,0.0440842,0.0115082
951,-0.68,0.0433228,0.0115213
952,-0.64,0.042605,0.0115315
953,-0.8,0.0417209,0.0115533
954,-0.76,0.0408805,0.0115717
955,-0.76,0.0400419,0.01159
956,-0.56,0.0394142,0.0115949
957,-0.48,0.0388715,0.0115955
958,-0.72,0.0380793,0.0116104
959,-0.88,0.037122,0.0116377
960,-0.8,0.03625,0.0116583
961,-0.8,0.0353798,0.0116786
962,-0.76,0.034553,0.0116957
963,-0.8,0.0336864,0.0117157
964,-0.84,0.0327801,0.0117385
965,-0.72,0.032,0.0117523
966,-0.6,0.0313458,0.0117583
967,-0.72,0.0305688,0.0117718
968,-0.68,0.0298347,0.0117825
969,-0.68,0.0291022,0.0117932
970,-0.64,0.0284124,0.0118012
971,-0.52,0.0278476,0.0118025
972,-0.6,0.0272016,0.0118081
973,-0.76,0.0263926,0.0118236
974,-0.56,0.0257906,0.0118268
975,-0.48,0.0252718,0.0118261
976,-0.36,0.024877,0.0118205
977,-0.44,0.0244012,0.011818
978,-0.6,0.0237628,0.0118232
979,-0.56,0.0231665,0.0118261
980,-0.56,0.0225714,0.011829
981,-0.56,0.0219776,0.0118319
982,-0.4,0.0215479,0.0118276
983,-0.4,0.021119,0.0118234
984,-0.28,0.020813,0.0118153
985,-0.12,0.0206701,0.0118042
986,0.04,0.0206897,0.0117922
987,0.12,0.0207903,0.0117807
988,0.16,0.0209312,0.0117696
989,0.04,0.0209505,0.0117577
990,0.04,0.0209697,0.0117459
991,0.24,0.0211907,0.0117361
992,0.32,0.0214919,0.0117281
993,0.52,0.021994,0.011727
994,0.44,0.0224145,0.0117228
995,0.52,0.0229146,0.0117217
996,0.44,0.0233333,0.0117174
997,0.36,0.023671,0.0117105
998,0.24,0.0238878,0.0117008
999,0.16,0.024024,0.0116898
1000,0.4,0.0244,0.0116842
