1,-0.460594,-0.460594,0
2,-0.464778,-0.462686,0.00209232
3,-0.461722,-0.462364,0.00125002
4,-0.459936,-0.461757,0.00107239
5,-0.461326,-0.461671,0.000835135
6,-0.465526,-0.462314,0.000936937
7,-0.46245,-0.462333,0.000792095
8,-0.463125,-0.462432,0.000693085
9,-0.464889,-0.462705,0.000669422
10,-0.462448,-0.462679,0.000599299
11,-0.464701,-0.462863,0.000572391
12,-0.462766,-0.462855,0.000522582
13,-0.46285,-0.462855,0.000480706
14,-0.46517,-0.46302,0.000474781
15,-0.464651,-0.463129,0.000455173
16,-0.463089,-0.463126,0.000425782
17,-0.4645,-0.463207,0.000408035
18,-0.465073,-0.463311,0.000398416
19,-0.46122,-0.463201,0.000392604
20,-0.45975,-0.463028,0.000410471
1,-0.477813,-0.477813,0
2,-0.480232,-0.479022,0.00120972
3,-0.478167,-0.478737,0.000754342
4,-0.476646,-0.478215,0.000746912
5,-0.477395,-0.478051,0.000601322
6,-0.481868,-0.478687,0.000803625
7,-0.481478,-0.479086,0.000787607
8,-0.477764,-0.47892,0.000701825
9,-0.480839,-0.479134,0.000654637
10,-0.479971,-0.479217,0.000591485
11,-0.47973,-0.479264,0.000537048
12,-0.477542,-0.47912,0.000510835
13,-0.481668,-0.479316,0.000509112
14,-0.481309,-0.479459,0.000492371
15,-0.479147,-0.479438,0.000458844
16,-0.477978,-0.479347,0.000438806
17,-0.479242,-0.479341,0.000412233
18,-0.480453,-0.479402,0.000393538
19,-0.47859,-0.47936,0.000374695
20,-0.475828,-0.479183,0.000396918
1,-0.492698,-0.492698,0
2,-0.496155,-0.494427,0.00172816
3,-0.495278,-0.49471,0.00103732
4,-0.490153,-0.493571,0.00135503
5,-0.491551,-0.493167,0.00112471
6,-0.495448,-0.493547,0.000993897
7,-0.496744,-0.494004,0.000956093
8,-0.494339,-0.494046,0.000829062
9,-0.49531,-0.494186,0.000744532
10,-0.493432,-0.494111,0.000670192
11,-0.494448,-0.494141,0.000606988
12,-0.492214,-0.493981,0.000576902
13,-0.497588,-0.494258,0.00059882
14,-0.495441,-0.494343,0.000560799
15,-0.497135,-0.494529,0.000554275
16,-0.492894,-0.494427,0.000528453
17,-0.494423,-0.494426,0.000496396
18,-0.496492,-0.494541,0.00048187
19,-0.494503,-0.494539,0.000455808
20,-0.491137,-0.494369,0.000464683
1,-0.511088,-0.511088,0
2,-0.5155,-0.513294,0.00220608
3,-0.511914,-0.512834,0.00135421
4,-0.510379,-0.51222,0.00113737
5,-0.510771,-0.51193,0.000927416
6,-0.515627,-0.512546,0.000976197
7,-0.515021,-0.5129,0.000897584
8,-0.513481,-0.512973,0.000780717
9,-0.513394,-0.513019,0.000690122
10,-0.512434,-0.512961,0.000620032
11,-0.513453,-0.513006,0.000562623
12,-0.510283,-0.512779,0.000561488
13,-0.514281,-0.512894,0.000529267
14,-0.515787,-0.513101,0.000531798
15,-0.514296,-0.513181,0.00050145
16,-0.513066,-0.513173,0.000469118
17,-0.512791,-0.513151,0.000441233
18,-0.51155,-0.513062,0.000425397
19,-0.512278,-0.513021,0.000404498
20,-0.510714,-0.512905,0.000400696
1,-0.528977,-0.528977,0
2,-0.533337,-0.531157,0.00217988
3,-0.527541,-0.529952,0.00174281
4,-0.526874,-0.529182,0.00145288
5,-0.530238,-0.529393,0.00114503
6,-0.533227,-0.530032,0.00113242
7,-0.533315,-0.530501,0.00106577
8,-0.531575,-0.530635,0.00093269
9,-0.532582,-0.530852,0.00085051
10,-0.528464,-0.530613,0.000797312
11,-0.528863,-0.530454,0.000738524
12,-0.527174,-0.530181,0.000727461
13,-0.530971,-0.530241,0.00067192
14,-0.532379,-0.530394,0.000640544
15,-0.530367,-0.530392,0.000596316
16,-0.528341,-0.530264,0.000572352
17,-0.527482,-0.5301,0.00056198
18,-0.528814,-0.530029,0.00053464
19,-0.529247,-0.529988,0.000507391
20,-0.528699,-0.529923,0.000485647
1,-0.550634,-0.550634,0
2,-0.551881,-0.551258,0.00062368
3,-0.548395,-0.550303,0.00101997
4,-0.546583,-0.549373,0.00117689
5,-0.549506,-0.5494,0.000912004
6,-0.55391,-0.550151,0.00105805
7,-0.554134,-0.55072,0.00105989
8,-0.551051,-0.550762,0.000918821
9,-0.554086,-0.551131,0.000890536
10,-0.549709,-0.550989,0.00080912
11,-0.548456,-0.550759,0.000767248
12,-0.54852,-0.550572,0.000724807
13,-0.55452,-0.550876,0.000732642
14,-0.554084,-0.551105,0.000715965
15,-0.550478,-0.551063,0.000667837
16,-0.547233,-0.550824,0.00066899
17,-0.551941,-0.550889,0.000631834
18,-0.550437,-0.550864,0.000596229
19,-0.549118,-0.550772,0.000571416
20,-0.547475,-0.550608,0.000566612
1,-0.572502,-0.572502,0
2,-0.570962,-0.571732,0.00077024
3,-0.567649,-0.570371,0.00143192
4,-0.564968,-0.56902,0.00168807
5,-0.566631,-0.568542,0.00139217
6,-0.568916,-0.568605,0.00113841
7,-0.575716,-0.569621,0.00139924
8,-0.569854,-0.56965,0.00121213
9,-0.568838,-0.56956,0.00107279
10,-0.56954,-0.569558,0.000959539
11,-0.567803,-0.569398,0.000882469
12,-0.568191,-0.569298,0.000811834
13,-0.570117,-0.569361,0.000749434
14,-0.572644,-0.569595,0.000732397
15,-0.569811,-0.56961,0.000681976
16,-0.567712,-0.569491,0.000648866
17,-0.570384,-0.569543,0.000611761
18,-0.570379,-0.56959,0.00057864
19,-0.571662,-0.569699,0.000558093
20,-0.56932,-0.56968,0.000529792
1,-0.59353,-0.59353,0
2,-0.594215,-0.593873,0.00034204
3,-0.590744,-0.59283,0.00106153
4,-0.590402,-0.592223,0.000965184
5,-0.591877,-0.592154,0.000750828
6,-0.596544,-0.592885,0.0009546
7,-0.598565,-0.593697,0.00114421
8,-0.593972,-0.593731,0.00099151
9,-0.592451,-0.593589,0.000885916
10,-0.591014,-0.593331,0.000833181
11,-0.592638,-0.593268,0.000756272
12,-0.594147,-0.593341,0.000694251
13,-0.595675,-0.593521,0.000663357
14,-0.59334,-0.593508,0.000614285
15,-0.591966,-0.593405,0.000581037
16,-0.5916,-0.593292,0.000555094
17,-0.58975,-0.593084,0.000561517
18,-0.594397,-0.593157,0.000534403
19,-0.59588,-0.5933,0.000525419
20,-0.593082,-0.593289,0.000498575
1,-0.6156,-0.6156,0
2,-0.616906,-0.616253,0.00065268
3,-0.611857,-0.614788,0.00151287
4,-0.6107,-0.613766,0.00147944
5,-0.613335,-0.61368,0.00114919
6,-0.617901,-0.614383,0.00117281
7,-0.617178,-0.614782,0.00106857
8,-0.617701,-0.615147,0.000994717
9,-0.616242,-0.615269,0.000885658
10,-0.614055,-0.615148,0.000801407
11,-0.614818,-0.615118,0.000725519
12,-0.616035,-0.615194,0.000666707
13,-0.616038,-0.615259,0.000616708
14,-0.614289,-0.61519,0.000575151
15,-0.613951,-0.615107,0.00054177
16,-0.615581,-0.615137,0.000507645
17,-0.613389,-0.615034,0.000487801
18,-0.614162,-0.614985,0.00046245
19,-0.617592,-0.615123,0.000458441
20,-0.617346,-0.615234,0.000448897
1,-0.644284,-0.644284,0
2,-0.643445,-0.643864,0.0004198
3,-0.643423,-0.643717,0.000283604
4,-0.637773,-0.642231,0.00149962
5,-0.639549,-0.641695,0.00127949
6,-0.642151,-0.641771,0.00104747
7,-0.644902,-0.642218,0.000991872
8,-0.642742,-0.642283,0.000861478
9,-0.643954,-0.642469,0.00078211
10,-0.64147,-0.642369,0.000706634
11,-0.64275,-0.642404,0.00064011
12,-0.643065,-0.642459,0.000586928
13,-0.641684,-0.642399,0.000543172
14,-0.643786,-0.642498,0.000512544
15,-0.640238,-0.642348,0.000500377
16,-0.6415,-0.642295,0.00047105
17,-0.639097,-0.642107,0.000480795
18,-0.64,-0.64199,0.000468169
19,-0.647268,-0.642267,0.000522757
20,-0.642123,-0.64226,0.000495983
1,-0.668925,-0.668925,0
2,-0.669737,-0.669331,0.00040624
3,-0.666273,-0.668312,0.00104594
4,-0.663574,-0.667127,0.00139631
5,-0.663209,-0.666344,0.00133559
6,-0.668914,-0.666772,0.00117164
7,-0.667652,-0.666898,0.000998152
8,-0.664885,-0.666646,0.000900282
9,-0.667891,-0.666784,0.000805932
10,-0.666687,-0.666775,0.000720914
11,-0.664219,-0.666542,0.00069224
12,-0.66931,-0.666773,0.000672711
13,-0.667807,-0.666853,0.000623894
14,-0.666459,-0.666824,0.000578296
15,-0.663563,-0.666607,0.000580621
16,-0.667345,-0.666653,0.000545077
17,-0.664508,-0.666527,0.000527332
18,-0.667935,-0.666605,0.000503291
19,-0.667213,-0.666637,0.000477138
20,-0.667759,-0.666693,0.000456117
1,-0.694747,-0.694747,0
2,-0.701091,-0.697919,0.00317208
3,-0.697838,-0.697892,0.0018316
4,-0.694199,-0.696969,0.00159048
5,-0.692918,-0.696158,0.00147452
6,-0.699668,-0.696743,0.00133849
7,-0.700007,-0.69721,0.00122354
8,-0.698723,-0.697399,0.00107636
9,-0.696667,-0.697317,0.000952742
10,-0.697497,-0.697335,0.000852347
11,-0.695151,-0.697137,0.000796132
12,-0.698521,-0.697252,0.000735861
13,-0.697034,-0.697235,0.000677102
14,-0.695391,-0.697104,0.000640565
15,-0.693636,-0.696872,0.000639563
16,-0.699048,-0.697008,0.000613518
17,-0.695939,-0.696946,0.000579724
18,-0.694207,-0.696793,0.000567345
19,-0.698635,-0.69689,0.000545339
20,-0.699206,-0.697006,0.000530152
1,-0.724407,-0.724407,0
2,-0.724567,-0.724487,8.016e-05
3,-0.730562,-0.726512,0.00202554
4,-0.722427,-0.725491,0.00175912
5,-0.723276,-0.725048,0.00143276
6,-0.725076,-0.725053,0.00116986
7,-0.723354,-0.72481,0.00101806
8,-0.729813,-0.725435,0.00108098
9,-0.723257,-0.725193,0.000983581
10,-0.727324,-0.725406,0.000905173
11,-0.720663,-0.724975,0.000925376
12,-0.727321,-0.725171,0.000867078
13,-0.729557,-0.725508,0.000866033
14,-0.728068,-0.725691,0.000822382
15,-0.721313,-0.725399,0.000819329
16,-0.726004,-0.725437,0.000767345
17,-0.725191,-0.725422,0.00072094
18,-0.726193,-0.725465,0.000681055
19,-0.723366,-0.725355,0.00065362
20,-0.726092,-0.725392,0.000621174
1,-0.757784,-0.757784,0
2,-0.761141,-0.759463,0.00167868
3,-0.761182,-0.760036,0.001126
4,-0.754355,-0.758616,0.00162815
5,-0.755093,-0.757911,0.00144463
6,-0.758161,-0.757953,0.00118027
7,-0.756612,-0.757761,0.00101574
8,-0.759701,-0.758004,0.000912462
9,-0.757933,-0.757996,0.000804754
10,-0.7598,-0.758176,0.000742065
11,-0.757344,-0.758101,0.000675469
12,-0.764728,-0.758653,0.000827778
13,-0.762406,-0.758942,0.000814336
14,-0.761876,-0.759151,0.000782517
15,-0.753022,-0.758743,0.000835243
16,-0.761885,-0.758939,0.00080561
17,-0.76143,-0.759085,0.0007708
18,-0.757742,-0.759011,0.000730541
19,-0.7592,-0.759021,0.000691095
20,-0.76023,-0.759081,0.00065841
1,-0.787626,-0.787626,0
2,-0.787355,-0.787491,0.0001352
3,-0.790217,-0.788399,0.00091204
4,-0.788931,-0.788532,0.000658462
5,-0.787131,-0.788252,0.000581937
6,-0.791356,-0.788769,0.0007024
7,-0.787189,-0.788544,0.000635098
8,-0.79521,-0.789377,0.000998471
9,-0.786372,-0.789043,0.000941734
10,-0.791744,-0.789313,0.000884555
11,-0.786322,-0.789041,0.000845052
12,-0.795754,-0.789601,0.000952902
13,-0.791244,-0.789727,0.000885616
14,-0.792495,-0.789925,0.000843422
15,-0.781373,-0.789355,0.000970329
16,-0.791099,-0.789464,0.000914181
17,-0.791934,-0.789609,0.000870937
18,-0.789722,-0.789615,0.000821151
19,-0.791651,-0.789722,0.000784088
20,-0.790725,-0.789773,0.000745538
1,-0.823236,-0.823236,0
2,-0.829207,-0.826222,0.00298516
3,-0.828856,-0.8271,0.00193427
4,-0.828195,-0.827374,0.00139489
5,-0.826682,-0.827235,0.00108929
6,-0.827786,-0.827327,0.000894134
7,-0.828669,-0.827519,0.000779621
8,-0.833441,-0.828259,0.00100195
9,-0.822763,-0.827648,0.00107414
10,-0.826421,-0.827526,0.000968541
11,-0.822298,-0.82705,0.000996702
12,-0.83229,-0.827487,0.00100919
13,-0.826336,-0.827399,0.000932529
14,-0.827628,-0.827415,0.00086351
15,-0.817534,-0.826756,0.00103932
16,-0.827312,-0.826791,0.000972817
17,-0.827877,-0.826855,0.000916033
18,-0.826411,-0.82683,0.000863996
19,-0.8306,-0.827029,0.000840995
20,-0.826206,-0.826987,0.000798896
1,-0.862683,-0.862683,0
2,-0.864105,-0.863394,0.000711
3,-0.866507,-0.864432,0.00111586
4,-0.85707,-0.862591,0.00200244
5,-0.859422,-0.861957,0.00167564
6,-0.858724,-0.861419,0.00147045
7,-0.860239,-0.86125,0.00125413
8,-0.866602,-0.861919,0.0012756
9,-0.864368,-0.862191,0.00115741
10,-0.863759,-0.862348,0.00104703
11,-0.862421,-0.862355,0.000947102
12,-0.866113,-0.862668,0.000919555
13,-0.863502,-0.862732,0.000848297
14,-0.858694,-0.862444,0.000836648
15,-0.848354,-0.861504,0.00122022
16,-0.863,-0.861598,0.00114523
17,-0.862463,-0.861649,0.00107696
18,-0.862887,-0.861717,0.0010177
19,-0.861429,-0.861702,0.000962765
20,-0.859532,-0.861594,0.000919779
1,-0.903078,-0.903078,0
2,-0.907887,-0.905483,0.00240452
3,-0.910857,-0.907274,0.00226642
4,-0.894523,-0.904086,0.00356793
5,-0.901375,-0.903544,0.00281641
6,-0.900006,-0.902954,0.00237397
7,-0.903713,-0.903063,0.0020093
8,-0.903354,-0.903099,0.00174048
9,-0.905248,-0.903338,0.00155343
10,-0.907586,-0.903763,0.00145291
11,-0.903156,-0.903708,0.00131537
12,-0.916053,-0.904736,0.00158123
13,-0.908052,-0.904992,0.00147672
14,-0.897472,-0.904454,0.00146889
15,-0.897999,-0.904024,0.00143359
16,-0.903801,-0.90401,0.00134107
17,-0.899431,-0.903741,0.00128819
18,-0.909213,-0.904045,0.00125199
19,-0.899507,-0.903806,0.00120811
20,-0.911894,-0.90421,0.00121536
1,-0.936511,-0.936511,0
2,-0.93971,-0.93811,0.00159924
3,-0.94795,-0.94139,0.00340736
4,-0.936499,-0.940167,0.00270193
5,-0.93391,-0.938916,0.00243857
6,-0.932072,-0.937775,0.00229465
7,-0.92506,-0.935959,0.00265718
8,-0.934025,-0.935717,0.00231385
9,-0.937636,-0.93593,0.00205173
10,-0.935166,-0.935854,0.00183672
11,-0.943493,-0.936548,0.00180067
12,-0.941495,-0.936961,0.00169469
13,-0.932253,-0.936598,0.00160039
14,-0.943895,-0.93712,0.00157067
15,-0.929447,-0.936608,0.00154911
16,-0.935955,-0.936567,0.00144963
17,-0.927617,-0.936041,0.00145993
18,-0.944153,-0.936491,0.00144834
19,-0.936746,-0.936505,0.00137006
20,-0.939779,-0.936669,0.00131002
1,-0.975831,-0.975831,0
2,-0.970682,-0.973257,0.0025748
3,-0.987208,-0.977907,0.0048823
4,-0.974336,-0.977014,0.00356589
5,-0.979279,-0.977467,0.00279902
6,-0.96727,-0.975768,0.00284805
7,-0.975856,-0.97578,0.00240707
8,-0.971263,-0.975216,0.00215973
9,-0.979903,-0.975736,0.00197463
10,-0.968073,-0.97497,0.00192526
11,-0.992096,-0.976527,0.00233597
12,-0.981106,-0.976909,0.00216631
13,-0.971343,-0.97648,0.00203819
14,-0.979072,-0.976666,0.00189605
15,-0.969959,-0.976218,0.00182087
16,-0.983659,-0.976683,0.00176561
17,-0.973124,-0.976474,0.00167166
18,-0.983801,-0.976881,0.00162778
19,-0.973747,-0.976716,0.00154853
20,-0.981176,-0.976939,0.00148589
1,-1.00684,-1.00684,0
2,-1.00282,-1.00483,0.00200704
3,-1.0033,-1.00432,0.00126625
4,-1.00348,-1.00411,0.000919533
5,-0.997428,-1.00277,0.0015144
6,-0.998705,-1.0021,0.00141021
7,-0.999871,-1.00178,0.00123348
8,-1.00667,-1.00239,0.00123079
9,-0.998773,-1.00199,0.00115743
10,-0.999314,-1.00172,0.00106919
11,-1.00933,-1.00241,0.00118897
12,-0.997623,-1.00201,0.00115641
13,-1.00024,-1.00188,0.00107248
14,-0.999853,-1.00173,0.00100338
15,-0.991462,-1.00105,0.00115814
16,-1.00808,-1.00149,0.00116904
17,-1.00836,-1.00189,0.00117015
18,-1.00436,-1.00203,0.00111174
19,-1.00441,-1.00215,0.00105904
20,-1.0007,-1.00208,0.00100731
