1,1.36557,1.36557,0
2,1.34414,1.35486,0.010716
3,1.36456,1.35809,0.00698145
4,1.36726,1.36038,0.00544332
5,1.38292,1.36489,0.00617251
6,1.36436,1.3648,0.0050406
7,1.35704,1.3637,0.00440196
8,1.38876,1.36683,0.0049348
9,1.37858,1.36814,0.00454385
10,1.39184,1.37051,0.00470494
11,1.38569,1.37189,0.00447411
12,1.38468,1.37295,0.00422123
13,1.37924,1.37344,0.00391293
14,1.40962,1.37602,0.00445031
15,1.34723,1.3741,0.00456597
16,1.36437,1.37349,0.00431415
17,1.40907,1.37559,0.00456095
18,1.42355,1.37825,0.00505884
19,1.34268,1.37638,0.00513838
20,1.3536,1.37524,0.00500603
1,1.52185,1.52185,0
2,1.52752,1.52469,0.00283125
3,1.47395,1.50777,0.016992
4,1.52515,1.51212,0.0127765
5,1.4686,1.50341,0.0131797
6,1.49242,1.50158,0.010916
7,1.52487,1.50491,0.00980715
8,1.45508,1.49868,0.010532
9,1.47805,1.49639,0.0095671
10,1.519,1.49865,0.00885072
11,1.53384,1.50185,0.00862129
12,1.50321,1.50196,0.00787094
13,1.52049,1.50339,0.00737915
14,1.50594,1.50357,0.0068342
15,1.53168,1.50544,0.0066325
16,1.5043,1.50537,0.00620454
17,1.49598,1.50482,0.00585425
18,1.54385,1.50699,0.00593021
19,1.49052,1.50612,0.005676
20,1.50221,1.50592,0.00538827
1,1.52687,1.52687,0
2,1.65195,1.58941,0.0625384
3,1.5814,1.58674,0.0362052
4,1.58821,1.58711,0.0256036
5,1.54402,1.57849,0.0216239
6,1.6579,1.59172,0.0220657
7,1.66781,1.60259,0.0215853
8,1.64561,1.60797,0.0194514
9,1.61507,1.60876,0.0171727
10,1.59261,1.60714,0.0154444
11,1.6573,1.6117,0.0146953
12,1.59161,1.61003,0.013519
13,1.64615,1.61281,0.0127423
14,1.69125,1.61841,0.0130601
15,1.60757,1.61769,0.0121798
16,1.66625,1.62072,0.0117905
17,1.61027,1.62011,0.0110924
18,1.61097,1.6196,0.0104703
19,1.57994,1.61751,0.0101215
20,1.57626,1.61545,0.00982118
1,1.76459,1.76459,0
2,1.77824,1.77142,0.00682486
3,1.82257,1.78847,0.0174995
4,1.72289,1.77207,0.0205403
5,1.66438,1.75053,0.0267771
6,1.85839,1.76851,0.0283045
7,1.74198,1.76472,0.02422
8,1.81186,1.77061,0.021787
9,1.76388,1.76987,0.0192289
10,1.72014,1.76489,0.0179031
11,1.79236,1.76739,0.0163854
12,1.71703,1.76319,0.0155354
13,1.76571,1.76339,0.0142918
14,1.86508,1.77065,0.0150945
15,1.76475,1.77026,0.0140578
16,1.7556,1.76934,0.0131817
17,1.78462,1.77024,0.0124146
18,1.74306,1.76873,0.0118016
19,1.7154,1.76592,0.0115107
20,1.74591,1.76492,0.0109657
1,1.94042,1.94042,0
2,2.03674,1.98858,0.0481576
3,1.86153,1.94623,0.0506619
4,1.92711,1.94145,0.0361409
5,1.96523,1.94621,0.0283956
6,2.07306,1.96735,0.0313778
7,1.89325,1.95676,0.0285539
8,2.06565,1.97037,0.0282265
9,2.00479,1.9742,0.0251854
10,1.91078,1.96786,0.0234023
11,1.90568,1.9622,0.0219098
12,1.87572,1.955,0.0212596
13,1.91575,1.95198,0.0197876
14,1.96552,1.95294,0.0183453
15,1.95487,1.95307,0.017079
16,1.86754,1.94773,0.0168467
17,1.91357,1.94572,0.0159517
18,1.96738,1.94692,0.0150875
19,1.94703,1.94693,0.0142713
20,2.02106,1.95063,0.0140372
1,2.07895,2.07895,0
2,2.15478,2.11686,0.037916
3,2.16553,2.13308,0.0272455
4,2.05887,2.11453,0.0267462
5,2.14403,2.12043,0.0215411
6,2.19741,2.13326,0.0217706
7,2.14396,2.13479,0.0184629
8,2.20085,2.14305,0.0179959
9,2.31881,2.16258,0.0251649
10,2.16539,2.16286,0.0225099
11,2.09114,2.15634,0.0213794
12,2.24991,2.16414,0.0210167
13,2.2222,2.1686,0.0198418
14,2.2458,2.17412,0.0191798
15,2.11457,2.17015,0.0182913
16,2.07013,2.1639,0.018216
17,2.18706,2.16526,0.0171651
18,2.08872,2.16101,0.0167328
19,2.15961,2.16093,0.0158278
20,2.16054,2.16091,0.0150156
1,2.42003,2.42003,0
2,2.37713,2.39858,0.0214503
3,2.37779,2.39165,0.0141914
4,2.30693,2.37047,0.0234367
5,2.30378,2.35713,0.0225275
6,2.44222,2.37131,0.0232261
7,2.41714,2.37786,0.0206926
8,2.42163,2.38333,0.0187369
9,2.4088,2.38616,0.0167649
10,2.39887,2.38743,0.0150488
11,2.29955,2.37944,0.0157835
12,2.43466,2.38404,0.0151251
13,2.3569,2.38196,0.0140689
14,2.36199,2.38053,0.0131031
15,2.51822,2.38971,0.0152662
16,2.45817,2.39399,0.0149075
17,2.38018,2.39318,0.0140267
18,2.29331,2.38763,0.0143412
19,2.46974,2.39195,0.0142373
20,2.37951,2.39133,0.013521
1,2.61412,2.61412,0
2,2.71615,2.66513,0.0510122
3,2.80465,2.71164,0.055046
4,2.76828,2.7258,0.0414189
5,2.7705,2.73474,0.0333052
6,2.72462,2.73305,0.0272458
7,2.9046,2.75756,0.0336276
8,2.80247,2.76317,0.0296585
9,2.62088,2.74736,0.0305636
10,2.70417,2.74304,0.0276761
11,2.8022,2.74842,0.0256051
12,2.87581,2.75904,0.025672
13,2.81667,2.76347,0.0240274
14,2.67849,2.7574,0.0230583
15,2.71878,2.75483,0.02162
16,2.91178,2.76464,0.0224773
17,2.52317,2.75043,0.0254469
18,2.70768,2.74806,0.0241088
19,2.7543,2.74839,0.022807
20,2.61441,2.74169,0.0226499
1,2.96217,2.96217,0
2,3.07195,3.01706,0.0548886
3,3.11302,3.04905,0.045026
4,2.94649,3.02341,0.0408788
5,3.11911,3.04255,0.0370001
6,3.29426,3.0845,0.0516975
7,3.20553,3.10179,0.0469891
8,3.17715,3.11121,0.0417699
9,3.15201,3.11574,0.0371154
10,2.9093,3.0951,0.0390927
11,3.06433,3.0923,0.0354711
12,2.98466,3.08333,0.0336001
13,3.1233,3.0864,0.0310602
14,2.98856,3.07942,0.0295932
15,2.92865,3.06936,0.029326
16,3.20803,3.07803,0.0287684
17,2.96541,3.07141,0.0278233
18,3.14637,3.07557,0.0265606
19,3.11691,3.07775,0.0252179
20,3.24384,3.08605,0.0253242
1,3.5281,3.5281,0
2,3.63713,3.58262,0.0545121
3,3.62235,3.59586,0.0341455
4,3.59175,3.59483,0.0241663
5,3.42939,3.56174,0.0380157
6,3.63323,3.57366,0.0332478
7,3.5206,3.56608,0.0291039
8,3.48681,3.55617,0.0270823
9,3.59261,3.56022,0.0242251
10,3.33564,3.53776,0.0312068
11,3.59264,3.54275,0.0286651
12,3.59744,3.54731,0.0265615
13,3.50718,3.54422,0.0246273
14,3.72812,3.55736,0.0263136
15,3.44298,3.54973,0.025656
16,3.75603,3.56262,0.0272434
17,3.58651,3.56403,0.0256292
18,3.48865,3.55984,0.0245237
19,3.92392,3.579,0.0300878
20,3.59819,3.57996,0.0285599
1,4.42404,4.42404,0
2,4.16707,4.29555,0.128486
3,4.01423,4.20178,0.119567
4,4.18436,4.19743,0.0846586
5,4.13796,4.18553,0.0666459
6,4.03724,4.16082,0.0597663
7,4.22065,4.16936,0.0512298
8,4.0002,4.14822,0.0491475
9,4.035,4.13564,0.0451326
10,4.0718,4.12926,0.0408695
11,4.1203,4.12844,0.0369768
12,4.29775,4.14255,0.0365852
13,4.22922,4.14922,0.0343074
14,4.10705,4.14621,0.031905
15,3.90748,4.13029,0.033697
16,4.22573,4.13626,0.0320801
17,4.19403,4.13965,0.030325
18,4.16448,4.14103,0.028624
19,4.21961,4.14517,0.0273896
20,4.35551,4.15569,0.0280317
1,4.81833,4.81833,0
2,5.06622,4.94228,0.123945
3,5.05554,4.98003,0.0809089
4,4.95959,4.97492,0.057439
5,4.64178,4.90829,0.0801171
6,5.2871,4.97143,0.0909124
7,5.52978,5.05119,0.110752
8,5.09286,5.0564,0.0960552
9,4.80477,5.02844,0.0892072
10,4.84491,5.01009,0.081873
11,5.19013,5.02646,0.0758439
12,5.08322,5.03119,0.0693971
13,5.17504,5.04225,0.064788
14,4.61761,5.01192,0.0672148
15,4.65147,4.98789,0.067029
16,5.19713,5.00097,0.0640491
17,4.93531,4.99711,0.0602875
18,4.65979,4.97837,0.0598491
19,5.08368,4.98391,0.0568823
20,5.25693,4.99756,0.0556631
1,5.90228,5.90228,0
2,5.70994,5.80611,0.0961673
3,6.38965,6.00062,0.202283
4,6.56708,6.14224,0.201281
5,6.2354,6.16087,0.157021
6,6.07946,6.1473,0.128923
7,6.08127,6.13787,0.109367
8,6.13593,6.13763,0.0947152
9,5.84225,6.10481,0.089747
10,5.90536,6.08486,0.0827128
11,5.56002,6.03715,0.0887358
12,6.01191,6.03505,0.0810316
13,6.8443,6.0973,0.0971134
14,6.27252,6.10981,0.0907765
15,5.57984,6.07448,0.0915968
16,6.30723,6.08903,0.086907
17,5.80337,6.07223,0.0833463
18,6.40391,6.09065,0.0807113
19,5.98718,6.08521,0.0765392
20,6.02656,6.08227,0.0726706
1,7.01369,7.01369,0
2,8.34678,7.68024,0.666545
3,7.43694,7.59914,0.393283
4,7.38349,7.54523,0.28327
5,7.20455,7.47709,0.229756
6,7.66006,7.50759,0.190057
7,7.99344,7.57699,0.174982
8,7.75776,7.59959,0.153214
9,7.36427,7.57344,0.137629
10,7.35083,7.55118,0.125096
11,7.66635,7.56165,0.113637
12,8.08468,7.60524,0.11252
13,8.37284,7.66428,0.119161
14,7.88268,7.67988,0.11142
15,7.47463,7.6662,0.104625
16,7.78838,7.67384,0.0981649
17,7.92761,7.68876,0.0934103
18,7.60113,7.6839,0.0882026
19,7.45284,7.67174,0.0843129
20,7.64763,7.67053,0.0799953
1,9.20684,9.20684,0
2,8.75539,8.98111,0.225726
3,9.20143,9.05455,0.149591
4,10.4277,9.39783,0.359203
5,9.18385,9.35503,0.28151
6,9.78608,9.42687,0.240817
7,9.86853,9.48997,0.213083
8,10.1593,9.57364,0.202617
9,8.526,9.45723,0.213262
10,10.3849,9.55,0.21211
11,9.74323,9.56757,0.192663
12,9.93148,9.59789,0.178472
13,10.2564,9.64854,0.171807
14,9.63975,9.64792,0.159063
15,8.70136,9.58481,0.160965
16,10.1483,9.62003,0.154634
17,9.90239,9.63664,0.1462
18,9.97648,9.65552,0.139125
19,10.3604,9.69262,0.136729
20,9.89728,9.70285,0.130115
1,12.5728,12.5728,0
2,12.9369,12.7549,0.182028
3,13.5149,13.0082,0.274274
4,14.127,13.2879,0.340355
5,14.748,13.5799,0.393425
6,12.8487,13.4581,0.343574
7,14.1456,13.5563,0.306534
8,14.206,13.6375,0.27761
9,12.0323,13.4591,0.302902
10,13.9022,13.5034,0.274523
11,12.089,13.3749,0.279635
12,13.3287,13.371,0.255299
13,13.6635,13.3935,0.235917
14,12.6525,13.3406,0.224739
15,11.8998,13.2445,0.230217
16,13.096,13.2352,0.215548
17,13.1663,13.2312,0.202513
18,14.2989,13.2905,0.199933
19,13.4514,13.299,0.189307
20,13.1612,13.2921,0.179724
1,18.8943,18.8943,0
2,18.3795,18.6369,0.257435
3,18.3329,18.5356,0.179881
4,17.2307,18.2094,0.35015
5,18.5248,18.2724,0.278467
6,18.8211,18.3639,0.245066
7,18.4542,18.3768,0.20752
8,19.1607,18.4748,0.204697
9,19.6287,18.603,0.221426
10,19.2967,18.6724,0.209847
11,20.0191,18.7948,0.225871
12,20.8037,18.9622,0.265593
13,19.0602,18.9697,0.244426
14,17.8632,18.8907,0.2397
15,14.6911,18.6107,0.358023
16,18.2809,18.5901,0.335534
17,19.1579,18.6235,0.316944
18,19.1043,18.6502,0.300009
19,17.5841,18.5941,0.289275
20,18.5016,18.5895,0.274469
1,28.6451,28.6451,0
2,31.5287,30.0869,1.44181
3,31.5204,30.5648,0.959829
4,26.626,29.5801,1.19593
5,27.7293,29.2099,0.997577
6,28.4086,29.0764,0.825394
7,29.7266,29.1693,0.703744
8,29.346,29.1913,0.60986
9,31.5342,29.4517,0.59753
10,30.5947,29.566,0.546534
11,31.628,29.7534,0.528707
12,33.5812,30.0724,0.578525
13,31.3514,30.1708,0.541183
14,25.1778,29.8141,0.615008
15,27.2586,29.6438,0.597352
16,29.0049,29.6038,0.560196
17,27.8393,29.5,0.536352
18,31.3903,29.6051,0.516467
19,27.2809,29.4827,0.503611
20,33.6273,29.69,0.520774
1,40.6364,40.6364,0
2,41.6446,41.1405,0.504117
3,47.2434,43.1748,2.05503
4,42.6,43.0311,1.46021
5,40.048,42.4345,1.27879
6,38.4637,41.7727,1.23619
7,35.7523,40.9126,1.35324
8,40.1302,40.8148,1.17601
9,43.2031,41.0802,1.07056
10,41.3829,41.1104,0.958013
11,45.4724,41.507,0.952975
12,43.6618,41.6866,0.888283
13,39.3101,41.5037,0.837301
14,42.5413,41.5779,0.778724
15,37.2043,41.2863,0.78139
16,41.086,41.2738,0.731031
17,37.9541,41.0785,0.71391
18,44.1747,41.2505,0.694714
19,42.6432,41.3238,0.661209
20,42.8791,41.4016,0.632079
1,66.0058,66.0058,0
2,59.8344,62.9201,3.08568
3,71.4831,65.7744,3.36469
4,62.7489,65.018,2.49653
5,67.7409,65.5626,2.00902
6,59.7346,64.5913,1.90638
7,64.0612,64.5155,1.61296
8,60.3573,63.9958,1.49044
9,67.0401,64.334,1.35727
10,59.44,63.8446,1.30892
11,75.1972,64.8767,1.57063
12,68.2085,65.1543,1.46042
13,61.974,64.9097,1.36549
14,66.1749,65.0001,1.26742
15,61.0627,64.7376,1.20875
16,70.4076,65.0919,1.18492
17,61.7412,64.8948,1.13035
18,70.5579,65.2095,1.11117
19,62.239,65.0531,1.06263
20,68.8373,65.2423,1.0257
1,93.3753,93.3753,0
2,89.0063,91.1908,2.1845
3,90.0192,90.8003,1.3203
4,89.3141,90.4287,1.00481
5,84.6023,89.2635,1.40131
6,89.6526,89.3283,1.146
7,88.4919,89.2088,0.975892
8,91.7213,89.5229,0.901612
9,88.1804,89.3737,0.809017
10,86.8944,89.1258,0.764904
11,93.7027,89.5419,0.807357
12,87.4924,89.3711,0.756543
13,88.7045,89.3198,0.697805
14,87.3445,89.1787,0.661269
15,80.2981,88.5867,0.854098
16,93.5354,88.896,0.856716
17,93.7521,89.1816,0.853939
18,91.1711,89.2922,0.812653
19,90.9255,89.3781,0.773485
20,86.4279,89.2306,0.748472
