1,1.36506,1.36506,0
2,1.37368,1.36937,0.00431
3,1.3846,1.37444,0.00565372
4,1.30201,1.35633,0.0185447
5,1.34577,1.35422,0.0145193
6,1.34116,1.35204,0.0120533
7,1.3455,1.35111,0.0102297
8,1.37984,1.3547,0.00955962
9,1.34068,1.35314,0.00857359
10,1.36978,1.35481,0.00784687
11,1.32683,1.35226,0.0075396
12,1.29967,1.34788,0.00815973
13,1.33386,1.3468,0.00758294
14,1.37403,1.34875,0.0072849
15,1.44287,1.35502,0.00923939
16,1.33573,1.35382,0.00872634
17,1.37082,1.35482,0.00825777
18,1.34914,1.3545,0.00779189
19,1.33722,1.35359,0.00742632
20,1.30607,1.35122,0.00743507
1,1.49194,1.49194,0
2,1.54612,1.51903,0.0270917
3,1.49903,1.51236,0.0170034
4,1.4819,1.50474,0.0142326
5,1.44888,1.49357,0.0156959
6,1.48408,1.49199,0.0129128
7,1.42901,1.48299,0.0141441
8,1.46325,1.48053,0.0124953
9,1.47895,1.48035,0.0110212
10,1.49625,1.48194,0.00998502
11,1.41963,1.47627,0.0106614
12,1.45949,1.47488,0.00983244
13,1.52143,1.47846,0.00972753
14,1.51972,1.4814,0.0094759
15,1.49075,1.48203,0.00884358
16,1.50094,1.48321,0.00835645
17,1.50438,1.48445,0.00794772
18,1.48298,1.48437,0.00749363
19,1.44659,1.48238,0.00736196
20,1.52625,1.48458,0.0073204
1,1.58522,1.58522,0
2,1.6572,1.62121,0.0359892
3,1.63282,1.62508,0.0211356
4,1.55361,1.60722,0.0232938
5,1.56891,1.59955,0.0196021
6,1.63921,1.60616,0.0173159
7,1.61702,1.60771,0.0147165
8,1.58383,1.60473,0.01309
9,1.56058,1.59982,0.0125433
10,1.63512,1.60335,0.0117611
11,1.614,1.60432,0.0106823
12,1.5575,1.60042,0.0105031
13,1.58337,1.59911,0.00975006
14,1.53945,1.59485,0.00998214
15,1.64607,1.59826,0.00990051
16,1.56532,1.5962,0.00948711
17,1.66206,1.60008,0.00971718
18,1.61038,1.60065,0.00917932
19,1.55295,1.59814,0.00903839
20,1.59688,1.59808,0.0085748
1,1.77867,1.77867,0
2,1.77033,1.7745,0.00416723
3,1.78172,1.77691,0.00340365
4,1.69701,1.75693,0.0201181
5,1.69034,1.74361,0.0204999
6,1.8161,1.7557,0.020643
7,1.75073,1.75499,0.0174609
8,1.72024,1.75064,0.015733
9,1.7336,1.74875,0.0140039
10,1.71594,1.74547,0.012948
11,1.78922,1.74944,0.0123687
12,1.65967,1.74196,0.0135444
13,1.74094,1.74188,0.0124593
14,1.81021,1.74676,0.0125249
15,1.77913,1.74892,0.011858
16,1.76869,1.75016,0.0111607
17,1.78207,1.75204,0.0106504
18,1.74544,1.75167,0.010048
19,1.7115,1.74955,0.00973671
20,1.73496,1.74882,0.00926584
1,1.836,1.836,0
2,1.95188,1.89394,0.0579435
3,1.91264,1.90017,0.0340295
4,1.86411,1.89116,0.0256962
5,1.87434,1.88779,0.0201864
6,1.90652,1.89091,0.016775
7,1.91064,1.89373,0.0144549
8,1.86196,1.88976,0.0131331
9,1.99221,1.90114,0.0162398
10,1.85872,1.8969,0.0151321
11,1.86581,1.89408,0.0139763
12,1.80142,1.88635,0.014913
13,1.82258,1.88145,0.0145688
14,1.89736,1.88259,0.0135359
15,1.92386,1.88534,0.0128982
16,1.84101,1.88257,0.0123792
17,1.92213,1.88489,0.0118588
18,1.87719,1.88447,0.0111888
19,1.85326,1.88282,0.0107102
20,1.91493,1.88443,0.0102867
1,2.17841,2.17841,0
2,2.14107,2.15974,0.0186691
3,2.0916,2.13703,0.0251398
4,2.08775,2.12471,0.0216285
5,2.15745,2.13126,0.0179878
6,2.16133,2.13627,0.0155188
7,2.16138,2.13986,0.0135974
8,2.22818,2.1509,0.0161416
9,2.05788,2.14056,0.0175916
10,2.13029,2.13953,0.0157679
11,2.11465,2.13727,0.0144409
12,2.06317,2.1311,0.0145575
13,2.14479,2.13215,0.0134323
14,2.06412,2.12729,0.0133516
15,2.09654,2.12524,0.0125976
16,2.13794,2.12603,0.0118107
17,2.18611,2.12957,0.0116435
18,2.12483,2.12931,0.0109808
19,2.11776,2.1287,0.0104045
20,2.03448,2.12399,0.0109372
1,2.32051,2.32051,0
2,2.3632,2.34186,0.0213445
3,2.32634,2.33668,0.0133648
4,2.33474,2.3362,0.00946286
5,2.37702,2.34436,0.0109726
6,2.34956,2.34523,0.00900085
7,2.32437,2.34225,0.00817003
8,2.36498,2.34509,0.00762452
9,2.31811,2.34209,0.00736228
10,2.45338,2.35322,0.0129315
11,2.28957,2.34743,0.01305
12,2.42997,2.35431,0.0137558
13,2.22743,2.34455,0.0159802
14,2.47905,2.35416,0.0176401
15,2.26591,2.34827,0.017444
16,2.27349,2.3436,0.0169737
17,2.2234,2.33653,0.0174414
18,2.3388,2.33666,0.0164444
19,2.45844,2.34307,0.0168236
20,2.42376,2.3471,0.0164624
1,2.68198,2.68198,0
2,2.67282,2.6774,0.00457687
3,2.67453,2.67644,0.0028107
4,2.6034,2.65818,0.0183691
5,2.52315,2.63117,0.0305248
6,2.63749,2.63223,0.0249456
7,2.79714,2.65578,0.0316149
8,2.64788,2.6548,0.0273972
9,2.68648,2.65832,0.0244171
10,2.70852,2.66334,0.0224088
11,2.60527,2.65806,0.0209456
12,2.751,2.6658,0.0206297
13,2.57503,2.65882,0.0202204
14,2.75109,2.66541,0.0198466
15,2.58159,2.65982,0.0193027
16,2.77727,2.66716,0.0194912
17,2.63684,2.66538,0.0183955
18,2.62926,2.66337,0.0174591
19,2.74532,2.66769,0.0170686
20,2.75093,2.67185,0.016719
1,3.06899,3.06899,0
2,2.85475,2.96187,0.107117
3,2.96966,2.96447,0.0618986
4,2.92379,2.9543,0.0449349
5,2.91069,2.94558,0.0358825
6,2.94134,2.94487,0.0293064
7,3.0658,2.96215,0.0301981
8,2.88802,2.95288,0.0277454
9,2.9406,2.95152,0.0245071
10,2.69958,2.92632,0.0333947
11,2.99818,2.93285,0.030905
12,3.02252,2.94033,0.029185
13,2.94945,2.94103,0.0268555
14,2.90552,2.93849,0.0249924
15,2.91132,2.93668,0.0233371
16,3.06237,2.94454,0.0232003
17,2.8096,2.9366,0.0231934
18,2.91042,2.93514,0.0219152
19,2.89614,2.93309,0.0208311
20,2.95893,2.93438,0.0198043
1,3.59948,3.59948,0
2,3.44316,3.52132,0.0781636
3,3.35547,3.46604,0.0713632
4,3.51196,3.47752,0.0517508
5,3.63867,3.50975,0.0514365
6,3.39139,3.49002,0.0463996
7,3.44024,3.48291,0.0398546
8,3.33046,3.46385,0.0394263
9,3.39886,3.45663,0.0355127
10,3.48566,3.45954,0.0318959
11,3.36249,3.45071,0.0301697
12,3.46032,3.45151,0.0275526
13,3.57503,3.46101,0.0270671
14,3.66752,3.47576,0.029078
15,3.29952,3.46401,0.0295103
16,3.45643,3.46354,0.0276084
17,3.39649,3.4596,0.0262318
18,3.4801,3.46074,0.0247578
19,3.52519,3.46413,0.0236629
20,3.26986,3.45441,0.02446
1,3.87151,3.87151,0
2,4.09677,3.98414,0.11263
3,4.22665,4.06497,0.103746
4,4.01704,4.05299,0.0743317
5,4.12523,4.06744,0.059362
6,3.95137,4.04809,0.0521869
7,3.97104,4.03709,0.0454589
8,3.79798,4.0072,0.0494283
9,3.77616,3.98153,0.0505889
10,4.03247,3.98662,0.045534
11,3.82028,3.9715,0.0438755
12,4.10788,3.98286,0.0416338
13,3.97367,3.98216,0.0383041
14,4.16356,3.99511,0.0377557
15,3.72876,3.97736,0.0393795
16,4.15254,3.98831,0.038429
17,4.16177,3.99851,0.0375121
18,3.93212,3.99482,0.0355586
19,3.97629,3.99385,0.0336492
20,4.14864,4.00159,0.0328473
1,4.91282,4.91282,0
2,5.0729,4.99286,0.080041
3,4.61491,4.86688,0.134193
4,5.10862,4.92731,0.112501
5,4.49208,4.84027,0.12317
6,4.66639,4.81129,0.10466
7,4.71086,4.79694,0.0896098
8,4.84405,4.80283,0.0778275
9,4.75532,4.79755,0.0688401
10,4.16903,4.7347,0.0879858
11,4.76692,4.73763,0.0796401
12,4.81454,4.74404,0.0729831
13,4.65547,4.73722,0.0674795
14,4.81713,4.74293,0.062734
15,4.40818,4.72061,0.0625207
16,4.4948,4.7065,0.0601617
17,4.54794,4.69717,0.0572766
18,4.89378,4.7081,0.0550945
19,4.5806,4.70139,0.0525444
20,4.46267,4.68945,0.0512571
1,5.38497,5.38497,0
2,6.00082,5.69289,0.307927
3,5.71916,5.70165,0.177997
4,5.90022,5.75129,0.135299
5,5.78417,5.75787,0.105009
6,5.77113,5.76008,0.0857676
7,5.44055,5.71443,0.0856617
8,5.44829,5.68116,0.081303
9,5.22394,5.63036,0.0878757
10,5.36255,5.60358,0.0830359
11,5.42036,5.58692,0.0769334
12,5.68392,5.59501,0.0706939
13,5.44256,5.58328,0.0660778
14,5.77787,5.59718,0.0627353
15,5.67463,5.60234,0.0586311
16,5.53466,5.59811,0.0550073
17,5.47236,5.59072,0.0521971
18,5.97859,5.61226,0.0537229
19,5.57625,5.61037,0.0508521
20,5.56655,5.60818,0.0482923
1,6.75355,6.75355,0
2,6.65439,6.70397,0.0495804
3,7.05947,6.82247,0.121909
4,7.27339,6.9352,0.141911
5,6.863,6.92076,0.110868
6,7.20363,6.96791,0.102064
7,7.04308,6.97865,0.086926
8,7.32463,7.02189,0.0868185
9,7.03905,7.0238,0.0765904
10,7.53,7.07442,0.0851778
11,7.16465,7.08262,0.0774816
12,7.25826,7.09726,0.0722292
13,7.31731,7.11419,0.0685635
14,6.41421,7.06419,0.0808035
15,6.70689,7.04037,0.0789053
16,7.35631,7.06011,0.0764048
17,6.80457,7.04508,0.0733271
18,6.73383,7.02779,0.0712632
19,6.99651,7.02614,0.0674284
20,7.49377,7.04953,0.0681074
1,8.33127,8.33127,0
2,8.39812,8.36469,0.0334274
3,8.57474,8.43471,0.0726253
4,7.98251,8.32166,0.124167
5,9.20992,8.49931,0.202017
6,8.70118,8.53296,0.168342
7,8.18318,8.48299,0.150795
8,8.50755,8.48606,0.130628
9,8.66721,8.50619,0.116948
10,8.39835,8.4954,0.105156
11,9.35947,8.57395,0.12336
12,9.19935,8.62607,0.124087
13,8.51025,8.61716,0.11449
14,9.59903,8.6873,0.127099
15,7.70949,8.62211,0.135091
16,8.74635,8.62987,0.126605
17,8.59373,8.62775,0.118943
18,8.7563,8.63489,0.112368
19,9.25597,8.66758,0.111203
20,8.82728,8.67556,0.105798
1,11.5324,11.5324,0
2,11.2282,11.3803,0.15211
3,11.8824,11.5476,0.189002
4,11.0966,11.4349,0.174865
5,10.7672,11.3013,0.190206
6,11.9038,11.4017,0.184933
7,11.1526,11.3662,0.160297
8,10.9169,11.31,0.149752
9,11.0985,11.2865,0.134143
10,11.9689,11.3547,0.138031
11,11.7841,11.3938,0.130812
12,12.554,11.4905,0.15365
13,10.1755,11.3893,0.173803
14,11.1646,11.3733,0.161709
15,10.0729,11.2866,0.173719
16,10.776,11.2546,0.165603
17,11.2051,11.2517,0.155585
18,10.6041,11.2158,0.151034
19,11.6256,11.2373,0.144483
20,10.9666,11.2238,0.137735
1,15.5906,15.5906,0
2,15.2146,15.4026,0.188025
3,15.4508,15.4187,0.109739
4,14.8054,15.2653,0.171849
5,15.5551,15.3233,0.145177
6,15.3162,15.3221,0.118542
7,15.4737,15.3438,0.1025
8,16.3215,15.466,0.151052
9,15.3112,15.4488,0.13432
10,16.4573,15.5496,0.156859
11,15.4964,15.5448,0.141967
12,17.3379,15.6942,0.197798
13,14.4433,15.598,0.205828
14,14.7309,15.5361,0.200372
15,15.4939,15.5332,0.186558
16,17.4006,15.65,0.209941
17,15.2523,15.6266,0.198587
18,13.8102,15.5257,0.212693
19,14.493,15.4713,0.208399
20,15.6172,15.4786,0.197839
1,22.5202,22.5202,0
2,21.0188,21.7695,0.750722
3,24.6296,22.7229,1.04726
4,23.056,22.8062,0.745197
5,21.3994,22.5248,0.642145
6,19.7457,22.0616,0.699601
7,22.7034,22.1533,0.598336
8,21.6131,22.0858,0.522555
9,24.273,22.3288,0.521005
10,24.8812,22.5841,0.531325
11,20.3013,22.3765,0.523492
12,27.7072,22.8208,0.652462
13,19.5365,22.5681,0.651183
14,23.2296,22.6154,0.604726
15,23.8397,22.697,0.568855
16,22.6407,22.6935,0.532127
17,21.2267,22.6072,0.507238
18,23.6256,22.6638,0.481564
19,22.4406,22.652,0.455665
20,24.2971,22.7343,0.440038
1,34.7365,34.7365,0
2,34.3145,34.5255,0.21096
3,38.886,35.979,1.45858
4,29.9274,34.4661,1.83101
5,31.9697,33.9668,1.50361
6,34.9574,34.1319,1.23874
7,29.426,33.4596,1.24419
8,29.3751,32.9491,1.19234
9,29.6136,32.5785,1.11494
10,37.1726,33.0379,1.09797
11,28.1066,32.5896,1.08964
12,36.2505,32.8947,1.04043
13,31.0457,32.7524,0.96757
14,30.1112,32.5638,0.915447
15,34.1613,32.6703,0.858864
16,30.6301,32.5428,0.81345
17,32.211,32.5232,0.764352
18,38.9908,32.8826,0.805247
19,32.1146,32.8421,0.762759
20,31.5352,32.7768,0.726561
1,50.209,50.209,0
2,55.2491,52.729,2.52006
3,57.9853,54.4811,2.27744
4,55.1448,54.647,1.61892
5,50.313,53.7802,1.52442
6,44.1684,52.1783,2.02869
7,49.2756,51.7636,1.76398
8,50.7929,51.6423,1.53247
9,51.2031,51.5935,1.35239
10,48.8699,51.3211,1.2399
11,54.2111,51.5838,1.15189
12,53.9836,51.7838,1.07037
13,46.7927,51.3999,1.05681
14,46.5523,51.0536,1.03788
15,56.8209,51.4381,1.0399
16,51.031,51.4127,0.973069
17,50.3952,51.3528,0.915997
18,54.8593,51.5476,0.885309
19,58.9267,51.936,0.923095
20,50.6902,51.8737,0.877937
1,70.4999,70.4999,0
2,86.2668,78.3834,7.88347
3,81.6693,79.4787,4.68146
4,76.7657,78.8004,3.37906
5,75.2859,78.0975,2.71015
6,75.0034,77.5818,2.27212
7,72.0379,76.7898,2.07721
8,79.6407,77.1462,1.83387
9,82.8254,77.7772,1.73606
10,77.4174,77.7412,1.5532
11,76.3777,77.6173,1.41038
12,77.7076,77.6248,1.28752
13,77.4595,77.6121,1.18441
14,69.051,77.0006,1.25553
15,81.7539,77.3175,1.21103
16,80.384,77.5091,1.14892
17,76.822,77.4687,1.07998
18,85.0286,77.8887,1.10143
19,81.3276,78.0697,1.05745
20,85.0987,78.4212,1.06297
