1,0.031276,0.031276,0
2,0.024508,0.027892,0.003384
3,0.024488,0.0267573,0.00225934
4,0.030376,0.027662,0.00183596
5,0.021092,0.026348,0.00193624
6,0.016316,0.024676,0.00230107
7,0.028484,0.02522,0.00201941
8,0.03146,0.026,0.00191492
9,0.038032,0.0273369,0.00215391
10,0.029224,0.0275256,0.00193574
11,0.040644,0.0287182,0.0021185
12,0.027908,0.0286507,0.00193509
13,0.0345,0.0291006,0.00183602
14,0.029296,0.0291146,0.00169988
15,0.017744,0.0283565,0.00175469
16,0.033244,0.028662,0.00166954
17,0.0298,0.0287289,0.00156969
18,0.034032,0.0290236,0.00150896
19,0.021784,0.0286425,0.00147731
20,0.025116,0.0284662,0.00141255
1,0.030236,0.030236,0
2,0.030008,0.030122,0.000114
3,0.026772,0.0290053,0.0011186
4,0.032704,0.02993,0.00121682
5,0.025356,0.0290152,0.00131349
6,0.026196,0.0285453,0.00117087
7,0.03312,0.0291989,0.00118589
8,0.026576,0.028871,0.00107807
9,0.030756,0.0290804,0.000973567
10,0.032556,0.029428,0.000937583
11,0.032124,0.0296731,0.000882781
12,0.02748,0.0294903,0.000826328
13,0.03458,0.0298818,0.000855016
14,0.02906,0.0298231,0.000793764
15,0.030536,0.0298707,0.000740481
16,0.03848,0.0304088,0.000877101
17,0.039288,0.0309311,0.000975503
18,0.029836,0.0308702,0.000921723
19,0.012712,0.0299145,0.00129364
20,0.02178,0.0295078,0.00129289
1,0.028124,0.028124,0
2,0.02454,0.026332,0.001792
3,0.023896,0.02552,0.00131521
4,0.033252,0.027453,0.00214508
5,0.030728,0.028108,0.00178601
6,0.037596,0.0296893,0.00215109
7,0.04078,0.0312737,0.00241151
8,0.035364,0.031785,0.00215011
9,0.025088,0.0310409,0.00203699
10,0.033176,0.0312544,0.00183441
11,0.03762,0.0318331,0.0017573
12,0.02832,0.0315403,0.00163068
13,0.023776,0.0309431,0.00161454
14,0.037648,0.031422,0.00156963
15,0.02996,0.0313245,0.00146449
16,0.024684,0.0309095,0.00143139
17,0.030752,0.0309002,0.00134459
18,0.035804,0.0311727,0.00129664
19,0.026764,0.0309406,0.00124825
20,0.022428,0.030515,0.00125836
1,0.039584,0.039584,0
2,0.041792,0.040688,0.001104
3,0.037684,0.0396867,0.00118699
4,0.02734,0.0366,0.00319875
5,0.036572,0.0365944,0.00247774
6,0.04294,0.037652,0.00228283
7,0.032648,0.0369371,0.00205752
8,0.038448,0.037126,0.00179185
9,0.03572,0.0369698,0.00158796
10,0.038104,0.0370832,0.00142484
11,0.043056,0.0376262,0.00139853
12,0.031344,0.0371027,0.00137984
13,0.02726,0.0363455,0.00147793
14,0.049768,0.0373043,0.00167076
15,0.040416,0.0375117,0.00156917
16,0.042916,0.0378495,0.00150618
17,0.034756,0.0376675,0.00142647
18,0.033916,0.0374591,0.00136094
19,0.03268,0.0372076,0.00131166
20,0.030112,0.0368528,0.00129394
1,0.034072,0.034072,0
2,0.04486,0.039466,0.005394
3,0.037828,0.03892,0.00316173
4,0.033284,0.037511,0.00264264
5,0.047492,0.0395072,0.00285919
6,0.038968,0.0394173,0.00233624
7,0.03334,0.0385491,0.00215693
8,0.053936,0.0404725,0.00268115
9,0.037492,0.0401413,0.00238763
10,0.0396,0.0400872,0.00213625
11,0.047972,0.040804,0.00206098
12,0.037124,0.0404973,0.00190623
13,0.039728,0.0404382,0.00175448
14,0.037356,0.040218,0.00163918
15,0.040772,0.0402549,0.00152644
16,0.046232,0.0406285,0.00147592
17,0.03372,0.0402221,0.00144471
18,0.047488,0.0406258,0.00142064
19,0.027948,0.0399585,0.00150034
20,0.032148,0.039568,0.00147595
1,0.038492,0.038492,0
2,0.03526,0.036876,0.001616
3,0.038932,0.0375613,0.00115766
4,0.03956,0.038061,0.000959036
5,0.047688,0.0399864,0.00206374
6,0.04628,0.0410353,0.00198484
7,0.041112,0.0410463,0.00167753
8,0.054164,0.042686,0.00219072
9,0.0555,0.0441098,0.00239998
10,0.047836,0.0444824,0.00217871
11,0.035592,0.0436742,0.00213001
12,0.04842,0.0440697,0.00198423
13,0.035216,0.0433886,0.00194815
14,0.047812,0.0437046,0.0018311
15,0.041084,0.0435299,0.00171359
16,0.032872,0.0428637,0.00173582
17,0.028252,0.0420042,0.00184319
18,0.039436,0.0418616,0.00174362
19,0.041104,0.0418217,0.00164979
20,0.029344,0.0411978,0.00168489
1,0.055516,0.055516,0
2,0.036892,0.046204,0.009312
3,0.036036,0.0428147,0.00635547
4,0.051608,0.045013,0.00500287
5,0.04034,0.0440784,0.00398631
6,0.040212,0.043434,0.00331799
7,0.05022,0.0444034,0.00296705
8,0.0595,0.0462905,0.00318804
9,0.0475,0.0464249,0.00281479
10,0.046212,0.0464036,0.00251772
11,0.03216,0.0451087,0.00261975
12,0.045564,0.0451467,0.00239179
13,0.034648,0.0443391,0.00234367
14,0.04458,0.0443563,0.00216988
15,0.055748,0.0451157,0.00215809
16,0.051176,0.0454945,0.00205394
17,0.047176,0.0455934,0.00193187
18,0.05176,0.045936,0.00185332
19,0.042676,0.0457644,0.00176145
20,0.03962,0.0454572,0.00169906
1,0.045324,0.045324,0
2,0.052728,0.049026,0.003702
3,0.034776,0.044276,0.00520872
4,0.046924,0.044938,0.00374214
5,0.053028,0.046556,0.00331965
6,0.050796,0.0472627,0.00280109
7,0.05584,0.048488,0.00266567
8,0.062984,0.0503,0.00293474
9,0.06096,0.0514844,0.00284634
10,0.056684,0.0520044,0.0025984
11,0.050696,0.0518855,0.00235335
12,0.057748,0.052374,0.00220316
13,0.047728,0.0520166,0.00205788
14,0.049796,0.051858,0.00191182
15,0.055488,0.0521,0.00179618
16,0.053616,0.0521947,0.00168284
17,0.036696,0.0512831,0.00182482
18,0.075436,0.0526249,0.00218185
19,0.0492,0.0524446,0.00207168
20,0.048524,0.0522486,0.00197512
1,0.055608,0.055608,0
2,0.063676,0.059642,0.004034
3,0.055664,0.058316,0.00268005
4,0.047796,0.055686,0.00324164
5,0.046368,0.0538224,0.00312697
6,0.05146,0.0534287,0.00258334
7,0.05848,0.0541503,0.00229948
8,0.072244,0.056412,0.00301348
9,0.078124,0.0588244,0.00358928
10,0.05594,0.058536,0.00322328
11,0.0513,0.0578782,0.00298886
12,0.070972,0.0589693,0.00293854
13,0.054304,0.0586105,0.00272678
14,0.04164,0.0573983,0.00280045
15,0.051936,0.0570341,0.00263238
16,0.06986,0.0578358,0.00258957
17,0.059468,0.0579318,0.00243437
18,0.06408,0.0582733,0.00232042
19,0.0524,0.0579642,0.00221656
20,0.064496,0.0582908,0.00212802
1,0.051412,0.051412,0
2,0.081032,0.066222,0.01481
3,0.063532,0.0653253,0.00859744
4,0.057428,0.063351,0.00639187
5,0.06344,0.0633688,0.00495115
6,0.062356,0.0632,0.00404612
7,0.0767,0.0651286,0.00392594
8,0.077088,0.0666235,0.00371411
9,0.074524,0.0675013,0.00339112
10,0.05912,0.0666632,0.00314678
11,0.067888,0.0667745,0.00284855
12,0.06404,0.0665467,0.00261032
13,0.065024,0.0664295,0.002404
14,0.066912,0.066464,0.00222594
15,0.049116,0.0653075,0.00237313
16,0.070588,0.0656375,0.00224426
17,0.070056,0.0658974,0.00212408
18,0.05718,0.0654131,0.00206033
19,0.064176,0.065348,0.00194996
20,0.07456,0.0658086,0.00190638
1,0.107032,0.107032,0
2,0.069656,0.088344,0.018688
3,0.081248,0.0859787,0.0110457
4,0.067908,0.081461,0.00902295
5,0.044468,0.0740624,0.0101778
6,0.089704,0.0766693,0.00870944
7,0.065776,0.0751131,0.00752353
8,0.080264,0.075757,0.0065473
9,0.079748,0.0762004,0.00579118
10,0.065932,0.0751736,0.00528059
11,0.068156,0.0745356,0.00481889
12,0.08752,0.0756177,0.00453014
13,0.098748,0.0773969,0.00453108
14,0.078564,0.0774803,0.00419579
15,0.058136,0.0761907,0.00411345
16,0.077656,0.0762823,0.00384887
17,0.057396,0.0751713,0.00378223
18,0.09116,0.0760596,0.00367489
19,0.07344,0.0759217,0.00347883
20,0.07716,0.0759836,0.00330089
1,0.075732,0.075732,0
2,0.07894,0.077336,0.001604
3,0.109508,0.08806,0.0107639
4,0.09236,0.089135,0.00768678
5,0.066284,0.0845648,0.00750591
6,0.100192,0.0871693,0.00665903
7,0.113144,0.09088,0.0067411
8,0.10134,0.0921875,0.00598259
9,0.085336,0.0914262,0.00533078
10,0.09164,0.0914476,0.00476805
11,0.118768,0.0939313,0.00497689
12,0.088444,0.093474,0.00456621
13,0.1109,0.0948145,0.00440901
14,0.08316,0.093982,0.00416597
15,0.078624,0.0929581,0.00401118
16,0.116016,0.0943992,0.00401935
17,0.08254,0.0937016,0.00383943
18,0.069564,0.0923607,0.00386025
19,0.07656,0.0915291,0.00374494
20,0.094704,0.0916878,0.0035563
1,0.10594,0.10594,0
2,0.111556,0.108748,0.002808
3,0.1125,0.109999,0.00204755
4,0.098136,0.107033,0.00330021
5,0.11342,0.10831,0.00285773
6,0.1274,0.111492,0.0039455
7,0.106484,0.110777,0.00341044
8,0.125468,0.112613,0.0034779
9,0.11244,0.112594,0.00306728
10,0.138988,0.115233,0.00380698
11,0.07194,0.111297,0.00522954
12,0.088856,0.109427,0.00512713
13,0.157452,0.113122,0.00599086
14,0.106212,0.112628,0.00556837
15,0.092472,0.111284,0.0053552
16,0.129016,0.112393,0.00513045
17,0.071952,0.110014,0.00537437
18,0.147236,0.112082,0.00547273
19,0.097892,0.111335,0.00523028
20,0.116216,0.111579,0.00496788
1,0.130392,0.130392,0
2,0.12826,0.129326,0.001066
3,0.093504,0.117385,0.0119565
4,0.115348,0.116876,0.00846986
5,0.102632,0.114027,0.00715254
6,0.140872,0.118501,0.00735688
7,0.121376,0.118912,0.00623125
8,0.157836,0.123777,0.00726598
9,0.131456,0.124631,0.00646454
10,0.136004,0.125768,0.00589285
11,0.155216,0.128445,0.00596479
12,0.152388,0.13044,0.00579913
13,0.167092,0.13326,0.00603365
14,0.125384,0.132697,0.00561433
15,0.116716,0.131632,0.00533414
16,0.14226,0.132296,0.00503365
17,0.14592,0.133097,0.00479573
18,0.121888,0.132475,0.00456414
19,0.124412,0.13205,0.00433805
20,0.141476,0.132522,0.00414233
1,0.157288,0.157288,0
2,0.150968,0.154128,0.00316
3,0.142432,0.150229,0.00430443
4,0.218944,0.167408,0.0174462
5,0.12216,0.158358,0.016264
6,0.143788,0.15593,0.0134997
7,0.147464,0.154721,0.0114733
8,0.188508,0.158944,0.0107965
9,0.125808,0.155262,0.0102086
10,0.189196,0.158656,0.00974106
11,0.158504,0.158642,0.00881113
12,0.1605,0.158797,0.00804491
13,0.19022,0.161214,0.00778501
14,0.173152,0.162067,0.00725779
15,0.110656,0.158639,0.00757621
16,0.180936,0.160033,0.00722261
17,0.192724,0.161956,0.00705173
18,0.1825,0.163097,0.00674569
19,0.168564,0.163385,0.00638727
20,0.167048,0.163568,0.00606226
1,0.16542,0.16542,0
2,0.223936,0.194678,0.029258
3,0.190388,0.193248,0.0169525
4,0.25016,0.207476,0.0186046
5,0.230104,0.212002,0.0151049
6,0.211724,0.211955,0.0123332
7,0.201456,0.210455,0.0105308
8,0.256864,0.216257,0.0108086
9,0.180544,0.212288,0.0103252
10,0.218268,0.212886,0.0092545
11,0.208876,0.212522,0.00837895
12,0.23288,0.214218,0.00783478
13,0.25642,0.217465,0.00790433
14,0.191024,0.215576,0.00755777
15,0.17148,0.212636,0.00762535
16,0.213596,0.212696,0.00713311
17,0.233052,0.213894,0.00680654
18,0.231344,0.214863,0.00649008
19,0.191984,0.213659,0.00625599
20,0.253524,0.215652,0.00626073
1,0.28696,0.28696,0
2,0.32006,0.30351,0.01655
3,0.290552,0.299191,0.0104861
4,0.251904,0.287369,0.0139546
5,0.256276,0.28115,0.0124703
6,0.321012,0.287794,0.0121577
7,0.281552,0.286902,0.0103138
8,0.358492,0.295851,0.0126436
9,0.3008,0.296401,0.0111641
10,0.333168,0.300078,0.0106409
11,0.341456,0.303839,0.010334
12,0.262436,0.300389,0.0100448
13,0.321896,0.302043,0.00938679
14,0.18272,0.29352,0.0121724
15,0.177304,0.285773,0.0137273
16,0.273204,0.284987,0.0128647
17,0.341552,0.288314,0.012534
18,0.30756,0.289384,0.0118655
19,0.250248,0.287324,0.0114111
20,0.249424,0.285429,0.0109901
1,0.4187,0.4187,0
2,0.463552,0.441126,0.022426
3,0.444048,0.4421,0.0129842
4,0.368948,0.423812,0.0204633
5,0.425544,0.424158,0.0158546
6,0.426712,0.424584,0.0129522
7,0.422048,0.424222,0.0109526
8,0.420112,0.423708,0.00949913
9,0.357624,0.416365,0.0111399
10,0.495292,0.424258,0.0127111
11,0.452204,0.426799,0.0117749
12,0.532672,0.435621,0.0139062
13,0.45462,0.437083,0.0128751
14,0.375612,0.432692,0.012703
15,0.395536,0.430215,0.0120824
16,0.406436,0.428729,0.0113994
17,0.371156,0.425342,0.0112307
18,0.457056,0.427104,0.0107339
19,0.370528,0.424126,0.0105809
20,0.48348,0.427094,0.0104675
1,0.50796,0.50796,0
2,0.565884,0.536922,0.028962
3,0.665104,0.579649,0.0458827
4,0.542548,0.570374,0.0337438
5,0.538288,0.563957,0.0269141
6,0.526012,0.557633,0.0228671
7,0.429796,0.53937,0.0265898
8,0.506044,0.535205,0.0234012
9,0.484592,0.529581,0.0213904
10,0.528692,0.529492,0.0191324
11,0.63584,0.53916,0.0198233
12,0.492364,0.53526,0.0185115
13,0.536664,0.535368,0.0170285
14,0.560756,0.537182,0.0158693
15,0.421528,0.529471,0.0166644
16,0.567748,0.531864,0.0157707
17,0.438036,0.526344,0.0158087
18,0.558048,0.528106,0.0150083
19,0.504912,0.526885,0.0142488
20,0.534964,0.527289,0.0135237
1,0.727572,0.727572,0
2,0.669692,0.698632,0.02894
3,0.844404,0.747223,0.0513831
4,0.762392,0.751015,0.0365307
5,0.776752,0.756162,0.028761
6,0.589104,0.728319,0.0364239
7,0.731616,0.72879,0.0307874
8,0.683928,0.723182,0.027246
9,0.787156,0.730291,0.025058
10,0.64644,0.721906,0.0239298
11,0.89802,0.737916,0.0269231
12,0.708092,0.735431,0.0247026
13,0.75994,0.737316,0.0228012
14,0.72078,0.736135,0.0211428
15,0.687152,0.732869,0.0199519
16,0.821336,0.738399,0.0194651
17,0.71902,0.737259,0.0183198
18,0.762064,0.738637,0.017327
19,0.676572,0.73537,0.016712
20,0.810784,0.739141,0.0162967
1,0.955048,0.955048,0
2,0.912344,0.933696,0.021352
3,0.922516,0.929969,0.0128786
4,0.906488,0.924099,0.0108346
5,0.874188,0.914117,0.0130414
6,0.771264,0.890308,0.0260815
7,0.774756,0.873801,0.0275388
8,0.937424,0.881754,0.0251403
9,0.776652,0.870076,0.0250591
10,0.892504,0.872318,0.0225255
11,0.951988,0.879561,0.0216241
12,0.756744,0.869326,0.0222355
13,0.813048,0.864997,0.0209068
14,0.907852,0.868058,0.0195965
15,0.836284,0.86594,0.0183659
16,0.956612,0.871607,0.0180903
17,0.957884,0.876682,0.0177345
18,0.886912,0.87725,0.0167299
19,0.92364,0.879692,0.0160122
20,0.883064,0.879861,0.0151914
