1,-0.965304,-0.965304,0
2,-0.981144,-0.973224,0.00792
3,-0.976552,-0.974333,0.00470525
4,-0.971808,-0.973702,0.00338649
5,-0.969624,-0.972886,0.00274703
6,-0.9688,-0.972205,0.00234406
7,-0.96656,-0.971399,0.00213896
8,-0.975104,-0.971862,0.00190941
9,-0.978328,-0.97258,0.0018308
10,-0.971896,-0.972512,0.00163895
11,-0.973624,-0.972613,0.00148593
12,-0.97256,-0.972609,0.00135647
13,-0.973112,-0.972647,0.00124837
14,-0.964048,-0.972033,0.00130885
15,-0.976048,-0.972301,0.00124752
16,-0.975472,-0.972499,0.00118366
17,-0.971832,-0.97246,0.00111255
18,-0.97996,-0.972876,0.00112865
19,-0.977192,-0.973104,0.00109149
20,-0.9806,-0.973478,0.00110123
1,-0.944672,-0.944672,0
2,-0.9496,-0.947136,0.002464
3,-0.954344,-0.949539,0.00279223
4,-0.949024,-0.94941,0.0019786
5,-0.941592,-0.947846,0.00218946
6,-0.935408,-0.945773,0.00273741
7,-0.93984,-0.944926,0.00246392
8,-0.945136,-0.944952,0.00213398
9,-0.9454,-0.945002,0.00188265
10,-0.944088,-0.94491,0.00168637
11,-0.95,-0.945373,0.00159401
12,-0.9494,-0.945709,0.00149332
13,-0.940144,-0.945281,0.0014388
14,-0.941528,-0.945013,0.00135877
15,-0.95104,-0.945414,0.00132724
16,-0.944832,-0.945378,0.00124205
17,-0.944936,-0.945352,0.00116699
18,-0.95048,-0.945637,0.00113654
19,-0.955344,-0.946148,0.00119028
20,-0.944688,-0.946075,0.00113156
1,-0.918528,-0.918528,0
2,-0.914,-0.916264,0.002264
3,-0.92256,-0.918363,0.00247244
4,-0.909128,-0.916054,0.00289593
5,-0.91248,-0.915339,0.00235431
6,-0.91176,-0.914743,0.00201272
7,-0.905168,-0.913375,0.00218278
8,-0.909208,-0.912854,0.00196078
9,-0.907632,-0.912274,0.001824
10,-0.920352,-0.913082,0.00182048
11,-0.905536,-0.912396,0.00178385
12,-0.918392,-0.912895,0.00170337
13,-0.909968,-0.91267,0.00158297
14,-0.912488,-0.912657,0.0014656
15,-0.91492,-0.912808,0.00137272
16,-0.913192,-0.912832,0.00128428
17,-0.91256,-0.912816,0.00120648
18,-0.922976,-0.91338,0.00126983
19,-0.914168,-0.913422,0.00120185
20,-0.911488,-0.913325,0.00114427
1,-0.886288,-0.886288,0
2,-0.8832,-0.884744,0.001544
3,-0.888552,-0.886013,0.00155108
4,-0.879696,-0.884434,0.00192282
5,-0.881832,-0.883914,0.0015777
6,-0.878576,-0.883024,0.00156551
7,-0.882712,-0.882979,0.00132385
8,-0.882912,-0.882971,0.00114652
9,-0.886264,-0.883337,0.0010753
10,-0.888408,-0.883844,0.00108728
11,-0.878376,-0.883347,0.00110197
12,-0.897224,-0.884503,0.00153273
13,-0.878504,-0.884042,0.00148351
14,-0.883816,-0.884026,0.00137356
15,-0.882952,-0.883954,0.00128072
16,-0.884144,-0.883966,0.00119806
17,-0.882416,-0.883875,0.00112907
18,-0.884256,-0.883896,0.00106471
19,-0.887064,-0.884063,0.00102082
20,-0.885216,-0.88412,0.00097015
1,-0.85056,-0.85056,0
2,-0.848928,-0.849744,0.000816
3,-0.848832,-0.84944,0.000560685
4,-0.845432,-0.848438,0.00107758
5,-0.84936,-0.848622,0.000854819
6,-0.847488,-0.848433,0.000723112
7,-0.849504,-0.848586,0.00062999
8,-0.853896,-0.84925,0.000859175
9,-0.85076,-0.849418,0.000776074
10,-0.850912,-0.849567,0.000710042
11,-0.846776,-0.849313,0.000690566
12,-0.857688,-0.850011,0.000940444
13,-0.850216,-0.850027,0.000865226
14,-0.849408,-0.849983,0.000802264
15,-0.843632,-0.849559,0.000858527
16,-0.851624,-0.849688,0.000813379
17,-0.847392,-0.849553,0.000775887
18,-0.845432,-0.849324,0.00076651
19,-0.84968,-0.849343,0.000725287
20,-0.848016,-0.849277,0.00069126
1,-0.81612,-0.81612,0
2,-0.818496,-0.817308,0.001188
3,-0.822928,-0.819181,0.00199495
4,-0.814672,-0.818054,0.00180577
5,-0.817424,-0.817928,0.0014044
6,-0.820848,-0.818415,0.00124569
7,-0.81472,-0.817887,0.0011777
8,-0.821112,-0.81829,0.0010967
9,-0.817184,-0.818167,0.000974975
10,-0.816112,-0.817962,0.000895933
11,-0.815336,-0.817723,0.000844822
12,-0.822672,-0.818135,0.000874565
13,-0.81404,-0.81782,0.000863964
14,-0.82132,-0.81807,0.000838027
15,-0.8108,-0.817586,0.000918461
16,-0.815384,-0.817448,0.000870091
17,-0.81756,-0.817455,0.000817335
18,-0.81224,-0.817165,0.000823247
19,-0.821344,-0.817385,0.000809181
20,-0.81584,-0.817308,0.000771533
1,-0.780496,-0.780496,0
2,-0.78172,-0.781108,0.000612
3,-0.787504,-0.78324,0.00216108
4,-0.776888,-0.781652,0.00220383
5,-0.784536,-0.782229,0.0018019
6,-0.784168,-0.782552,0.00150632
7,-0.78368,-0.782713,0.00128323
8,-0.7848,-0.782974,0.00114152
9,-0.78168,-0.78283,0.00101694
10,-0.782664,-0.782814,0.00090973
11,-0.778632,-0.782433,0.000906446
12,-0.787616,-0.782865,0.000933393
13,-0.782008,-0.782799,0.000861126
14,-0.785696,-0.783006,0.000823658
15,-0.775448,-0.782502,0.000917528
16,-0.78224,-0.782486,0.000858426
17,-0.780288,-0.782357,0.000816651
18,-0.78328,-0.782408,0.000771652
19,-0.783184,-0.782449,0.000731052
20,-0.784096,-0.782531,0.000698409
1,-0.751864,-0.751864,0
2,-0.752216,-0.75204,0.000176
3,-0.755792,-0.753291,0.00125479
4,-0.750728,-0.75265,0.00109439
5,-0.755896,-0.753299,0.00106775
6,-0.756704,-0.753867,0.00104023
7,-0.754296,-0.753928,0.000881289
8,-0.757488,-0.754373,0.000883475
9,-0.754384,-0.754374,0.000779153
10,-0.756256,-0.754562,0.000721854
11,-0.750176,-0.754164,0.000765079
12,-0.758544,-0.754529,0.000788058
13,-0.75536,-0.754593,0.000727723
14,-0.75268,-0.754456,0.000687452
15,-0.749,-0.754092,0.000736125
16,-0.752568,-0.753997,0.000695141
17,-0.751184,-0.753832,0.000673611
18,-0.751456,-0.7537,0.000648654
19,-0.752944,-0.75366,0.000614853
20,-0.755088,-0.753731,0.000587655
1,-0.71628,-0.71628,0
2,-0.724888,-0.720584,0.004304
3,-0.724928,-0.722032,0.00287602
4,-0.719888,-0.721496,0.00210311
5,-0.719136,-0.721024,0.00169606
6,-0.721792,-0.721152,0.00139073
7,-0.72028,-0.721027,0.00118196
8,-0.722496,-0.721211,0.00103994
9,-0.720728,-0.721157,0.00091871
10,-0.723984,-0.72144,0.000868978
11,-0.717952,-0.721123,0.00084757
12,-0.719384,-0.720978,0.000787175
13,-0.721424,-0.721012,0.000724908
14,-0.7222,-0.721097,0.000676475
15,-0.719184,-0.72097,0.000642549
16,-0.718528,-0.720817,0.000620119
17,-0.718392,-0.720674,0.000599712
18,-0.720648,-0.720673,0.000565416
19,-0.719864,-0.72063,0.000536522
20,-0.721072,-0.720652,0.000509468
1,-0.694056,-0.694056,0
2,-0.699584,-0.69682,0.002764
3,-0.694296,-0.695979,0.001804
4,-0.690184,-0.69453,0.00193024
5,-0.691192,-0.693862,0.00163743
6,-0.694296,-0.693935,0.00133891
7,-0.692296,-0.693701,0.00115555
8,-0.694464,-0.693796,0.00100527
9,-0.693896,-0.693807,0.000886637
10,-0.69384,-0.69381,0.000793039
11,-0.6922,-0.693664,0.000732118
12,-0.693,-0.693609,0.000670616
13,-0.692104,-0.693493,0.000627641
14,-0.696632,-0.693717,0.000622842
15,-0.692224,-0.693618,0.000588317
16,-0.69168,-0.693496,0.000563487
17,-0.691064,-0.693353,0.000548303
18,-0.689176,-0.693121,0.00056665
19,-0.696032,-0.693275,0.00055746
20,-0.696264,-0.693424,0.000549571
1,-0.6638,-0.6638,0
2,-0.66768,-0.66574,0.00194
3,-0.666032,-0.665837,0.00112428
4,-0.661336,-0.664712,0.00137782
5,-0.663792,-0.664528,0.001083
6,-0.666872,-0.664919,0.000966717
7,-0.6644,-0.664845,0.000820378
8,-0.6636,-0.664689,0.000727302
9,-0.664328,-0.664649,0.000642673
10,-0.664728,-0.664657,0.000574878
11,-0.663208,-0.664525,0.000536418
12,-0.664256,-0.664503,0.000490194
13,-0.6644,-0.664495,0.000450982
14,-0.665896,-0.664595,0.000429357
15,-0.662024,-0.664423,0.000434905
16,-0.664344,-0.664419,0.000406847
17,-0.664488,-0.664423,0.000382188
18,-0.661768,-0.664275,0.000389342
19,-0.66624,-0.664379,0.000382525
20,-0.664056,-0.664362,0.000363253
1,-0.64148,-0.64148,0
2,-0.64296,-0.64222,0.00074
3,-0.639552,-0.641331,0.000986634
4,-0.637848,-0.64046,0.0011157
5,-0.638216,-0.640011,0.000973803
6,-0.64192,-0.640329,0.00085639
7,-0.642904,-0.640697,0.000811876
8,-0.64016,-0.64063,0.000706304
9,-0.63892,-0.64044,0.000651235
10,-0.640344,-0.64043,0.000582561
11,-0.637912,-0.640201,0.000574533
12,-0.63952,-0.640145,0.00052754
13,-0.639936,-0.640129,0.000485532
14,-0.64292,-0.640328,0.00049175
15,-0.640136,-0.640315,0.000457973
16,-0.636448,-0.640073,0.000491875
17,-0.639368,-0.640032,0.000463896
18,-0.639016,-0.639976,0.000440993
19,-0.64088,-0.640023,0.000419845
20,-0.636944,-0.639869,0.000427019
1,-0.613512,-0.613512,0
2,-0.614464,-0.613988,0.000476
3,-0.612024,-0.613333,0.00071001
4,-0.610216,-0.612554,0.000927048
5,-0.610064,-0.612056,0.000873873
6,-0.615032,-0.612552,0.000868976
7,-0.61704,-0.613193,0.000974902
8,-0.615392,-0.613468,0.000887903
9,-0.613456,-0.613467,0.000783058
10,-0.609896,-0.61311,0.000786156
11,-0.611752,-0.612986,0.000721735
12,-0.614128,-0.613081,0.000665687
13,-0.613024,-0.613077,0.000612359
14,-0.612592,-0.613042,0.000567991
15,-0.611744,-0.612956,0.000535808
16,-0.611864,-0.612888,0.000505826
17,-0.610976,-0.612775,0.000488264
18,-0.61208,-0.612736,0.000461956
19,-0.613528,-0.612778,0.000438948
20,-0.612576,-0.612768,0.000416545
1,-0.59176,-0.59176,0
2,-0.595128,-0.593444,0.001684
3,-0.590848,-0.592579,0.00130157
4,-0.5882,-0.591484,0.00143015
5,-0.58972,-0.591131,0.00116261
6,-0.593336,-0.591499,0.00101791
7,-0.594312,-0.591901,0.000949543
8,-0.592872,-0.592022,0.000831245
9,-0.592704,-0.592098,0.000736995
10,-0.588624,-0.59175,0.000745118
11,-0.589552,-0.591551,0.000702992
12,-0.592664,-0.591643,0.000648414
13,-0.591056,-0.591598,0.000598163
14,-0.593776,-0.591754,0.000575225
15,-0.591632,-0.591746,0.000535567
16,-0.591496,-0.59173,0.00050122
17,-0.58872,-0.591553,0.000503006
18,-0.587128,-0.591307,0.000534168
19,-0.595024,-0.591503,0.00054182
20,-0.589728,-0.591414,0.000521619
1,-0.57004,-0.57004,0
2,-0.568776,-0.569408,0.000632
3,-0.56744,-0.568752,0.000750651
4,-0.563768,-0.567506,0.00135435
5,-0.566976,-0.5674,0.00105441
6,-0.570992,-0.567999,0.00104862
7,-0.571104,-0.568442,0.000991071
8,-0.568488,-0.568448,0.000858312
9,-0.569632,-0.56858,0.000768307
10,-0.567432,-0.568465,0.00069671
11,-0.568336,-0.568453,0.000630307
12,-0.568792,-0.568481,0.000576082
13,-0.569936,-0.568593,0.000541603
14,-0.570632,-0.568739,0.000522146
15,-0.56672,-0.568604,0.00050438
16,-0.567816,-0.568555,0.00047437
17,-0.568496,-0.568552,0.000445606
18,-0.567312,-0.568483,0.000425728
19,-0.569248,-0.568523,0.000404708
20,-0.565944,-0.568394,0.000405015
1,-0.549256,-0.549256,0
2,-0.552632,-0.550944,0.001688
3,-0.547168,-0.549685,0.00159186
4,-0.545096,-0.548538,0.00160729
5,-0.54852,-0.548534,0.00124501
6,-0.551,-0.548945,0.00109646
7,-0.551672,-0.549335,0.00100522
8,-0.550528,-0.549484,0.000883228
9,-0.549952,-0.549536,0.000780668
10,-0.547472,-0.54933,0.000728117
11,-0.547008,-0.549119,0.000691597
12,-0.546312,-0.548885,0.000673267
13,-0.551552,-0.54909,0.000652419
14,-0.550384,-0.549182,0.000611055
15,-0.549936,-0.549233,0.000571076
16,-0.547704,-0.549137,0.000542668
17,-0.54928,-0.549145,0.000509817
18,-0.54588,-0.548964,0.000513755
19,-0.549048,-0.548968,0.000485984
20,-0.545816,-0.548811,0.000487244
1,-0.527912,-0.527912,0
2,-0.531064,-0.529488,0.001576
3,-0.527096,-0.528691,0.00120982
4,-0.525696,-0.527942,0.00113681
5,-0.52676,-0.527706,0.000911749
6,-0.529048,-0.527929,0.000777333
7,-0.5318,-0.528482,0.000858698
8,-0.528656,-0.528504,0.000743971
9,-0.529704,-0.528637,0.000669531
10,-0.527552,-0.528529,0.000608603
11,-0.526056,-0.528304,0.000594632
12,-0.526944,-0.528191,0.000554527
13,-0.528496,-0.528214,0.000510631
14,-0.530912,-0.528407,0.000510519
15,-0.529616,-0.528487,0.000482055
16,-0.526752,-0.528379,0.000463783
17,-0.524664,-0.52816,0.000487386
18,-0.526472,-0.528067,0.000468988
19,-0.528928,-0.528112,0.000445929
20,-0.525664,-0.52799,0.000440396
1,-0.509824,-0.509824,0
2,-0.512648,-0.511236,0.001412
3,-0.513168,-0.51188,0.0010389
4,-0.507024,-0.510666,0.00141896
5,-0.509144,-0.510362,0.0011405
6,-0.513472,-0.51088,0.00106578
7,-0.515296,-0.511511,0.0010997
8,-0.510032,-0.511326,0.00097014
9,-0.513112,-0.511524,0.000878295
10,-0.512256,-0.511598,0.00078897
11,-0.510664,-0.511513,0.00071868
12,-0.509176,-0.511318,0.000684351
13,-0.513168,-0.51146,0.000645396
14,-0.513944,-0.511638,0.0006233
15,-0.511968,-0.51166,0.000580679
16,-0.509576,-0.511529,0.00055857
17,-0.511696,-0.511539,0.000524776
18,-0.510584,-0.511486,0.000497602
19,-0.512672,-0.511549,0.000474804
20,-0.50916,-0.511429,0.000466003
1,-0.491808,-0.491808,0
2,-0.4962,-0.494004,0.002196
3,-0.49632,-0.494776,0.0014844
4,-0.490728,-0.493764,0.00145804
5,-0.49024,-0.493059,0.00133126
6,-0.4944,-0.493283,0.00110971
7,-0.496688,-0.493769,0.00105653
8,-0.494536,-0.493865,0.000919993
9,-0.493688,-0.493845,0.000811596
10,-0.49388,-0.493849,0.000725922
11,-0.491152,-0.493604,0.000700897
12,-0.491776,-0.493451,0.000657705
13,-0.493624,-0.493465,0.000605147
14,-0.496128,-0.493655,0.000591676
15,-0.495784,-0.493797,0.000568815
16,-0.491712,-0.493666,0.0005478
17,-0.494184,-0.493697,0.000515468
18,-0.493816,-0.493704,0.000486033
19,-0.492808,-0.493656,0.000462151
20,-0.491072,-0.493527,0.000457081
1,-0.477624,-0.477624,0
2,-0.480664,-0.479144,0.00152
3,-0.47976,-0.479349,0.000901274
4,-0.47416,-0.478052,0.00144541
5,-0.47456,-0.477354,0.00131958
6,-0.47868,-0.477575,0.00109988
7,-0.479696,-0.477878,0.000977719
8,-0.47824,-0.477923,0.000847939
9,-0.481184,-0.478285,0.000830968
10,-0.4788,-0.478337,0.000745021
11,-0.476808,-0.478198,0.000688079
12,-0.476848,-0.478085,0.000638119
13,-0.481368,-0.478338,0.000638994
14,-0.480648,-0.478503,0.000614176
15,-0.480192,-0.478615,0.00058275
16,-0.477616,-0.478553,0.00054868
17,-0.478184,-0.478531,0.000515852
18,-0.47872,-0.478542,0.000486463
19,-0.47728,-0.478475,0.000464916
20,-0.476424,-0.478373,0.000452827
1,-0.461072,-0.461072,0
2,-0.464176,-0.462624,0.001552
3,-0.461696,-0.462315,0.000947939
4,-0.45804,-0.461246,0.00126148
5,-0.459968,-0.46099,0.00101002
6,-0.462968,-0.46132,0.000888103
7,-0.462848,-0.461538,0.000781681
8,-0.46156,-0.461541,0.000676961
9,-0.465184,-0.461946,0.000721306
10,-0.461416,-0.461893,0.000647327
11,-0.461584,-0.461865,0.000586202
12,-0.461976,-0.461874,0.000535207
13,-0.463024,-0.461962,0.000500203
14,-0.464712,-0.462159,0.000503022
15,-0.46508,-0.462354,0.000507167
16,-0.463104,-0.462401,0.000476724
17,-0.46172,-0.46236,0.00044959
18,-0.463656,-0.462432,0.000429945
19,-0.460896,-0.462352,0.000414648
20,-0.46016,-0.462242,0.000408347
