1,0.203538,0.203538,0
2,0.198854,0.201196,0.00234181
3,0.205364,0.202585,0.00193868
4,0.195988,0.200936,0.00214464
5,0.198552,0.200459,0.0017283
6,0.199702,0.200333,0.00141678
7,0.192691,0.199241,0.0016204
8,0.196134,0.198853,0.00145608
9,0.196808,0.198626,0.00130408
10,0.195971,0.19836,0.00119623
11,0.197969,0.198324,0.00108262
12,0.192467,0.197836,0.00110226
13,0.197294,0.197795,0.00101479
14,0.196342,0.197691,0.000945219
15,0.199569,0.197816,0.000888818
16,0.202272,0.198095,0.000876807
17,0.195247,0.197927,0.000840477
18,0.199477,0.198013,0.000797073
19,0.196126,0.197914,0.000760471
20,0.195768,0.197807,0.000729383
1,0.214368,0.214368,0
2,0.209803,0.212085,0.00228241
3,0.21453,0.2129,0.00154942
4,0.208426,0.211782,0.00156572
5,0.212376,0.211901,0.00121862
6,0.212459,0.211994,0.000999336
7,0.20762,0.211369,0.00105057
8,0.201625,0.210151,0.00152034
9,0.208557,0.209974,0.00135245
10,0.21031,0.210008,0.00121014
11,0.206841,0.20972,0.00113183
12,0.206063,0.209415,0.00107721
13,0.215114,0.209853,0.00108352
14,0.20923,0.209809,0.00100413
15,0.210902,0.209882,0.000937632
16,0.210617,0.209928,0.000878279
17,0.20933,0.209893,0.000825748
18,0.212808,0.210055,0.000795188
19,0.209657,0.210034,0.000752464
20,0.216129,0.210338,0.000776181
1,0.223108,0.223108,0
2,0.222097,0.222603,0.000505852
3,0.222227,0.222477,0.000317793
4,0.217536,0.221242,0.00125555
5,0.222361,0.221466,0.000997947
6,0.221106,0.221406,0.00081702
7,0.21801,0.220921,0.000843875
8,0.215775,0.220278,0.000973527
9,0.224652,0.220764,0.000986612
10,0.218142,0.220501,0.000920568
11,0.217307,0.220211,0.000881869
12,0.21966,0.220165,0.000806341
13,0.226024,0.220616,0.000867915
14,0.222449,0.220747,0.000814127
15,0.220963,0.220761,0.000758049
16,0.222263,0.220855,0.000715271
17,0.220149,0.220813,0.000673162
18,0.225049,0.221049,0.000676889
19,0.220449,0.221017,0.000641052
20,0.221447,0.221039,0.000608535
1,0.237686,0.237686,0
2,0.232766,0.235226,0.00245987
3,0.234099,0.234851,0.00146902
4,0.229971,0.233631,0.00160217
5,0.240757,0.235056,0.00188983
6,0.236738,0.235336,0.00156831
7,0.231202,0.234746,0.00145108
8,0.22903,0.234031,0.00144558
9,0.23612,0.234263,0.00129583
10,0.234418,0.234279,0.00115913
11,0.23951,0.234754,0.00115129
12,0.231412,0.234476,0.00108727
13,0.237695,0.234724,0.00103034
14,0.235148,0.234754,0.00095439
15,0.238861,0.235028,0.000929715
16,0.237308,0.23517,0.000881273
17,0.232212,0.234996,0.000845906
18,0.23442,0.234964,0.000798169
19,0.235989,0.235018,0.000756918
20,0.238638,0.235199,0.000740534
1,0.247244,0.247244,0
2,0.25097,0.249107,0.00186321
3,0.248762,0.248992,0.00108185
4,0.246979,0.248489,0.000915638
5,0.251832,0.249157,0.000974781
6,0.241263,0.247842,0.0015377
7,0.245364,0.247488,0.00134694
8,0.244163,0.247072,0.00123832
9,0.248912,0.247277,0.00111107
10,0.246155,0.247164,0.00100008
11,0.248423,0.247279,0.00091181
12,0.249652,0.247477,0.000855528
13,0.2439,0.247201,0.000833676
14,0.242181,0.246843,0.000851078
15,0.253979,0.247319,0.000924186
16,0.250649,0.247527,0.000889208
17,0.247064,0.2475,0.000835708
18,0.243084,0.247254,0.000825212
19,0.248996,0.247346,0.000785937
20,0.248181,0.247388,0.000746774
1,0.263224,0.263224,0
2,0.264559,0.263892,0.00066783
3,0.257555,0.261779,0.00214713
4,0.270897,0.264059,0.00273872
5,0.267838,0.264815,0.00225205
6,0.263685,0.264626,0.00184841
7,0.263589,0.264478,0.0015692
8,0.265128,0.264559,0.00136139
9,0.261914,0.264265,0.00123608
10,0.267798,0.264619,0.00116064
11,0.269352,0.265049,0.00113462
12,0.268682,0.265352,0.00107909
13,0.259113,0.264872,0.00110255
14,0.262491,0.264702,0.00103483
15,0.26442,0.264683,0.00096356
16,0.27476,0.265313,0.00109958
17,0.270354,0.265609,0.0010746
18,0.263136,0.265472,0.00102242
19,0.265723,0.265485,0.000967201
20,0.264785,0.26545,0.000918236
1,0.275426,0.275426,0
2,0.286231,0.280829,0.00540212
3,0.279782,0.28048,0.00313836
4,0.282716,0.281039,0.00228852
5,0.280481,0.280927,0.00177619
6,0.278633,0.280545,0.00149983
7,0.280366,0.280519,0.00126785
8,0.281193,0.280603,0.00110121
9,0.280681,0.280612,0.000971216
10,0.283727,0.280924,0.000922843
11,0.285268,0.281319,0.000923479
12,0.274957,0.280788,0.000995872
13,0.28498,0.281111,0.000971149
14,0.280739,0.281084,0.0008995
15,0.276505,0.280779,0.000891314
16,0.285017,0.281044,0.000874813
17,0.283321,0.281178,0.00083259
18,0.27761,0.28098,0.000809608
19,0.286906,0.281292,0.000826898
20,0.28193,0.281323,0.000785114
1,0.29632,0.29632,0
2,0.305234,0.300777,0.00445742
3,0.297433,0.299663,0.00280446
4,0.306471,0.301365,0.00261343
5,0.299755,0.301043,0.0020498
6,0.295871,0.300181,0.00188258
7,0.302843,0.300561,0.00163591
8,0.300343,0.300534,0.001417
9,0.298258,0.300281,0.001275
10,0.302271,0.30048,0.00115762
11,0.297942,0.300249,0.00107224
12,0.300392,0.300261,0.000978888
13,0.294648,0.299829,0.000998628
14,0.304399,0.300156,0.000980467
15,0.296655,0.299922,0.000942122
16,0.30414,0.300186,0.000919852
17,0.304602,0.300446,0.000902251
18,0.294101,0.300093,0.000920782
19,0.311949,0.300717,0.00107142
20,0.298766,0.30062,0.0010211
1,0.308763,0.308763,0
2,0.317439,0.313101,0.00433784
3,0.313553,0.313251,0.00250898
4,0.320456,0.315053,0.00252816
5,0.319604,0.315963,0.00215954
6,0.30733,0.314524,0.00227583
7,0.308413,0.313651,0.00211226
8,0.317352,0.314114,0.00188687
9,0.309667,0.31362,0.00173587
10,0.314318,0.313689,0.00155418
11,0.322632,0.314502,0.00162394
12,0.313406,0.314411,0.00148526
13,0.323869,0.315139,0.00154787
14,0.320788,0.315542,0.00148878
15,0.311616,0.31528,0.00141047
16,0.322238,0.315715,0.00138919
17,0.324568,0.316236,0.00140498
18,0.311641,0.315981,0.001349
19,0.314695,0.315913,0.00127782
20,0.315541,0.315894,0.00121239
1,0.332279,0.332279,0
2,0.344726,0.338502,0.00622344
3,0.32892,0.335308,0.00480757
4,0.346424,0.338087,0.00439073
5,0.339376,0.338345,0.0034108
6,0.331538,0.33721,0.00300712
7,0.333789,0.336722,0.00258804
8,0.339246,0.337037,0.00226342
9,0.33701,0.337034,0.00199615
10,0.341998,0.337531,0.00185314
11,0.335816,0.337375,0.00168346
12,0.333621,0.337062,0.0015683
13,0.351295,0.338157,0.00181103
14,0.345504,0.338681,0.0017569
15,0.332598,0.338276,0.00168511
16,0.339803,0.338371,0.00157917
17,0.346214,0.338833,0.00155346
18,0.329779,0.33833,0.00154857
19,0.337021,0.338261,0.00146642
20,0.338465,0.338271,0.0013912
1,0.354528,0.354528,0
2,0.364561,0.359545,0.0050166
3,0.358096,0.359062,0.00293632
4,0.361241,0.359606,0.00214657
5,0.362445,0.360174,0.001757
6,0.354298,0.359195,0.00173701
7,0.345452,0.357232,0.0024515
8,0.359255,0.357484,0.00213807
9,0.366699,0.358508,0.00214564
10,0.358002,0.358458,0.00191979
11,0.353125,0.357973,0.00180292
12,0.352229,0.357494,0.00171402
13,0.36032,0.357712,0.00159158
14,0.362049,0.358021,0.00150574
15,0.355084,0.357826,0.00141537
16,0.358155,0.357846,0.00132412
17,0.371405,0.358644,0.00147756
18,0.35872,0.358648,0.00139306
19,0.359796,0.358708,0.00131909
20,0.358191,0.358683,0.00125167
1,0.381417,0.381417,0
2,0.392133,0.386775,0.00535828
3,0.378457,0.384002,0.00415439
4,0.390783,0.385697,0.00339158
5,0.388967,0.386351,0.00270727
6,0.387807,0.386594,0.00222376
7,0.376145,0.385101,0.00240011
8,0.370028,0.383217,0.0028054
9,0.375502,0.38236,0.00261842
10,0.369317,0.381056,0.00268066
11,0.380205,0.380978,0.00242598
12,0.385359,0.381343,0.0022445
13,0.38763,0.381827,0.00212051
14,0.37362,0.381241,0.00204886
15,0.378103,0.381032,0.00191882
16,0.376333,0.380738,0.00181875
17,0.378972,0.380634,0.00171157
18,0.383033,0.380767,0.00161918
19,0.380531,0.380755,0.00153164
20,0.365086,0.379971,0.0016508
1,0.39115,0.39115,0
2,0.407132,0.399141,0.00799062
3,0.37702,0.391767,0.00869808
4,0.411557,0.396715,0.0078933
5,0.402905,0.397953,0.00623821
6,0.394816,0.39743,0.00512023
7,0.401134,0.397959,0.00435962
8,0.384642,0.396294,0.00412623
9,0.392441,0.395866,0.0036641
10,0.392759,0.395555,0.00329196
11,0.408475,0.39673,0.00320094
12,0.398741,0.396898,0.00292685
13,0.382647,0.395801,0.00290693
14,0.40575,0.396512,0.00278353
15,0.39984,0.396734,0.00260081
16,0.388248,0.396203,0.00248998
17,0.411503,0.397103,0.0025061
18,0.386469,0.396513,0.00243553
19,0.396165,0.396494,0.00230385
20,0.383476,0.395843,0.00228048
1,0.417611,0.417611,0
2,0.431536,0.424574,0.0069628
3,0.397273,0.415473,0.00994861
4,0.429086,0.418877,0.00781471
5,0.425457,0.420193,0.00619468
6,0.406767,0.417955,0.00553077
7,0.420889,0.418374,0.00469311
8,0.397882,0.415813,0.00480421
9,0.406327,0.414759,0.00436603
10,0.427408,0.416024,0.00410484
11,0.430271,0.417319,0.0039324
12,0.414815,0.41711,0.00359584
13,0.413452,0.416829,0.00331964
14,0.410035,0.416344,0.00311146
15,0.406857,0.415711,0.00296485
16,0.413278,0.415559,0.00277753
17,0.420778,0.415866,0.00262704
18,0.425065,0.416377,0.00252897
19,0.410126,0.416048,0.00241469
20,0.417141,0.416103,0.00229143
1,0.416181,0.416181,0
2,0.433352,0.424767,0.00858525
3,0.407048,0.41886,0.00771062
4,0.445815,0.425599,0.00866808
5,0.448615,0.430202,0.00814072
6,0.419186,0.428366,0.00689579
7,0.43328,0.429068,0.00587012
8,0.394531,0.424751,0.00666946
9,0.443553,0.42684,0.00624191
10,0.429541,0.42711,0.00558947
11,0.453162,0.429479,0.00558307
12,0.432731,0.42975,0.00510382
13,0.419819,0.428986,0.00475658
14,0.42273,0.428539,0.00442635
15,0.43024,0.428652,0.00412227
16,0.420207,0.428124,0.00389198
17,0.452676,0.429569,0.0039308
18,0.418648,0.428962,0.00375532
19,0.424852,0.428746,0.00355876
20,0.420407,0.428329,0.00340178
1,0.444591,0.444591,0
2,0.459282,0.451937,0.0073455
3,0.45003,0.451301,0.00428832
4,0.439758,0.448415,0.00418605
5,0.458698,0.450472,0.00383964
6,0.440994,0.448892,0.00351056
7,0.453785,0.449591,0.0030482
8,0.420222,0.44592,0.00452169
9,0.447155,0.446057,0.00399012
10,0.445708,0.446022,0.00356904
11,0.443261,0.445771,0.00323806
12,0.44336,0.44557,0.00296276
13,0.424553,0.443954,0.0031688
14,0.441793,0.443799,0.0029378
15,0.447964,0.444077,0.002749
16,0.431157,0.443269,0.00269526
17,0.444347,0.443333,0.00253255
18,0.44425,0.443384,0.00238826
19,0.438512,0.443127,0.00227357
20,0.430301,0.442486,0.00225022
1,0.437688,0.437688,0
2,0.461773,0.44973,0.0120424
3,0.435306,0.444922,0.00845327
4,0.476445,0.452803,0.00989108
5,0.440455,0.450333,0.00804974
6,0.43442,0.447681,0.00708757
7,0.472543,0.451233,0.00696391
8,0.430264,0.448612,0.00657587
9,0.464105,0.450333,0.00604948
10,0.455198,0.45082,0.00543264
11,0.455163,0.451214,0.00492984
12,0.437707,0.450089,0.00463894
13,0.431096,0.448628,0.00451037
14,0.432385,0.447468,0.00433397
15,0.448669,0.447548,0.0040355
16,0.480894,0.449632,0.00431199
17,0.448731,0.449579,0.00405075
18,0.432445,0.448627,0.00393593
19,0.43948,0.448146,0.00375402
20,0.44688,0.448082,0.00356193
1,0.425446,0.425446,0
2,0.438519,0.431982,0.00653641
3,0.469489,0.444484,0.0130595
4,0.500238,0.458423,0.0167199
5,0.414985,0.449735,0.0155951
6,0.42857,0.446208,0.0132129
7,0.451142,0.446913,0.0111892
8,0.430417,0.444851,0.00990708
9,0.472265,0.447897,0.00925296
10,0.44133,0.44724,0.00830212
11,0.449622,0.447457,0.00751267
12,0.432004,0.446169,0.00697795
13,0.425587,0.444586,0.00661116
14,0.468472,0.446292,0.00635409
15,0.43274,0.445388,0.00598394
16,0.407109,0.442996,0.00608731
17,0.428326,0.442133,0.00578278
18,0.450105,0.442576,0.00547002
19,0.453953,0.443175,0.00520865
20,0.467252,0.444378,0.0050859
1,0.448425,0.448425,0
2,0.449572,0.448998,0.000573182
3,0.433819,0.443938,0.00507078
4,0.426589,0.439601,0.00562747
5,0.435324,0.438746,0.00444216
6,0.479728,0.445576,0.00773365
7,0.433554,0.443859,0.006758
8,0.406648,0.439207,0.00747585
9,0.450877,0.440504,0.00671937
10,0.438215,0.440275,0.00601435
11,0.444525,0.440661,0.00545388
12,0.450724,0.4415,0.00504881
13,0.425108,0.440239,0.00481236
14,0.390728,0.436702,0.00568835
15,0.449036,0.437525,0.00535902
16,0.412976,0.43599,0.00524244
17,0.439101,0.436173,0.00492781
18,0.437787,0.436263,0.00464685
19,0.40247,0.434484,0.0047417
20,0.446318,0.435076,0.00453712
1,0.402329,0.402329,0
2,0.415734,0.409031,0.00670265
3,0.381559,0.399874,0.00994159
4,0.4099,0.40238,0.00746322
5,0.436766,0.409257,0.00898414
6,0.437998,0.414048,0.00876102
7,0.456112,0.420057,0.00953601
8,0.390105,0.416313,0.00906747
9,0.392878,0.413709,0.00841001
10,0.437342,0.416072,0.00788466
11,0.400837,0.414687,0.00726518
12,0.421391,0.415246,0.00665566
13,0.409526,0.414806,0.00613811
14,0.395824,0.41345,0.00584229
15,0.414509,0.413521,0.00543933
16,0.431248,0.414629,0.00520727
17,0.435278,0.415843,0.00503994
18,0.380611,0.413886,0.00513906
19,0.379009,0.41205,0.0051961
20,0.389797,0.410938,0.00505346
1,0.39143,0.39143,0
2,0.255418,0.323424,0.0680056
3,0.321014,0.322621,0.0392713
4,0.328978,0.32421,0.0278144
5,0.352164,0.329801,0.0222585
6,0.38336,0.338727,0.0202479
7,0.366177,0.342649,0.0175562
8,0.327878,0.340802,0.0153158
9,0.302481,0.336544,0.0141625
10,0.342129,0.337103,0.0126796
11,0.322557,0.335781,0.0115451
12,0.356289,0.33749,0.0106769
13,0.350127,0.338462,0.00986929
14,0.384819,0.341773,0.00971866
15,0.302796,0.339175,0.00941332
16,0.319739,0.33796,0.00888874
17,0.372129,0.33997,0.00858803
18,0.278208,0.336539,0.0087939
19,0.292375,0.334214,0.00863685
20,0.276344,0.331321,0.00868954
