1,0.202517,0.202517,0
2,0.195847,0.199182,0.00333519
3,0.207455,0.20194,0.00336327
4,0.194038,0.199964,0.00309167
5,0.203364,0.200644,0.00248949
6,0.202373,0.200932,0.00205297
7,0.198373,0.200567,0.00177318
8,0.198652,0.200327,0.00155416
9,0.196323,0.199882,0.00144104
10,0.199202,0.199814,0.0012907
11,0.198121,0.19966,0.0011776
12,0.199554,0.199651,0.00107503
13,0.196834,0.199435,0.00101235
14,0.19579,0.199174,0.000972747
15,0.198959,0.19916,0.000905691
16,0.203867,0.199454,0.000896828
17,0.194875,0.199185,0.000884436
18,0.19692,0.199059,0.000843293
19,0.199194,0.199066,0.000797707
20,0.198458,0.199036,0.000757382
1,0.216748,0.216748,0
2,0.214145,0.215446,0.00130175
3,0.216119,0.215671,0.000784323
4,0.20825,0.213815,0.00193631
5,0.216354,0.214323,0.00158347
6,0.209485,0.213517,0.00152379
7,0.209341,0.21292,0.0014193
8,0.207379,0.212227,0.0014109
9,0.209048,0.211874,0.00129347
10,0.208384,0.211525,0.00120842
11,0.209539,0.211345,0.00110787
12,0.210912,0.211309,0.00101199
13,0.211475,0.211321,0.00093098
14,0.208587,0.211126,0.000883776
15,0.21056,0.211088,0.000823615
16,0.211299,0.211101,0.000770534
17,0.211756,0.21114,0.000724813
18,0.211773,0.211175,0.000684265
19,0.214416,0.211346,0.000669342
20,0.213518,0.211454,0.000644213
1,0.224903,0.224903,0
2,0.221422,0.223163,0.00174071
3,0.225834,0.224053,0.00134286
4,0.22196,0.22353,0.00108413
5,0.222978,0.223419,0.000847002
6,0.22503,0.223688,0.000741811
7,0.223426,0.22365,0.000628063
8,0.218706,0.223032,0.000823287
9,0.222678,0.222993,0.000727136
10,0.222328,0.222926,0.000653764
11,0.222885,0.222923,0.000591364
12,0.21947,0.222635,0.000611725
13,0.225453,0.222852,0.000603017
14,0.22313,0.222872,0.00055864
15,0.224263,0.222964,0.000528276
16,0.222112,0.222911,0.000497019
17,0.220536,0.222771,0.000487328
18,0.222015,0.222729,0.000461374
19,0.223446,0.222767,0.000438044
20,0.224605,0.222859,0.0004256
1,0.231876,0.231876,0
2,0.241154,0.236515,0.00463881
3,0.236842,0.236624,0.00268044
4,0.237661,0.236883,0.001913
5,0.244927,0.238492,0.00218723
6,0.23798,0.238407,0.0017879
7,0.236753,0.23817,0.00152941
8,0.233034,0.237528,0.00147189
9,0.238159,0.237598,0.00129998
10,0.22867,0.236706,0.00146597
11,0.239077,0.236921,0.00134343
12,0.234872,0.23675,0.00123821
13,0.236657,0.236743,0.00113901
14,0.236002,0.23669,0.00105585
15,0.242816,0.237099,0.00106439
16,0.235584,0.237004,0.00100014
17,0.238806,0.23711,0.000945421
18,0.229772,0.236702,0.00098015
19,0.232965,0.236506,0.000947765
20,0.240784,0.23672,0.000924227
1,0.250331,0.250331,0
2,0.25022,0.250276,5.5493e-05
3,0.248053,0.249535,0.000741527
4,0.250797,0.24985,0.000611949
5,0.258148,0.25151,0.00172596
6,0.253703,0.251876,0.00145585
7,0.248168,0.251346,0.00133955
8,0.247905,0.250916,0.00123728
9,0.252974,0.251144,0.00111489
10,0.250594,0.251089,0.000998702
11,0.250108,0.251,0.000907757
12,0.255419,0.251368,0.000906798
13,0.246124,0.250965,0.000926565
14,0.244898,0.250532,0.000961068
15,0.251968,0.250627,0.000899812
16,0.255322,0.250921,0.000891381
17,0.251709,0.250967,0.000838589
18,0.24354,0.250555,0.000891831
19,0.248391,0.250441,0.000851238
20,0.254866,0.250662,0.000837317
1,0.267987,0.267987,0
2,0.262293,0.26514,0.00284692
3,0.268314,0.266198,0.00195473
4,0.267769,0.266591,0.0014369
5,0.274696,0.268212,0.00196641
6,0.268081,0.26819,0.00160572
7,0.262043,0.267312,0.00161638
8,0.268912,0.267512,0.00141405
9,0.272028,0.268014,0.00134426
10,0.274728,0.268685,0.00137712
11,0.267632,0.268589,0.00124932
12,0.272258,0.268895,0.00118073
13,0.261542,0.26833,0.00122455
14,0.271468,0.268554,0.00115567
15,0.269307,0.268604,0.00107704
16,0.275085,0.269009,0.00108587
17,0.277952,0.269535,0.00114768
18,0.269722,0.269545,0.00108209
19,0.266141,0.269366,0.00103912
20,0.272165,0.269506,0.000995675
1,0.291371,0.291371,0
2,0.276257,0.283814,0.00755715
3,0.287009,0.284879,0.00449118
4,0.281192,0.283957,0.00330678
5,0.28922,0.28501,0.00276924
6,0.284479,0.284921,0.0022628
7,0.286192,0.285103,0.00192101
8,0.288,0.285465,0.00170259
9,0.281857,0.285064,0.00155415
10,0.283963,0.284954,0.00139443
11,0.281506,0.28464,0.00129967
12,0.286022,0.284756,0.001192
13,0.285039,0.284777,0.0010967
14,0.279645,0.284411,0.00107951
15,0.28959,0.284756,0.00106263
16,0.291929,0.285204,0.00109043
17,0.285071,0.285197,0.00102431
18,0.288686,0.28539,0.000984987
19,0.287145,0.285483,0.000936267
20,0.286657,0.285541,0.000890161
1,0.291579,0.291579,0
2,0.304329,0.297954,0.00637507
3,0.302768,0.299559,0.00401525
4,0.30375,0.300607,0.00302641
5,0.307698,0.302025,0.00273991
6,0.296218,0.301057,0.00243748
7,0.307648,0.301999,0.00226503
8,0.310548,0.303067,0.00223378
9,0.296702,0.30236,0.00209313
10,0.297504,0.301874,0.0019341
11,0.312239,0.302817,0.00198707
12,0.312343,0.303611,0.00198003
13,0.305259,0.303737,0.00182578
14,0.314711,0.304521,0.00186325
15,0.29777,0.304071,0.00179204
16,0.316315,0.304836,0.0018427
17,0.305088,0.304851,0.00173098
18,0.30282,0.304738,0.00163588
19,0.307245,0.30487,0.001553
20,0.306323,0.304943,0.0014751
1,0.30766,0.30766,0
2,0.325342,0.316501,0.00884099
3,0.32404,0.319014,0.00568938
4,0.31896,0.319001,0.00402303
5,0.327161,0.320633,0.00351768
6,0.322909,0.321012,0.00289713
7,0.314013,0.320012,0.00264484
8,0.32612,0.320776,0.00241438
9,0.322109,0.320924,0.00213443
10,0.313495,0.320181,0.00204856
11,0.320205,0.320183,0.00185299
12,0.317194,0.319934,0.00170978
13,0.323045,0.320173,0.00159088
14,0.323117,0.320384,0.0014878
15,0.318496,0.320258,0.00139077
16,0.337248,0.32132,0.0016793
17,0.325031,0.321538,0.00159246
18,0.317976,0.32134,0.00151437
19,0.321525,0.32135,0.00143249
20,0.320638,0.321314,0.00135944
1,0.34156,0.34156,0
2,0.341174,0.341367,0.000193313
3,0.345787,0.34284,0.00147748
4,0.342751,0.342818,0.00104497
5,0.337996,0.341854,0.00125901
6,0.348718,0.342998,0.00153802
7,0.341749,0.342819,0.00131205
8,0.343252,0.342873,0.00113756
9,0.343416,0.342934,0.00100504
10,0.322481,0.340889,0.0022341
11,0.350008,0.341718,0.00218427
12,0.348677,0.342298,0.00207658
13,0.357246,0.343447,0.00222958
14,0.341414,0.343302,0.00206929
15,0.346859,0.343539,0.00194095
16,0.337927,0.343189,0.00184916
17,0.343523,0.343208,0.0017371
18,0.340182,0.34304,0.00164635
19,0.346036,0.343198,0.00156526
20,0.336425,0.342859,0.00152305
1,0.363037,0.363037,0
2,0.362054,0.362545,0.00049138
3,0.364692,0.363261,0.000769678
4,0.371914,0.365424,0.00223061
5,0.36258,0.364855,0.00181906
6,0.361662,0.364323,0.00157775
7,0.359632,0.363653,0.00149235
8,0.360775,0.363293,0.00134155
9,0.361753,0.363122,0.00119546
10,0.352851,0.362095,0.00148263
11,0.371982,0.362994,0.00161444
12,0.363308,0.36302,0.00147401
13,0.36755,0.363368,0.00139996
14,0.366887,0.36362,0.00132025
15,0.365198,0.363725,0.00123358
16,0.36289,0.363673,0.00115508
17,0.364759,0.363737,0.00108689
18,0.371338,0.364159,0.00110835
19,0.3626,0.364077,0.0010516
20,0.360097,0.363878,0.00101728
1,0.384122,0.384122,0
2,0.381053,0.382587,0.00153445
3,0.381859,0.382345,0.000918527
4,0.379539,0.381643,0.000956012
5,0.3832,0.381954,0.000803329
6,0.38444,0.382369,0.000775758
7,0.405264,0.385639,0.00333586
8,0.39305,0.386566,0.00303383
9,0.384977,0.386389,0.00268141
10,0.383658,0.386116,0.00241383
11,0.402459,0.387602,0.00264093
12,0.371248,0.386239,0.00276936
13,0.401496,0.387413,0.0028048
14,0.373472,0.386417,0.00278112
15,0.38658,0.386428,0.00258911
16,0.392981,0.386837,0.00245628
17,0.395149,0.387326,0.0023585
18,0.372038,0.386477,0.0023803
19,0.37378,0.385809,0.00234861
20,0.392388,0.386138,0.00225224
1,0.413401,0.413401,0
2,0.40719,0.410295,0.00310549
3,0.391292,0.403961,0.0065834
4,0.428302,0.410046,0.0076616
5,0.412682,0.410573,0.00595801
6,0.411422,0.410715,0.00486675
7,0.392535,0.408118,0.00486449
8,0.407355,0.408022,0.00421385
9,0.407506,0.407965,0.00371671
10,0.40974,0.408142,0.00332906
11,0.418862,0.409117,0.00316501
12,0.397502,0.408149,0.00304707
13,0.42878,0.409736,0.00322099
14,0.402764,0.409238,0.00302335
15,0.417626,0.409797,0.0028696
16,0.410226,0.409824,0.0026844
17,0.417259,0.410261,0.0025592
18,0.408664,0.410173,0.00241447
19,0.403678,0.409831,0.0023093
20,0.401045,0.409392,0.0022344
1,0.423428,0.423428,0
2,0.45365,0.438539,0.015111
3,0.400134,0.425738,0.0154919
4,0.42135,0.424641,0.0110092
5,0.43979,0.427671,0.00904995
6,0.433323,0.428613,0.00744906
7,0.441017,0.430385,0.00654024
8,0.4121,0.428099,0.00610776
9,0.422978,0.42753,0.00541651
10,0.430279,0.427805,0.00485247
11,0.444486,0.429321,0.0046438
12,0.419169,0.428475,0.00432279
13,0.443699,0.429646,0.00414523
14,0.42195,0.429097,0.00387691
15,0.431247,0.42924,0.00361206
16,0.42661,0.429076,0.00338276
17,0.435887,0.429476,0.00320271
18,0.432852,0.429664,0.00302536
19,0.422229,0.429272,0.00288834
20,0.431765,0.429397,0.00274295
1,0.440667,0.440667,0
2,0.447293,0.44398,0.0033129
3,0.425853,0.437938,0.00633785
4,0.497028,0.45271,0.0154373
5,0.454479,0.453064,0.0119629
6,0.422804,0.448021,0.0109929
7,0.467821,0.450849,0.00971176
8,0.447212,0.450395,0.00842291
9,0.442564,0.449525,0.00747909
10,0.461174,0.45069,0.00679017
11,0.459179,0.451461,0.00619024
12,0.444279,0.450863,0.0056825
13,0.461101,0.45165,0.00528613
14,0.454432,0.451849,0.00489803
15,0.425001,0.450059,0.00489853
16,0.464874,0.450985,0.00467476
17,0.451866,0.451037,0.00439148
18,0.453815,0.451191,0.0041432
19,0.459386,0.451623,0.00394274
20,0.447074,0.451395,0.00374732
1,0.445552,0.445552,0
2,0.467655,0.456604,0.0110515
3,0.468509,0.460572,0.00751404
4,0.478449,0.465041,0.00694293
5,0.499989,0.472031,0.00881913
6,0.471315,0.471912,0.00720178
7,0.498254,0.475675,0.00715602
8,0.475218,0.475618,0.00619756
9,0.499734,0.478297,0.00608722
10,0.477854,0.478253,0.00544476
11,0.490671,0.479382,0.00505269
12,0.46014,0.477778,0.00488324
13,0.477646,0.477768,0.00449194
14,0.441933,0.475208,0.0048833
15,0.462712,0.474375,0.00462182
16,0.47313,0.474298,0.00432402
17,0.485005,0.474927,0.00411025
18,0.478105,0.475104,0.0038792
19,0.445404,0.473541,0.00398844
20,0.459236,0.472826,0.00385078
1,0.50001,0.50001,0
2,0.495079,0.497545,0.00246517
3,0.476439,0.490509,0.00717769
4,0.50694,0.494617,0.0065293
5,0.493433,0.49438,0.00506312
6,0.574364,0.507711,0.013957
7,0.525329,0.510228,0.0120613
8,0.492485,0.50801,0.0106783
9,0.524452,0.509837,0.0095929
10,0.498767,0.50873,0.00865126
11,0.559543,0.513349,0.00908706
12,0.511534,0.513198,0.00829669
13,0.472863,0.510095,0.00823844
14,0.480012,0.507946,0.00792421
15,0.469604,0.50539,0.00780734
16,0.481741,0.503912,0.00745117
17,0.516001,0.504623,0.00703519
18,0.509859,0.504914,0.00663922
19,0.491023,0.504183,0.00632248
20,0.498719,0.50391,0.00600426
1,0.52037,0.52037,0
2,0.553064,0.536717,0.0163471
3,0.532213,0.535216,0.00955667
4,0.545314,0.53774,0.00721377
5,0.504767,0.531146,0.0086437
6,0.546705,0.533739,0.00751893
7,0.568744,0.53874,0.00808637
8,0.538991,0.538771,0.00700308
9,0.593582,0.544861,0.00867379
10,0.525343,0.542909,0.00799983
11,0.531925,0.541911,0.0073047
12,0.53589,0.541409,0.0066871
13,0.538445,0.541181,0.00615546
14,0.480286,0.536831,0.00716913
15,0.529152,0.536319,0.0066937
16,0.529902,0.535918,0.00627421
17,0.545006,0.536453,0.00591779
18,0.548723,0.537135,0.00562083
19,0.517309,0.536091,0.0054182
20,0.529688,0.535771,0.00515011
1,0.466479,0.466479,0
2,0.512725,0.489602,0.0231231
3,0.512965,0.49739,0.0154554
4,0.507879,0.500012,0.0112388
5,0.512015,0.502413,0.00903049
6,0.493907,0.500995,0.00750839
7,0.504599,0.50151,0.0063666
8,0.544041,0.506826,0.00765923
9,0.547647,0.511362,0.00813631
10,0.56793,0.517019,0.00921736
11,0.518524,0.517156,0.00833854
12,0.498894,0.515634,0.00776263
13,0.541134,0.517595,0.0074051
14,0.468143,0.514063,0.00771225
15,0.539113,0.515733,0.00737137
16,0.542288,0.517393,0.00709221
17,0.514509,0.517223,0.00666413
18,0.481319,0.515228,0.00659204
19,0.537595,0.516406,0.00634559
20,0.518972,0.516534,0.00602132
1,0.463736,0.463736,0
2,0.470082,0.466909,0.00317348
3,0.394722,0.442847,0.024132
4,0.46177,0.447577,0.0177076
5,0.452572,0.448576,0.0137526
6,0.486597,0.454913,0.0128936
7,0.425753,0.450748,0.0116661
8,0.500525,0.45697,0.0118655
9,0.414457,0.452246,0.0114811
10,0.542422,0.461264,0.0136664
11,0.319391,0.448366,0.017865
12,0.410586,0.445218,0.0166096
13,0.505195,0.449831,0.0159599
14,0.39058,0.445599,0.0153702
15,0.51094,0.449955,0.0149573
16,0.407871,0.447325,0.0142363
17,0.483703,0.449465,0.0135428
18,0.401481,0.446799,0.0130436
19,0.452476,0.447098,0.0123416
20,0.419131,0.445699,0.0117915
1,0.227635,0.227635,0
2,0.29549,0.261563,0.0339277
3,0.252859,0.258661,0.0198018
4,0.254407,0.257598,0.0140424
5,0.358304,0.277739,0.0228906
6,0.311049,0.283291,0.0194972
7,0.300476,0.285746,0.01666
8,0.226262,0.27831,0.0162312
9,0.338498,0.284998,0.0157997
10,0.307706,0.287269,0.014313
11,0.179627,0.277483,0.0162287
12,0.345149,0.283122,0.0158516
13,0.305213,0.284821,0.01468
14,0.290838,0.285251,0.0135979
15,0.407835,0.293423,0.0150677
16,0.186729,0.286755,0.0155924
17,0.199256,0.281608,0.0155245
18,0.25905,0.280355,0.0146902
19,0.275619,0.280105,0.0138978
20,0.303269,0.281264,0.0132354
