           1   -0.229491   -0.229491           0
           2   -0.345738   -0.287615   0.0410995
           3   -0.349586   -0.308272   0.0321748
           4   -0.337937   -0.315688   0.0249712
           5   -0.385994   -0.329749   0.0236062
           6   -0.374314   -0.337177   0.0208075
           7   -0.384439   -0.343929   0.0188987
           8    -0.47464   -0.360267   0.0225176
           9   -0.397989   -0.364459    0.020402
          10    -0.35467    -0.36348   0.0183852
          11   -0.390263   -0.365915   0.0168743
          12   -0.458959   -0.373668   0.0171573
          13   -0.375207   -0.373787   0.0158379
          14    -0.39351   -0.375196   0.0147691
          15   -0.426105    -0.37859   0.0141691
          16   -0.411158   -0.380625    0.013429
          17   -0.367101   -0.379829   0.0126626
          18   -0.344479   -0.377866   0.0121105
          19   -0.376759   -0.377807   0.0114732
          20   -0.374684   -0.377651   0.0109006
          21   -0.310097   -0.374434   0.0108458
          22   -0.331339   -0.372475   0.0105282
          23    -0.35382   -0.371664   0.0101017
          24   -0.387971   -0.372344  0.00970359
          25   -0.406442   -0.373708  0.00941081
          26   -0.445699   -0.376477  0.00944742
          27   -0.422601   -0.378185  0.00925067
          28   -0.501441   -0.382587  0.00991248
          29   -0.475201    -0.38578    0.010072
          30   -0.380176   -0.385594    0.009738
          31   -0.482883   -0.388732   0.0099167
          32   -0.350702   -0.387544  0.00967775
          33   -0.384317   -0.387446  0.00938498
          34    -0.43332   -0.388795  0.00920543
          35   -0.460011    -0.39083  0.00916454
          36    -0.45483   -0.392608  0.00908076
          37   -0.380634   -0.392284   0.0088411
          38   -0.445194   -0.393676  0.00871739
          39   -0.468741   -0.395601  0.00870376
          40    -0.44299   -0.396786  0.00856642
          41   -0.459959   -0.398327  0.00849492
          42   -0.434347   -0.399184  0.00833584
          43    -0.55204   -0.402739  0.00886761
          44   -0.435889   -0.403492  0.00869802
          45   -0.386231   -0.403109  0.00851319
          46    -0.36746   -0.402334  0.00836332
          47   -0.381182   -0.401884  0.00819747
          48   -0.407744   -0.402006   0.0080276
          49   -0.349776    -0.40094  0.00793423
          50    -0.35175   -0.399956   0.0078363
          51   -0.520797   -0.402326  0.00803288
          52   -0.488314   -0.403979  0.00804681
          53   -0.479031   -0.405395  0.00801861
          54   -0.474129   -0.406668   0.0079705
          55   -0.377268   -0.406134  0.00784349
          56   -0.475344   -0.407369  0.00780019
          57   -0.428264   -0.407736  0.00767195
          58   -0.363355   -0.406971  0.00757774
          59   -0.425953   -0.407293  0.00745613
          60   -0.382538    -0.40688  0.00734327
          61   -0.375669   -0.406368  0.00724069
          62   -0.403818   -0.406327  0.00712402
          63   -0.408791   -0.406366  0.00701105
          64   -0.341389   -0.405351  0.00697462
          65   -0.347767   -0.404465  0.00692336
          66   -0.355177   -0.403718  0.00685861
          67   -0.361683   -0.403091  0.00678488
          68   -0.376697   -0.402703   0.0066962
          69   -0.385825   -0.402458  0.00660362
          70   -0.385218   -0.402212  0.00651387
          71   -0.366537   -0.401709  0.00644148
          72    -0.38435   -0.401468  0.00635652
          73   -0.375865   -0.401118  0.00627911
          74   -0.371284   -0.400715  0.00620719
          75    -0.40884   -0.400823  0.00612537
          76   -0.473501   -0.401779  0.00611897
          77   -0.493042   -0.402964  0.00615322
          78    -0.48719   -0.404044  0.00616835
          79   -0.427677   -0.404343  0.00609752
          80   -0.442952   -0.404826  0.00604037
          81   -0.505602    -0.40607  0.00609258
          82   -0.451416   -0.406623  0.00604332
          83   -0.437062    -0.40699  0.00598163
          84   -0.425554   -0.407211   0.0059145
          85   -0.384791   -0.406947   0.0058508
          86    -0.44581   -0.407399  0.00580019
          87   -0.517892   -0.408669  0.00587092
          88   -0.448059   -0.409117  0.00582124
          89   -0.505478   -0.410199  0.00585566
          90   -0.483731   -0.411016  0.00584732
          91   -0.486657   -0.411848  0.00584184
          92    -0.41201   -0.411849  0.00577835
          93   -0.410042    -0.41183  0.00571625
          94   -0.466145   -0.412408  0.00568456
          95   -0.427157   -0.412563  0.00562685
          96   -0.379416   -0.412218  0.00557882
          97   -0.378248   -0.411867  0.00553228
          98   -0.362533   -0.411364  0.00549869
          99   -0.338703    -0.41063  0.00549191
         100   -0.415898   -0.410683  0.00543724
         101   -0.357069   -0.410152  0.00540926
         102   -0.322057   -0.409288  0.00542474
         103   -0.321051   -0.408432  0.00543929
         104   -0.387124   -0.408227  0.00539085
         105    -0.31059   -0.407297  0.00541911
         106   -0.468417   -0.407873  0.00539858
         107   -0.517772   -0.408901  0.00544495
         108   -0.446449   -0.409248  0.00540562
         109   -0.470323   -0.409809  0.00538499
         110   -0.390249   -0.409631  0.00533897
         111   -0.468605   -0.410162  0.00531724
         112    -0.44756   -0.410496  0.00528024
         113   -0.454154   -0.410882  0.00524763
         114   -0.357546   -0.410414  0.00522241
         115   -0.343981   -0.409837  0.00520885
         116   -0.370199   -0.409495  0.00517514
         117   -0.378164   -0.409227  0.00513784
         118   -0.365788   -0.408859  0.00510747
         119   -0.370401   -0.408536  0.00507476
         120    -0.45173   -0.408896  0.00504522
         121    -0.34603   -0.408376   0.0050302
         122    -0.42607   -0.408521  0.00499106
         123   -0.418756   -0.408605  0.00495118
         124   -0.438903   -0.408849  0.00491728
         125   -0.320023   -0.408138  0.00492902
         126   -0.371895   -0.407851  0.00489828
         127   -0.469926   -0.408339  0.00488404
         128   -0.492399   -0.408996  0.00488984
         129   -0.519058   -0.409849   0.0049258
         130    -0.54003   -0.410851  0.00498866
         131   -0.416323   -0.410893  0.00495075
         132   -0.409277    -0.41088  0.00491326
         133   -0.489499   -0.411471  0.00491175
         134   -0.436746    -0.41166  0.00487872
         135   -0.419065   -0.411715  0.00484289
         136   -0.365587   -0.411376  0.00481914
         137   -0.416439   -0.411413  0.00478411
         138   -0.454395   -0.411724  0.00475957
         139   -0.468864   -0.412135  0.00474304
         140   -0.435776   -0.412304  0.00471217
         141   -0.379835   -0.412074  0.00468437
         142   -0.352946   -0.411657  0.00466986
         143   -0.398016   -0.411562  0.00463817
         144   -0.431424     -0.4117  0.00460801
         145   -0.365532   -0.411382  0.00458722
         146   -0.382584   -0.411184  0.00456004
         147   -0.419547   -0.411241  0.00452938
         148   -0.383845   -0.411056  0.00450255
         149   -0.344303   -0.410608  0.00449457
         150   -0.389337   -0.410466  0.00446684
         151   -0.440153   -0.410663  0.00444158
         152   -0.387236   -0.410509  0.00441504
         153   -0.375089   -0.410277  0.00439224
         154   -0.361365    -0.40996  0.00437519
         155   -0.421873   -0.410036  0.00434764
         156   -0.431737   -0.410176  0.00432199
         157   -0.447979   -0.410416  0.00430117
         158   -0.480318   -0.410859  0.00429664
         159   -0.421243   -0.410924  0.00427011
         160   -0.485978   -0.411393  0.00426911
         161   -0.444265   -0.411597  0.00424747
         162   -0.431115   -0.411718  0.00422296
         163   -0.462131   -0.412027  0.00420837
         164   -0.425179   -0.412107  0.00418347
         165   -0.422228   -0.412169  0.00415856
         166   -0.437956   -0.412324  0.00413641
         167   -0.409537   -0.412307  0.00411168
         168   -0.502784   -0.412846  0.00412232
         169   -0.476122    -0.41322   0.0041149
         170   -0.396265   -0.413121   0.0040919
         171   -0.356662    -0.41279  0.00408127
         172    -0.37415   -0.412566  0.00406372
         173   -0.364086   -0.412285  0.00404988
         174   -0.388034   -0.412146  0.00402901
         175   -0.344477   -0.411759   0.0040245
         176   -0.403514   -0.411713   0.0040019
         177   -0.403414   -0.411666  0.00397957
         178   -0.374801   -0.411459  0.00396259
         179    -0.39255   -0.411353  0.00394187
         180   -0.398711   -0.411283  0.00392059
         181   -0.509871   -0.411827  0.00393659
         182   -0.373372   -0.411616  0.00392062
         183   -0.372566   -0.411403    0.003905
         184   -0.388847    -0.41128   0.0038857
         185   -0.419891   -0.411327  0.00386498
         186   -0.448974   -0.411529  0.00384949
         187   -0.421475   -0.411582  0.00382928
         188   -0.399584   -0.411518  0.00380944
         189   -0.422396   -0.411576  0.00378972
         190   -0.428715   -0.411666  0.00377085
         191   -0.403254   -0.411622  0.00375136
         192   -0.510326   -0.412136  0.00376688
         193   -0.394265   -0.412044   0.0037485
         194   -0.412653   -0.412047  0.00372918
         195   -0.410555   -0.412039  0.00371006
         196   -0.448893   -0.412227   0.0036959
         197   -0.463783   -0.412489  0.00368639
         198   -0.456252    -0.41271  0.00367439
         199   -0.441107   -0.412853   0.0036587
         200   -0.561352   -0.413595  0.00371498
         201   -0.526228   -0.414155  0.00373852
         202   -0.539406   -0.414776  0.00377108
         203   -0.538231   -0.415384  0.00380123
         204   -0.468128   -0.415642  0.00379138
         205   -0.483844   -0.415975  0.00378745
         206   -0.611599   -0.416925   0.0038863
         207   -0.457726   -0.417122  0.00387252
         208   -0.447989    -0.41727  0.00385674
         209   -0.463888   -0.417493  0.00384473
         210   -0.484265   -0.417811  0.00383955
         211   -0.427496   -0.417857  0.00382163
         212    -0.42768   -0.417903  0.00380388
         213   -0.422247   -0.417924  0.00378608
         214   -0.396372   -0.417823  0.00376972
         215   -0.394796   -0.417716  0.00375371
         216   -0.421943   -0.417735  0.00373638
         217   -0.466527    -0.41796  0.00372593
         218   -0.449999   -0.418107  0.00371173
         219   -0.527627   -0.418607  0.00372832
         220   -0.517051   -0.419055  0.00373813
         221   -0.463075   -0.419254  0.00372652
         222   -0.383993   -0.419095  0.00371311
         223   -0.371041    -0.41888  0.00370271
         224   -0.355823   -0.418598  0.00369687
         225    -0.38049   -0.418429  0.00368431
         226   -0.432734   -0.418492  0.00366856
         227   -0.439731   -0.418586  0.00365359
         228     -0.3945    -0.41848  0.00363909
         229   -0.415161   -0.418466  0.00362323
         230   -0.438751   -0.418554  0.00360855
         231   -0.375957   -0.418369  0.00359763
         232   -0.429355   -0.418417  0.00358244
         233    -0.54572   -0.418963  0.00360849
         234    -0.51733   -0.419383  0.00361747
         235   -0.521434   -0.419818  0.00362805
         236   -0.516767   -0.420228  0.00363586
         237   -0.465204   -0.420418  0.00362546
         238   -0.463938   -0.420601  0.00361484
         239   -0.433574   -0.420655  0.00360012
         240   -0.457774    -0.42081  0.00358844
         241   -0.451833   -0.420939  0.00357586
         242   -0.396377   -0.420837  0.00356253
         243   -0.405531   -0.420774  0.00354842
         244   -0.409902    -0.42073  0.00353416
         245   -0.433854   -0.420783  0.00352014
         246   -0.435226   -0.420842  0.00350632
         247   -0.447969   -0.420952  0.00349384
         248    -0.42217   -0.420957  0.00347976
         249   -0.371782   -0.420759  0.00347138
         250   -0.492309   -0.421045  0.00346928
         251   -0.448686   -0.421156   0.0034572
         252   -0.420622   -0.421153  0.00344348
         253    -0.38042   -0.420992  0.00343363
         254    -0.38544   -0.420852  0.00342297
         255   -0.370626   -0.420656  0.00341521
         256   -0.403137   -0.420587  0.00340255
         257   -0.435397   -0.420645   0.0033898
         258   -0.445268    -0.42074    0.003378
         259   -0.530277   -0.421163  0.00339133
         260   -0.492089   -0.421436  0.00338924
         261   -0.528608   -0.421847  0.00340104
         262   -0.518704   -0.422216  0.00340809
         263   -0.399136   -0.422128  0.00339626
         264   -0.365022   -0.421912  0.00339028
         265   -0.402842    -0.42184  0.00337825
         266   -0.382316   -0.421692  0.00336882
         267   -0.421732   -0.421692   0.0033562
         268   -0.509471   -0.422019  0.00335962
         269   -0.449147    -0.42212  0.00334864
         270   -0.428326   -0.422143  0.00333632
         271   -0.430093   -0.422172  0.00332414
         272   -0.456068   -0.422297  0.00331425
         273   -0.355625   -0.422053   0.0033111
         274   -0.425372   -0.422065  0.00329904
         275   -0.422953   -0.422068  0.00328704
         276   -0.405845   -0.422009  0.00327566
         277   -0.393673   -0.421907  0.00326543
         278   -0.329979   -0.421576  0.00327038
         279   -0.374834   -0.421409  0.00326295
         280    -0.41063    -0.42137  0.00325152
         281   -0.437566   -0.421428  0.00324046
         282   -0.378378   -0.421275  0.00323257
         283   -0.379628   -0.421128  0.00322449
         284   -0.401239   -0.421058   0.0032139
         285     -0.3549   -0.420826  0.00321099
         286   -0.361317   -0.420618   0.0032065
         287   -0.446236   -0.420707  0.00319657
         288   -0.382615   -0.420575  0.00318821
         289   -0.381671    -0.42044  0.00318002
         290   -0.353957   -0.420211   0.0031773
         291    -0.39131   -0.420112  0.00316794
         292   -0.369937    -0.41994  0.00316174
         293    -0.35288   -0.419711  0.00315923
         294   -0.420988   -0.419715  0.00314848
         295   -0.338758   -0.419441  0.00314975
         296   -0.335051   -0.419156  0.00315198
         297   -0.351651   -0.418929  0.00314955
         298   -0.396365   -0.418853   0.0031399
         299    -0.35648   -0.418644  0.00313632
         300   -0.282016   -0.418189  0.00315876
         301   -0.324191   -0.417877  0.00316366
         302   -0.375034   -0.417735  0.00315636
         303   -0.362069   -0.417551  0.00315129
         304   -0.381514   -0.417432  0.00314315
         305   -0.395751   -0.417361  0.00313365
         306   -0.376219   -0.417227  0.00312629
         307   -0.376165   -0.417093  0.00311897
         308   -0.418958   -0.417099  0.00310885
         309   -0.426444   -0.417129  0.00309893
         310   -0.420421    -0.41714  0.00308896
         311   -0.423579   -0.417161  0.00307909
         312   -0.412334   -0.417145  0.00306926
         313   -0.512372    -0.41745   0.0030745
         314   -0.450348   -0.417554  0.00306649
         315   -0.366812   -0.417393  0.00306098
         316   -0.402354   -0.417346  0.00305167
         317   -0.413563   -0.417334  0.00304206
         318   -0.382036   -0.417223  0.00303452
         319    -0.38129    -0.41711   0.0030271
         320   -0.365912    -0.41695  0.00302187
         321   -0.310865    -0.41662  0.00303047
         322   -0.342151   -0.416388  0.00302987
         323   -0.423473    -0.41641  0.00302057
         324   -0.409894    -0.41639  0.00301131
         325   -0.402983   -0.416349  0.00300233
         326   -0.393854    -0.41628  0.00299391
         327   -0.441633   -0.416357  0.00298576
         328   -0.429149   -0.416396  0.00297691
         329   -0.475694   -0.416577  0.00297332
         330   -0.390927   -0.416499  0.00296532
         331   -0.388262   -0.416414  0.00295759
         332   -0.366989   -0.416265  0.00295243
         333    -0.42218   -0.416282  0.00294361
         334   -0.387461   -0.416196  0.00293606
         335   -0.343403   -0.415979  0.00293533
         336   -0.353375   -0.415793   0.0029325
         337   -0.354107    -0.41561  0.00292951
         338   -0.370953   -0.415477  0.00292382
         339   -0.354382   -0.415297  0.00292074
         340   -0.425891   -0.415328  0.00291232
         341    -0.40973   -0.415312  0.00290382
         342   -0.376242   -0.415198  0.00289758
         343   -0.350668    -0.41501  0.00289523
         344   -0.421142   -0.415027  0.00288687
         345   -0.441689   -0.415105  0.00287954
         346   -0.436163   -0.415166  0.00287186
         347   -0.447454   -0.415259  0.00286509
         348   -0.441334   -0.415334  0.00285783
         349   -0.411366   -0.415322  0.00284967
         350    -0.39288   -0.415258  0.00284225
         351   -0.484522   -0.415455  0.00284099
         352    -0.46742   -0.415603  0.00283675
         353   -0.448804   -0.415697  0.00283028
         354   -0.387839   -0.415618  0.00282338
         355   -0.395869   -0.415563  0.00281597
         356   -0.373535   -0.415445  0.00281053
         357    -0.41868   -0.415454  0.00280268
         358   -0.328749   -0.415212  0.00280529
         359   -0.337002   -0.414994  0.00280592
         360    -0.37211   -0.414875  0.00280066
         361   -0.377292    -0.41477  0.00279483
         362   -0.382211    -0.41468  0.00278856
         363   -0.420835   -0.414697  0.00278093
         364   -0.404221   -0.414669  0.00277344
         365   -0.396822    -0.41462  0.00276627
         366    -0.40494   -0.414593  0.00275884
         367   -0.424628   -0.414621  0.00275146
         368   -0.401708   -0.414586   0.0027442
         369   -0.394007    -0.41453  0.00273733
         370   -0.427258   -0.414564  0.00273015
         371   -0.413165    -0.41456   0.0027228
         372   -0.364188   -0.414425  0.00271884
         373     -0.4418   -0.414498  0.00271254
         374   -0.442929   -0.414574  0.00270636
         375   -0.446065   -0.414658  0.00270044
         376   -0.404817   -0.414632  0.00269339
         377   -0.404485   -0.414605  0.00268638
         378   -0.390655   -0.414542  0.00268002
         379   -0.435208   -0.414596   0.0026735
         380   -0.425986   -0.414626  0.00266663
         381   -0.443316   -0.414702   0.0026607
         382   -0.470981   -0.414849  0.00265781
         383   -0.439178   -0.414913  0.00265163
         384   -0.477168   -0.415075  0.00264967
         385   -0.415933   -0.415077  0.00264279
         386   -0.397716   -0.415032  0.00263633
         387   -0.370724   -0.414917    0.002632
         388   -0.381013    -0.41483  0.00262667
         389   -0.390194   -0.414767  0.00262068
         390    -0.37102   -0.414655  0.00261636
         391   -0.431677   -0.414698  0.00261003
         392   -0.394314   -0.414646  0.00260389
         393   -0.420231    -0.41466   0.0025973
         394     -0.3949    -0.41461  0.00259119
         395   -0.438984   -0.414672  0.00258537
         396   -0.409313   -0.414658  0.00257887
         397   -0.384474   -0.414582   0.0025735
         398   -0.399512   -0.414544  0.00256731
         399   -0.408089   -0.414528  0.00256093
         400     -0.3835   -0.414451   0.0025557
         401   -0.340065   -0.414265  0.00255605
         402   -0.368147   -0.414151  0.00255226
         403   -0.448074   -0.414235  0.00254732
         404   -0.465389   -0.414361  0.00254416
         405   -0.378293   -0.414272  0.00253944
         406   -0.363995   -0.414148   0.0025362
         407   -0.409802   -0.414138  0.00252999
         408   -0.396365   -0.414094  0.00252416
         409   -0.435447   -0.414146  0.00251853
         410   -0.431474   -0.414189  0.00251274
         411   -0.384643   -0.414117  0.00250766
         412   -0.348276   -0.413957  0.00250666
         413   -0.364117   -0.413836  0.00250349
         414   -0.420967   -0.413853   0.0024975
         415   -0.441315    -0.41392  0.00249236
         416   -0.437206   -0.413976    0.002487
         417   -0.385468   -0.413907  0.00248198
         418   -0.461448   -0.414021  0.00247864
         419   -0.409724   -0.414011  0.00247275
         420   -0.298835   -0.413737  0.00248202
         421   -0.292222   -0.413448  0.00249285
         422   -0.345076   -0.413286   0.0024922
         423   -0.409839   -0.413278  0.00248632
         424   -0.403243   -0.413254  0.00248057
         425   -0.430627   -0.413295  0.00247507
         426   -0.375618   -0.413206  0.00247084
         427     -0.4099   -0.413199  0.00246507
         428   -0.542636   -0.413501  0.00247779
         429    -0.43645   -0.413555  0.00247259
         430   -0.408898   -0.413544  0.00246687
         431   -0.388643   -0.413486  0.00246182
         432   -0.438378   -0.413544  0.00245679
         433   -0.431997   -0.413586  0.00245149
         434   -0.355876   -0.413453  0.00244944
         435    -0.31637    -0.41323  0.00245396
         436   -0.360522   -0.413109  0.00245131
         437   -0.293749   -0.412836  0.00246087
         438   -0.322548    -0.41263  0.00246387
         439   -0.432397   -0.412675  0.00245867
         440   -0.383043   -0.412608    0.002454
         441   -0.422562    -0.41263  0.00244854
         442    -0.36435   -0.412521  0.00244544
         443   -0.327162   -0.412328   0.0024475
         444   -0.421092   -0.412348  0.00244206
         445   -0.449892   -0.412432  0.00243803
         446   -0.355719   -0.412305  0.00243588
         447    -0.42988   -0.412345  0.00243075
         448   -0.417727   -0.412357  0.00242535
         449   -0.395417   -0.412319  0.00242024
         450   -0.387257   -0.412263  0.00241551
         451   -0.487429    -0.41243  0.00241589
         452   -0.347867   -0.412287  0.00241477
         453   -0.322772   -0.412089  0.00241751
         454   -0.372584   -0.412002  0.00241375
         455   -0.367178   -0.411904  0.00241045
         456    -0.37133   -0.411815  0.00240681
         457   -0.394883   -0.411778  0.00240183
         458    -0.35467   -0.411653  0.00239982
         459   -0.372746   -0.411568  0.00239609
         460   -0.403479   -0.411551  0.00239094
         461   -0.365638   -0.411451  0.00238783
         462   -0.407509   -0.411443  0.00238267
         463   -0.382358    -0.41138  0.00237836
         464   -0.380149   -0.411313  0.00237418
         465    -0.37148   -0.411227  0.00237062
         466   -0.422083    -0.41125  0.00236565
         467   -0.371923   -0.411166  0.00236208
         468   -0.428882   -0.411204  0.00235734
         469    -0.46328   -0.411315  0.00235493
         470   -0.493811    -0.41149  0.00235645
         471   -0.437417   -0.411545  0.00235209
         472   -0.491435   -0.411715  0.00235319
         473   -0.501212   -0.411904  0.00235581
         474   -0.509737    -0.41211  0.00235986
         475   -0.477448   -0.412248   0.0023589
         476   -0.484213   -0.412399  0.00235878
         477   -0.468405   -0.412516  0.00235676
         478   -0.431268   -0.412556  0.00235215
         479   -0.474961   -0.412686  0.00235085
         480   -0.402824   -0.412665  0.00234604
         481   -0.428694   -0.412699   0.0023414
         482   -0.418347    -0.41271  0.00233657
         483   -0.457997   -0.412804  0.00233361
         484   -0.402031   -0.412782   0.0023289
         485   -0.455742   -0.412871  0.00232578
         486   -0.384734   -0.412813  0.00232171
         487   -0.410573   -0.412808  0.00231695
         488   -0.382597   -0.412746  0.00231303
         489   -0.383919   -0.412687  0.00230905
         490   -0.365522   -0.412591  0.00230635
         491   -0.429491   -0.412625   0.0023019
         492   -0.435121   -0.412671  0.00229768
         493   -0.466529    -0.41278  0.00229562
         494   -0.446446   -0.412848  0.00229198
         495    -0.39173   -0.412806  0.00228775
         496   -0.339936   -0.412659  0.00228785
         497   -0.343225   -0.412519   0.0022875
         498   -0.378452   -0.412451  0.00228393
         499   -0.388781   -0.412403  0.00227985
         500   -0.373657   -0.412326  0.00227661
         501   -0.392283   -0.412286  0.00227241
         502    -0.34592   -0.412154  0.00227173
         503   -0.411676   -0.412153  0.00226721
         504   -0.416149   -0.412161  0.00226273
         505   -0.398423   -0.412133  0.00225841
         506   -0.463238   -0.412234  0.00225621
         507   -0.488884   -0.412386  0.00225681
         508   -0.458148   -0.412476  0.00225417
         509    -0.42871   -0.412508  0.00224997
         510   -0.425636   -0.412533   0.0022457
         511   -0.470777   -0.412647   0.0022442
         512   -0.418135   -0.412658  0.00223984
         513   -0.429706   -0.412691  0.00223572
         514   -0.497214   -0.412856  0.00223741
         515   -0.497955   -0.413021  0.00223916
         516   -0.402538   -0.413001  0.00223491
         517   -0.392145    -0.41296  0.00223095
         518   -0.416959   -0.412968  0.00222666
         519   -0.427663   -0.412996  0.00222255
         520   -0.347283    -0.41287  0.00222186
         521   -0.356462   -0.412762  0.00222024
         522   -0.384668   -0.412708  0.00221664
         523   -0.354649   -0.412597  0.00221518
         524   -0.416625   -0.412605  0.00221096
         525   -0.461587   -0.412698  0.00220872
         526   -0.481582   -0.412829   0.0022084
         527   -0.469475   -0.412936  0.00220682
         528   -0.443498   -0.412994   0.0022034
         529   -0.439925   -0.413045  0.00219982
         530   -0.361312   -0.412947  0.00219784
         531   -0.375659   -0.412877  0.00219482
         532   -0.392478   -0.412839  0.00219103
         533   -0.429929   -0.412871  0.00218715
         534   -0.416835   -0.412878  0.00218307
         535   -0.358346   -0.412776  0.00218137
         536   -0.374414   -0.412705  0.00217847
         537   -0.409416   -0.412699  0.00217442
         538    -0.39478   -0.412665  0.00217064
         539   -0.375643   -0.412597   0.0021677
         540   -0.362563   -0.412504  0.00216566
         541   -0.410478     -0.4125  0.00216166
         542   -0.373608   -0.412429  0.00215886
         543    -0.29606   -0.412214   0.0021655
         544   -0.297161   -0.412003  0.00217182
         545     -0.3418   -0.411874  0.00217165
         546   -0.420086   -0.411889  0.00216773
         547   -0.442363   -0.411945  0.00216448
         548   -0.478353   -0.412066  0.00216392
         549    -0.41108   -0.412064  0.00215998
         550    -0.39236   -0.412028  0.00215635
         551   -0.361278   -0.411936   0.0021544
         552   -0.442097   -0.411991  0.00215119
         553   -0.393699   -0.411958  0.00214756
         554   -0.442366   -0.412013  0.00214438
         555   -0.412308   -0.412013  0.00214052
         556   -0.406379   -0.412003  0.00213669
         557   -0.411042   -0.412001  0.00213286
         558   -0.434217   -0.412041  0.00212941
         559   -0.400802   -0.412021  0.00212569
         560   -0.461871    -0.41211  0.00212376
         561    -0.45912   -0.412194  0.00212163
         562   -0.434108   -0.412233  0.00211821
         563   -0.430253   -0.412265  0.00211469
         564   -0.462831   -0.412354  0.00211284
         565   -0.479891   -0.412474  0.00211248
         566   -0.501584   -0.412631   0.0021146
         567   -0.448466   -0.412695  0.00211182
         568   -0.417988   -0.412704  0.00210812
         569   -0.463181   -0.412793  0.00210628
         570   -0.394937   -0.412761  0.00210282
         571   -0.408884   -0.412755  0.00209915
         572   -0.435239   -0.412794  0.00209585
         573   -0.372872   -0.412724  0.00209335
         574   -0.396418   -0.412696  0.00208989
         575   -0.379214   -0.412638  0.00208707
         576   -0.463973   -0.412727  0.00208535
         577   -0.457304   -0.412804  0.00208316
         578    -0.41814   -0.412813  0.00207958
         579   -0.444978   -0.412869  0.00207673
         580    -0.40706   -0.412859  0.00207317
         581   -0.438444   -0.412903  0.00207007
         582    -0.42395   -0.412922   0.0020666
         583   -0.514535   -0.413096  0.00207039
         584    -0.55109   -0.413332  0.00208029
         585   -0.485265   -0.413455  0.00208036
         586   -0.558508   -0.413703  0.00209149
         587    -0.44893   -0.413763  0.00208879
         588   -0.472632   -0.413863  0.00208763
         589    -0.47735   -0.413971  0.00208687
         590   -0.440548   -0.414016  0.00208382
         591    -0.36036   -0.413925  0.00208227
         592   -0.365332   -0.413843  0.00208037
         593   -0.419584   -0.413853  0.00207688
         594   -0.449911   -0.413913  0.00207427
         595   -0.459226   -0.413989  0.00207218
         596   -0.355606   -0.413892  0.00207102
         597   -0.330967   -0.413753  0.00207221
         598   -0.313646   -0.413585  0.00207549
         599   -0.320625    -0.41343  0.00207782
         600   -0.422633   -0.413445  0.00207441
         601   -0.334711   -0.413314  0.00207509
         602   -0.350454    -0.41321  0.00207427
         603   -0.417957   -0.413218  0.00207085
         604    -0.37103   -0.413148   0.0020686
         605   -0.419443   -0.413158   0.0020652
         606   -0.386368   -0.413114  0.00206227
         607    -0.46033   -0.413192  0.00206034
         608   -0.445778   -0.413246  0.00205765
         609   -0.441379   -0.413292  0.00205479
         610   -0.436473    -0.41333  0.00205177
         611    -0.40763    -0.41332  0.00204843
         612   -0.445474   -0.413373  0.00204576
         613   -0.412107   -0.413371  0.00204242
         614   -0.375785    -0.41331  0.00204001
         615   -0.387743   -0.413268  0.00203712
         616   -0.390283   -0.413231  0.00203415
         617   -0.329425   -0.413095  0.00203539
         618   -0.366983    -0.41302  0.00203346
         619   -0.370581   -0.412952  0.00203133
         620   -0.379713   -0.412898  0.00202876
         621   -0.381214   -0.412847  0.00202614
         622   -0.436432   -0.412885  0.00202323
         623   -0.436435   -0.412923  0.00202034
         624   -0.346681   -0.412817  0.00201989
         625   -0.395776   -0.412789  0.00201684
         626   -0.379398   -0.412736  0.00201433
         627   -0.373248   -0.412673   0.0020121
         628   -0.328474   -0.412539  0.00201335
         629   -0.310766   -0.412377  0.00201664
         630   -0.351691   -0.412281  0.00201574
         631   -0.377407   -0.412226  0.00201331
         632    -0.35335   -0.412132  0.00201227
         633   -0.392039   -0.412101  0.00200935
         634   -0.377891   -0.412047   0.0020069
         635   -0.342711   -0.411938  0.00200671
         636   -0.401403   -0.411921  0.00200362
         637   -0.382171   -0.411874  0.00200102
         638   -0.436028   -0.411912  0.00199824
         639   -0.390786   -0.411879  0.00199539
         640   -0.401204   -0.411862  0.00199234
         641   -0.401747   -0.411847   0.0019893
         642   -0.422247   -0.411863  0.00198626
         643   -0.380361   -0.411814  0.00198378
         644   -0.412681   -0.411815   0.0019807
         645   -0.460705   -0.411891  0.00197908
         646   -0.409335   -0.411887  0.00197602
         647   -0.386691   -0.411848  0.00197335
         648   -0.443538   -0.411897  0.00197091
         649   -0.455165   -0.411964    0.001969
         650   -0.433362   -0.411997  0.00196624
         651   -0.389821   -0.411963  0.00196352
         652   -0.343687   -0.411858   0.0019633
         653   -0.464863   -0.411939  0.00196197
         654    -0.51907   -0.412103  0.00196579
         655   -0.457298   -0.412172    0.001964
         656     -0.4147   -0.412176  0.00196101
         657   -0.413526   -0.412178  0.00195803
         658   -0.378179   -0.412126  0.00195574
         659   -0.360695   -0.412048  0.00195432
         660   -0.374031    -0.41199  0.00195221
         661    -0.44201   -0.412036  0.00194979
         662     -0.4671   -0.412119  0.00194862
         663   -0.437709   -0.412158  0.00194606
         664   -0.446445   -0.412209  0.00194381
         665   -0.451712   -0.412269   0.0019418
         666   -0.352754   -0.412179  0.00194094
         667   -0.439597    -0.41222  0.00193846
         668   -0.445385    -0.41227   0.0019362
         669   -0.463445   -0.412347  0.00193481
         670   -0.477232   -0.412443  0.00193435
         671   -0.533741   -0.412624  0.00193989
         672   -0.464405   -0.412701  0.00193853
         673   -0.375092   -0.412645  0.00193646
         674   -0.386807   -0.412607  0.00193397
         675   -0.457811   -0.412674  0.00193226
         676   -0.361936   -0.412599  0.00193086
         677   -0.337642   -0.412488  0.00193118
         678   -0.407401   -0.412481  0.00192834
         679   -0.371638   -0.412421  0.00192644
         680   -0.433734   -0.412452  0.00192386
         681   -0.393222   -0.412424  0.00192125
         682   -0.367992   -0.412358  0.00191953
         683   -0.438325   -0.412396   0.0019171
         684   -0.432185   -0.412425  0.00191452
         685   -0.400817   -0.412408   0.0019118
         686   -0.381267   -0.412363  0.00190955
         687   -0.401357   -0.412347  0.00190684
         688   -0.366799   -0.412281  0.00190521
         689   -0.358274   -0.412202  0.00190406
         690    -0.35745   -0.412123  0.00190295
         691   -0.357724   -0.412044  0.00190183
         692   -0.315713   -0.411905  0.00190417
         693   -0.363841   -0.411836  0.00190268
         694   -0.317471     -0.4117  0.00190479
         695   -0.370824   -0.411641  0.00190296
         696   -0.373878   -0.411587    0.001901
         697    -0.38378   -0.411547  0.00189869
         698   -0.360963   -0.411474  0.00189735
         699   -0.368712   -0.411413  0.00189562
         700   -0.370611   -0.411355  0.00189381
         701   -0.310583   -0.411211  0.00189656
         702   -0.421681   -0.411226  0.00189391
         703   -0.371276   -0.411169  0.00189207
         704   -0.338884   -0.411067  0.00189217
         705   -0.432161   -0.411097  0.00188972
         706    -0.38947   -0.411066  0.00188729
         707   -0.411097   -0.411066  0.00188462
         708   -0.378077   -0.411019  0.00188254
         709   -0.407904   -0.411015  0.00187989
         710   -0.453432   -0.411075  0.00187819
         711   -0.431703   -0.411104  0.00187577
         712   -0.479224   -0.411199  0.00187558
         713   -0.502689   -0.411328  0.00187733
         714   -0.464427   -0.411402  0.00187617
         715   -0.498996   -0.411525  0.00187754
         716   -0.458623    -0.41159  0.00187607
         717   -0.342372   -0.411494  0.00187594
         718   -0.323826   -0.411372   0.0018773
         719   -0.388896    -0.41134  0.00187495
         720   -0.358609   -0.411267  0.00187377
         721   -0.362688     -0.4112  0.00187238
         722   -0.385882   -0.411165  0.00187012
         723   -0.368872   -0.411106  0.00186845
         724   -0.383937   -0.411069  0.00186624
         725   -0.356301   -0.410993   0.0018652
         726   -0.408468    -0.41099  0.00186263
         727    -0.43238   -0.411019   0.0018603
         728   -0.401492   -0.411006  0.00185779
         729   -0.485971   -0.411109  0.00185809
         730   -0.436793   -0.411144  0.00185587
         731   -0.438333   -0.411181  0.00185371
         732   -0.430835   -0.411208  0.00185137
         733    -0.31287   -0.411074   0.0018537
         734   -0.356961      -0.411  0.00185264
         735   -0.455928   -0.411061  0.00185113
         736    -0.43959     -0.4111  0.00184902
         737   -0.405414   -0.411092  0.00184652
         738   -0.437264   -0.411128  0.00184436
         739   -0.425317   -0.411147  0.00184197
         740   -0.410838   -0.411147  0.00183948
         741   -0.439049   -0.411184  0.00183738
         742   -0.435026   -0.411216  0.00183519
         743   -0.342097   -0.411123  0.00183507
         744   -0.336956   -0.411024  0.00183531
         745    -0.35026   -0.410942  0.00183466
         746    -0.39113   -0.410916  0.00183239
         747   -0.417906   -0.410925  0.00182996
         748   -0.447802   -0.410974  0.00182818
         749   -0.365885   -0.410914  0.00182673
         750   -0.407886    -0.41091   0.0018243
         751   -0.411075    -0.41091  0.00182187
         752   -0.417692   -0.410919  0.00181947
         753    -0.39074   -0.410892  0.00181725
         754   -0.369926   -0.410838  0.00181565
         755   -0.510723    -0.41097  0.00181806
         756   -0.493705    -0.41108  0.00181895
         757   -0.500048   -0.411197  0.00182034
         758   -0.473181   -0.411279  0.00181977
         759   -0.495952   -0.411391  0.00182079
         760   -0.514492   -0.411526  0.00182344
         761   -0.508063   -0.411653  0.00182545
         762   -0.475897   -0.411738    0.001825
         763   -0.353066   -0.411661  0.00182423
         764   -0.439748   -0.411697  0.00182221
         765   -0.367601    -0.41164  0.00182074
         766   -0.331191   -0.411535  0.00182139
         767   -0.354371    -0.41146  0.00182054
         768     -0.3522   -0.411383  0.00181981
         769   -0.318759   -0.411263  0.00182142
         770   -0.376761   -0.411218  0.00181961
         771   -0.429681   -0.411242   0.0018174
         772    -0.40413   -0.411233  0.00181507
         773   -0.331555   -0.411129  0.00181565
         774   -0.374097   -0.411082  0.00181393
         775   -0.336809   -0.410986  0.00181412
         776   -0.350564   -0.410908  0.00181346
         777   -0.400435   -0.410894  0.00181117
         778   -0.358641   -0.410827  0.00181009
         779   -0.381213   -0.410789  0.00180816
         780   -0.390966   -0.410764  0.00180602
         781   -0.343368   -0.410678  0.00180577
         782   -0.451122   -0.410729   0.0018042
         783   -0.438765   -0.410765  0.00180225
         784    -0.46383   -0.410833  0.00180123
         785   -0.480269   -0.410921   0.0018011
         786   -0.444739   -0.410964  0.00179933
         787   -0.413361   -0.410967  0.00179704
         788   -0.352452   -0.410893  0.00179629
         789   -0.374512   -0.410847  0.00179461
         790   -0.365552    -0.41079  0.00179325
         791   -0.372287   -0.410741  0.00179165
         792   -0.409562   -0.410739  0.00178939
         793   -0.351272   -0.410664   0.0017887
         794   -0.433854   -0.410694  0.00178669
         795   -0.522471   -0.410834  0.00178996
         796   -0.467912   -0.410906  0.00178915
         797   -0.412983   -0.410909  0.00178691
         798   -0.396246    -0.41089  0.00178476
         799     -0.4061   -0.410884  0.00178254
         800   -0.447344    -0.41093  0.00178089
         801   -0.336465   -0.410837  0.00178109
         802   -0.366349   -0.410781  0.00177974
         803   -0.345114     -0.4107   0.0017794
         804   -0.424791   -0.410717  0.00177727
         805   -0.392595   -0.410695   0.0017752
         806   -0.376815   -0.410653   0.0017735
         807   -0.436825   -0.410685   0.0017716
         808   -0.413003   -0.410688  0.00176941
         809   -0.364773   -0.410631  0.00176813
         810   -0.333694   -0.410536   0.0017685
         811   -0.358613   -0.410472  0.00176748
         812   -0.383848   -0.410439   0.0017656
         813   -0.380507   -0.410402  0.00176382
         814   -0.360144   -0.410341  0.00176273
         815   -0.429696   -0.410364  0.00176073
         816   -0.334216   -0.410271  0.00176104
         817   -0.352106     -0.4102  0.00176032
         818   -0.322443   -0.410093  0.00176144
         819   -0.423113   -0.410109  0.00175936
         820   -0.400678   -0.410097  0.00175725
         821   -0.369233   -0.410047  0.00175581
         822   -0.323086   -0.409941  0.00175686
         823   -0.400797    -0.40993  0.00175476
         824    -0.33523    -0.40984  0.00175497
         825   -0.381085   -0.409805  0.00175319
         826   -0.366399   -0.409752  0.00175186
         827   -0.334671   -0.409662  0.00175209
         828   -0.285596   -0.409512  0.00175637
         829    -0.38412   -0.409481  0.00175452
         830   -0.400513    -0.40947  0.00175244
         831   -0.410443   -0.409471  0.00175033
         832   -0.460054   -0.409532  0.00174928
         833   -0.513412   -0.409657  0.00175162
         834   -0.417467   -0.409666  0.00174954
         835   -0.475793   -0.409746  0.00174924
         836    -0.52483   -0.409883  0.00175256
         837    -0.51933   -0.410014  0.00175533
         838   -0.483426   -0.410102  0.00175542
         839   -0.440658   -0.410138  0.00175371
         840    -0.40421   -0.410131  0.00175164
         841   -0.463784   -0.410195  0.00175071
         842   -0.425358   -0.410213  0.00174873
         843   -0.396512   -0.410196  0.00174673
         844   -0.442745   -0.410235  0.00174509
         845   -0.404847   -0.410229  0.00174303
         846   -0.398097   -0.410214  0.00174103
         847   -0.390187   -0.410191  0.00173914
         848   -0.414696   -0.410196  0.00173709
         849   -0.434329   -0.410224  0.00173528
         850   -0.411124   -0.410225  0.00173324
         851   -0.451662   -0.410274  0.00173188
         852   -0.502531   -0.410382  0.00173323
         853   -0.464537   -0.410446  0.00173236
         854   -0.434915   -0.410475  0.00173057
         855   -0.414139   -0.410479  0.00172855
         856   -0.479994    -0.41056  0.00172844
         857   -0.457312   -0.410615  0.00172729
         858   -0.462734   -0.410675  0.00172634
         859    -0.43447   -0.410703  0.00172455
         860    -0.36081   -0.410645  0.00172352
         861   -0.394463   -0.410626  0.00172162
         862   -0.362133    -0.41057  0.00172054
         863   -0.392862   -0.410549  0.00171867
         864   -0.463591   -0.410611  0.00171778
         865   -0.492896   -0.410706  0.00171843
         866   -0.447365   -0.410748  0.00171696
         867   -0.441373   -0.410784  0.00171535
         868   -0.415591   -0.410789  0.00171338
         869   -0.401458   -0.410778  0.00171144
         870   -0.413829   -0.410782  0.00170948
         871    -0.46748   -0.410847  0.00170875
         872   -0.414185   -0.410851   0.0017068
         873   -0.419954   -0.410861  0.00170488
         874   -0.410537   -0.410861  0.00170292
         875   -0.422403   -0.410874  0.00170103
         876   -0.484832   -0.410959  0.00170118
         877   -0.453745   -0.411007  0.00169994
         878   -0.403337   -0.410999  0.00169803
         879   -0.425635   -0.411015  0.00169618
         880    -0.41088   -0.411015  0.00169425
         881   -0.362778    -0.41096  0.00169321
         882   -0.376412   -0.410921  0.00169174
         883   -0.362382   -0.410866  0.00169072
         884   -0.356292   -0.410804  0.00168994
         885   -0.341579   -0.410726  0.00168984
         886   -0.389838   -0.410703  0.00168809
         887   -0.407361   -0.410699  0.00168619
         888   -0.420015   -0.410709  0.00168433
         889    -0.42395   -0.410724   0.0016825
         890   -0.450798   -0.410769  0.00168121
         891    -0.45612    -0.41082  0.00168009
         892   -0.477967   -0.410895   0.0016799
         893   -0.427775   -0.410914  0.00167812
         894   -0.463979   -0.410974  0.00167729
         895   -0.400439   -0.410962  0.00167546
         896   -0.441779   -0.410996  0.00167394
         897   -0.365734   -0.410946  0.00167284
         898   -0.429222   -0.410966   0.0016711
         899   -0.417049   -0.410973  0.00166925
         900   -0.439409   -0.411005   0.0016677
         901   -0.429997   -0.411026  0.00166598
         902   -0.471056   -0.411092  0.00166546
         903   -0.436905   -0.411121  0.00166386
         904   -0.433171   -0.411145   0.0016622
         905   -0.408343   -0.411142  0.00166037
         906   -0.436659    -0.41117  0.00165877
         907   -0.474536    -0.41124  0.00165842
         908   -0.493985   -0.411331  0.00165909
         909   -0.573861    -0.41151  0.00166687
         910   -0.445893   -0.411548  0.00166547
         911   -0.446438   -0.411586  0.00166408
         912    -0.40715   -0.411581  0.00166226
         913   -0.427175   -0.411598  0.00166053
         914   -0.438404   -0.411628  0.00165897
         915   -0.439914   -0.411659  0.00165745
         916    -0.46021   -0.411712  0.00165649
         917   -0.476089   -0.411782  0.00165617
         918   -0.511193    -0.41189   0.0016579
         919   -0.464569   -0.411947  0.00165709
         920   -0.417638   -0.411954   0.0016553
         921   -0.479839   -0.412027  0.00165514
         922    -0.49451   -0.412117  0.00165576
         923   -0.475532   -0.412186  0.00165539
         924   -0.376981   -0.412147  0.00165404
         925   -0.424237    -0.41216   0.0016523
         926   -0.456012   -0.412208  0.00165119
         927    -0.44729   -0.412246  0.00164985
         928   -0.454829   -0.412292  0.00164871
         929   -0.428816   -0.412309  0.00164703
         930   -0.371817   -0.412266  0.00164583
         931   -0.400645   -0.412253  0.00164411
         932   -0.376988   -0.412215  0.00164278
         933   -0.368047   -0.412168  0.00164171
         934   -0.402292   -0.412158  0.00163998
         935   -0.450695   -0.412199  0.00163875
         936   -0.373126   -0.412157  0.00163753
         937   -0.416747   -0.412162  0.00163579
         938   -0.425781   -0.412176  0.00163411
         939   -0.453099    -0.41222  0.00163295
         940   -0.443506   -0.412253  0.00163155
         941     -0.4055   -0.412246  0.00162983
         942    -0.38819   -0.412221   0.0016283
         943    -0.43241   -0.412242  0.00162672
         944   -0.395743   -0.412225  0.00162509
         945   -0.420332   -0.412233  0.00162339
         946   -0.399199   -0.412219  0.00162173
         947   -0.422975   -0.412231  0.00162006
         948   -0.461254   -0.412282  0.00161917
         949   -0.377913   -0.412246  0.00161787
         950   -0.376865   -0.412209   0.0016166
         951   -0.477968   -0.412278  0.00161638
         952   -0.425289   -0.412292  0.00161474
         953   -0.465639   -0.412348  0.00161401
         954   -0.445703   -0.412383   0.0016127
         955   -0.378397   -0.412347   0.0016114
         956   -0.397492   -0.412332  0.00160979
         957   -0.357877   -0.412275  0.00160912
         958   -0.447737   -0.412312  0.00160786
         959    -0.42698   -0.412327  0.00160626
         960   -0.360399   -0.412273   0.0016055
         961   -0.436352   -0.412298  0.00160402
         962   -0.425305   -0.412311  0.00160241
         963   -0.414402   -0.412314  0.00160075
         964   -0.441417   -0.412344  0.00159937
         965   -0.411778   -0.412343  0.00159771
         966   -0.436968   -0.412369  0.00159626
         967   -0.418048   -0.412375  0.00159462
         968   -0.363481   -0.412324  0.00159378
         969   -0.358804   -0.412269  0.00159309
         970   -0.340273   -0.412195  0.00159317
         971   -0.286931   -0.412066  0.00159675
         972   -0.349799   -0.412002  0.00159639
         973   -0.388179   -0.411977  0.00159494
         974   -0.337633   -0.411901  0.00159512
         975   -0.394703   -0.411883  0.00159359
         976    -0.42156   -0.411893  0.00159198
         977   -0.429956   -0.411912  0.00159046
         978   -0.375442   -0.411874  0.00158927
         979   -0.395665   -0.411858  0.00158774
         980   -0.435857   -0.411882   0.0015863
         981   -0.457896   -0.411929  0.00158538
         982   -0.450319   -0.411968  0.00158425
         983   -0.489526   -0.412047   0.0015846
         984   -0.487066   -0.412123  0.00158482
         985     -0.4352   -0.412147  0.00158339
         986   -0.424891    -0.41216  0.00158183
         987   -0.445499   -0.412193  0.00158059
         988   -0.357009   -0.412138  0.00157998
         989   -0.406609   -0.412132  0.00157839
         990   -0.408545   -0.412128   0.0015768
         991   -0.330371   -0.412046  0.00157737
         992    -0.42964   -0.412064  0.00157588
         993   -0.417215   -0.412069   0.0015743
         994   -0.410286   -0.412067  0.00157271
         995   -0.424766    -0.41208  0.00157119
         996   -0.411133   -0.412079  0.00156961
         997   -0.439792   -0.412107  0.00156828
         998   -0.473026   -0.412168   0.0015679
         999   -0.447167   -0.412203  0.00156672
        1000   -0.444897   -0.412235  0.00156549
