1.000000000000000000e+00
8.008340514136076393e-01
6.622697287874902417e-01
5.609085306276184735e-01
4.860980346193796708e-01
4.283194851838554862e-01
3.831165784989533085e-01
3.461686972236371340e-01
3.161266279841116744e-01
2.905565722920525618e-01
2.694563845613048292e-01
2.511769148457359546e-01
2.358411532863790849e-01
2.215150338643371020e-01
2.088615361063725917e-01
1.969301517429444537e-01
1.865657054575117768e-01
1.773273368908044600e-01
1.692630318577895421e-01
1.620795807255525356e-01
1.560493397904529067e-01
1.507233933774864698e-01
1.455224338742431844e-01
1.404868861693456816e-01
1.363546695125689989e-01
1.322473962056316954e-01
1.287080320315611703e-01
1.250042834091218136e-01
1.218794306235293085e-01
1.185631072953077098e-01
1.155334468936095454e-01
1.120934696876736830e-01
1.079877427054710542e-01
1.044994955298918365e-01
1.010687213088148351e-01
9.759854346554272531e-02
9.420191877385269974e-02
9.069361036726057701e-02
8.816843246347207119e-02
8.579776989618198568e-02
8.320880106279904265e-02
8.147186712161261224e-02
8.010344800234690810e-02
7.835648742385688259e-02
7.707699782640883845e-02
7.642982729882852322e-02
7.495994591189454603e-02
7.334222399975359741e-02
7.133423497330020069e-02
6.902516007784954832e-02
6.686683588002988177e-02
6.535279026438196859e-02
6.424860012692643063e-02
6.276946021408036369e-02
6.187059410923061858e-02
6.017242320887023627e-02
5.800147685905211042e-02
5.602539672070562526e-02
5.379056498927543839e-02
5.134198270035267991e-02
4.985472662518028453e-02
4.866685583926803199e-02
4.788064285205558684e-02
4.703094474029671790e-02
4.605558277897116304e-02
4.523686718109148214e-02
4.375510421625482954e-02
4.279103911717171971e-02
4.200399982237081747e-02
4.148865455024324661e-02
4.104813646011547246e-02
4.046289228442523367e-02
3.961055323400577283e-02
3.876728108551254215e-02
3.826607255373379313e-02
3.776991060645416842e-02
3.704825288047554344e-02
3.688469230505833640e-02
3.687394804764870110e-02
3.678584533402844831e-02
3.656971225813034077e-02
3.656737143408212570e-02
3.698086365644562279e-02
3.726762450614878874e-02
3.682738875964754188e-02
3.660281983327212663e-02
3.646252880028840598e-02
3.627419203710878504e-02
3.551919234575925954e-02
3.411218870296273825e-02
3.288862148853956974e-02
3.245756929331931190e-02
3.217526738394060198e-02
3.163342554926826949e-02
3.148539368497233620e-02
3.199592526402424142e-02
3.121319783731850428e-02
3.082119055604560023e-02
3.096348833232292000e-02
2.995191933670627790e-02
