1.000000000000000000e+00
5.865253172757678435e-01
3.724106638519170676e-01
2.463534401285129016e-01
1.680732125275825883e-01
1.168924845513408528e-01
8.398515511283877188e-02
6.156170112823067947e-02
4.467259356924529329e-02
3.388391749240778766e-02
2.585069885756038216e-02
1.899670282040550121e-02
1.461570454208911511e-02
1.308899446314462818e-02
1.126415630266697394e-02
9.661782545679214323e-03
8.161777310408242780e-03
5.878685895517247843e-03
3.405675887437751691e-03
2.960267203131219244e-03
1.459394260010152874e-03
1.879215345733711460e-03
2.858469372445690809e-03
1.103210886288672745e-03
2.047532332755604666e-03
1.323852603496228613e-03
7.256769308988062503e-04
1.000938784841785573e-03
1.804471223503480084e-04
-1.905016148963569961e-06
-5.213348295265102326e-04
8.840777131160632019e-04
1.730388863479652385e-03
3.638125885124801877e-03
4.082660535960508721e-03
3.643919686052886613e-03
2.438114889613621824e-03
1.818944756923805825e-03
1.679140724003727820e-03
1.538097679752829751e-03
6.481977676064059430e-04
4.312795229650323922e-05
-2.800113075598311589e-04
-6.227799397806345599e-04
-1.622348058376694936e-04
-1.744809045075101364e-03
-2.977850869261675863e-03
-2.225885473080965390e-03
-1.123694916577680242e-03
-1.511278761426699700e-03
1.812243298319352134e-04
1.673916040448422075e-03
1.611756540209900029e-03
3.139616279436089306e-03
1.818540051306084164e-03
2.114255028971981278e-03
1.869821524162491649e-03
2.235172336814477898e-03
2.165620646893570006e-03
2.046524398788987162e-03
1.208132826143422335e-03
1.386950516465004302e-03
1.523213146602001630e-03
9.431148797276512643e-05
-3.229328134734795537e-04
1.708838534106509521e-03
1.429355920822173874e-04
2.137243587387491987e-04
-3.840660376084373387e-05
-5.491605837624929015e-05
-5.584779478231454222e-04
-3.456276156105190286e-03
-3.536717097431238844e-03
-2.934493169592104506e-03
-2.458674862524875843e-03
-1.952489282079415342e-03
-1.527958947604352458e-03
-2.908611613782880606e-03
-3.211465836207731683e-03
-3.175788653477464116e-03
-2.480498504349361137e-03
-1.619545776865528516e-03
-9.487810757280733297e-04
-1.616486016655399593e-03
-9.662043482673247224e-04
-1.360695118442797761e-03
-9.342029757094902787e-04
-3.594215437564466211e-04
-9.561866632150695967e-04
-1.058961849970365467e-04
6.647441740451922026e-04
6.988490175633526582e-04
7.960152248064895734e-04
9.362109904248565317e-04
3.861936534366785796e-04
-1.166919600805385029e-03
-1.632416308741094137e-03
-2.547584061097096439e-03
-4.365557688999955124e-03
-4.519605921372794356e-03
-1.934867009899593352e-03
-7.823536832052781134e-04
6.048406777574936175e-04
8.099536705728959058e-04
2.183902725723928153e-03
2.769468671862368014e-03
1.894810613980575827e-03
1.241720342290654130e-03
4.860860243487043078e-04
2.691519892934943927e-05
-9.902473550935421160e-04
8.850394079961258244e-04
-8.593566821082258085e-05
-3.751094786192506127e-04
-2.117910153038548172e-03
-1.112227634569206997e-03
-1.272123642140231183e-03
-7.204048258511457255e-04
1.301861170145003632e-03
9.470724018989025873e-04
1.094642051600143049e-03
1.961848657216358136e-03
2.150521258514332627e-03
1.251121841719208009e-03
1.331622623815234682e-03
6.657213440678675992e-04
1.058765109748071448e-03
2.765042122849021861e-03
3.139923626317711429e-03
2.982339542779358435e-03
3.225168389613449621e-03
3.273821717084192048e-03
2.575661137718503624e-03
1.729807760765493660e-03
2.283189837618942661e-03
2.293150365925652936e-03
3.089722774057585431e-04
-2.218738079121041688e-04
-1.700875838982849036e-03
-1.773165148855832766e-03
-1.403527499971232717e-03
-3.184103879226681997e-04
-1.775417221974318538e-03
-1.563937068764753276e-03
-2.635365388432463684e-04
-6.262492396070679654e-04
-1.530785362727634605e-03
-8.542708557420764480e-04
-1.281662824662296385e-03
6.716970869713300568e-04
1.269174933572230456e-03
6.860382836407617367e-04
1.091749503529954642e-03
1.094286058577892407e-03
4.957535093607858987e-04
-1.009105947917019342e-03
-2.619854591943103061e-03
-3.829334359061342934e-03
-3.057061168036930530e-03
-2.662334967272768967e-03
-3.915514604149687890e-03
-3.713365024363346999e-03
-1.593254912002272207e-03
-7.854663002162166506e-04
1.610182636532183937e-04
1.244974470037370012e-04
-5.800928403345645629e-04
-4.313034848255569939e-04
5.261391757693781226e-04
1.184144543227450257e-03
2.710849124128339102e-03
1.831410207251490388e-03
1.019914471627673350e-03
7.246683562632018089e-04
1.180412710590406653e-03
7.176639178392822281e-04
1.768681014703797020e-03
2.475394369436391753e-03
8.191380717331302489e-04
-5.860893605370463225e-04
-2.299506733035860517e-03
-2.634570126532848576e-03
-2.591826204467832621e-03
-2.686377557787373357e-03
-4.187587126861889476e-03
-5.676267855171955416e-03
-6.875487879376230259e-03
-6.038000852068864215e-03
-4.704755716083478673e-03
-4.033921559942451121e-03
-4.403462694553746462e-03
-2.165846497367670837e-03
-2.359563249432730398e-03
-2.164402906556416040e-03
-9.638541558797615637e-04
1.050916144302659305e-04
-1.259875890637192830e-03
-7.914579857840644802e-04
-9.636713111978628720e-04
-1.050598059274740741e-03
-1.814685464241142616e-03
-2.184524483752386427e-03
-3.875143707436387846e-03
-2.245621330368172651e-03
-1.843315851823241385e-03
-1.400967709741304280e-03
-1.166694040154449665e-03
-9.917826688353413578e-04
2.648915403398845528e-04
1.284293782209254716e-04
-9.635489686305969532e-05
1.058439935904080141e-03
1.129244127278514719e-03
5.989300208203209583e-04
5.298304343567798334e-04
8.849350425317978504e-04
8.068774381726519500e-05
-1.648391701373741556e-03
-2.653784133003582284e-03
-1.816589852308854317e-03
-1.419665109862575710e-03
-1.527042144346454867e-03
-2.275086571990154842e-03
-1.579066118133483961e-03
-5.501480683330881895e-04
7.690350268685262284e-04
-8.855871421659407662e-04
-1.225112776505632136e-03
-1.748129316534333642e-03
-1.955313770110839438e-03
-2.461927251974715437e-03
-3.170608361439692952e-03
-2.065663888041379716e-03
-1.156694730358768467e-03
-1.572017068150868835e-03
-1.851345587856182686e-03
-6.858052434415381387e-04
7.932995614441837285e-05
1.722742534254042028e-03
1.934036233044062652e-03
1.770383429352473219e-03
3.443909578201945730e-03
4.063819895330030366e-03
4.315639830381134967e-03
3.070871676378521525e-03
1.675413877902030314e-03
5.159240238791942650e-04
1.468533038858255320e-03
1.123182805304036910e-03
3.336346104375424986e-04
7.769514091671906979e-04
7.665687789814451276e-04
1.695963373405502250e-03
1.885097231732242628e-03
4.074259845970874106e-05
-6.974618056532781405e-08
-1.153666351259969539e-04
-1.018123140306621040e-03
-6.156120438038113546e-04
-1.009205390994342370e-03
1.324444947735247844e-03
3.369876989813005378e-03
3.165207740867542838e-03
3.714348169849258485e-03
2.674109254315035645e-03
1.230694470781623596e-03
9.223894143823116887e-04
-1.398008109943754522e-04
-1.143300692544684449e-03
-7.961972190542940253e-04
-1.734788042954877848e-03
-2.532526598011887193e-03
-8.527184598243716437e-04
1.683747075325366148e-03
2.928538722516442570e-03
2.712542291848992967e-03
3.939283191285270630e-03
4.326827864217989809e-03
2.827942591907318687e-03
2.561451865749357366e-03
3.128594686568617229e-03
3.468323833237375517e-03
2.859895502890499527e-03
2.215759068057835714e-03
3.361780995690909473e-04
-1.118363020553479531e-03
-1.906386316383744221e-03
-1.284909477814755088e-03
5.761660561705392748e-04
1.556521612381557519e-03
2.265255778670639993e-03
1.330612248639353578e-03
1.095345825219398630e-03
1.542099323342578524e-04
1.007895554694231274e-03
7.288224254143151667e-04
9.184478121184891809e-04
-4.102557225801157451e-04
1.076113676349324273e-03
2.013689011598827298e-03
1.257797744393687051e-03
-8.996650667561056480e-06
1.081107479977821690e-05
3.964627425719457056e-05
-9.882861652043915118e-04
-2.079597519534578801e-04
-5.275539242252170243e-04
-7.505667566875136830e-04
-3.315791539352956944e-04
-9.183341271063307030e-04
3.044538832543377182e-04
6.894225484967156847e-04
7.723107409819679600e-04
1.224552491752224723e-03
1.087575373605364874e-03
-5.655967914616931913e-04
-1.296935209861834653e-03
-1.839019015340957134e-03
-1.199716778859735797e-03
-1.074169799919135306e-03
-1.919167698584161056e-03
-3.295933924846790753e-03
-3.583184137188806864e-03
-3.012279943636824581e-03
-1.475940434081067336e-03
6.254560935136401194e-04
2.595386326508459900e-03
2.222267806989736746e-03
3.685422634192518643e-03
4.109110892928415255e-03
4.859129078913750760e-03
4.313777155427496804e-03
2.798144490292529037e-03
3.295526039464485944e-03
2.709601926527763216e-03
1.704508337246566372e-03
1.240709878180227101e-03
1.920458632166416541e-03
1.919242840823817296e-03
1.921553930564435728e-03
2.082723035085607896e-03
1.357002833919341081e-03
2.072881727063876061e-03
1.133812605576987528e-03
-1.331588169411206503e-03
-4.366940925742171216e-04
8.095607816884758511e-04
2.386579794122375281e-03
3.230472505374540251e-03
2.992065991473230688e-03
1.902421208669468917e-03
1.729691145963333648e-03
1.482680029821689498e-03
1.453880895722200681e-03
1.826711813756975175e-03
3.163417321870312486e-03
1.525676755495625810e-03
1.103648343215457616e-03
1.939851298430762989e-03
3.006880952759191715e-04
-2.236171298006888169e-03
-4.996415414743898657e-03
-5.280329505649823500e-03
-4.250363036263986663e-03
-4.470780580184599735e-03
-3.794088618249880258e-03
-3.265195044693045955e-03
-2.206151446953785126e-03
-5.509949891850856934e-04
-1.614101331878193928e-03
-1.415508789944542288e-03
-1.031966884570587831e-03
-1.315789841547818995e-03
-8.233396393789717228e-04
4.116820239473053676e-04
7.389649284463014429e-04
1.066954603002739921e-03
1.215610149194272602e-03
6.669928052571979854e-04
1.194241761173726662e-03
2.605864002308737470e-05
-5.621394320805613454e-04
-2.394247599657021042e-03
-2.466203474026056833e-03
-1.309177509795192516e-03
-5.063280713061956567e-04
9.312278322374242323e-04
1.903829303620059111e-03
2.219054346823988617e-03
2.276239747262137798e-03
3.665646312066530872e-03
2.724950735934434775e-03
1.531468554889940659e-03
1.289579435594930901e-03
3.984459673432131656e-04
1.075914623381321043e-06
6.323822070653679081e-04
1.539458793200140611e-03
2.498774974959942254e-03
2.893660582348498572e-03
3.960620207396045415e-03
6.328427434234525258e-03
4.547697070915559733e-03
2.528523678139116444e-03
1.740471975599779727e-03
3.352888753033028669e-04
5.176849443043720278e-04
1.257258785641126187e-03
1.630421341184409671e-03
1.396553877995029141e-03
1.302565661168768817e-04
1.251303908829100352e-03
1.574482469510857805e-03
1.940382324093288275e-03
5.335077255554819195e-04
-2.394183444818552033e-03
-3.547695024765145245e-03
-4.421949886791474126e-03
-2.070846193423022275e-03
-9.429062923508864207e-04
-1.430671790913685786e-03
-2.453601312330643252e-03
-1.815932477301074018e-03
-1.287897809343801266e-03
-4.704694424163401601e-04
1.322129375672554058e-03
3.039581600091903653e-03
2.315340344700708014e-03
1.111422884015154629e-03
-1.060777587669523231e-03
-4.730180113161545734e-04
6.378586160368049189e-05
9.032607079944693883e-04
5.834333413624434757e-04
1.585341472009488446e-03
2.641125793784588650e-03
3.289814807621852921e-03
2.850373731455663629e-03
2.258897348154151503e-03
-2.671472270387923028e-04
-2.822956847219778437e-03
-5.262605027788775681e-03
-5.492987143033675572e-03
-4.956175074674837658e-03
-4.796580480602342586e-03
-3.177775954117246886e-03
-2.282888756076120393e-03
-1.513217217184579643e-03
-1.710017281528163503e-03
-2.394788079428903683e-03
-1.070783856346169794e-04
-8.673606436877059640e-04
-1.246797004903264653e-03
-1.273515464828078826e-03
-8.229649535425328328e-04
-7.618652109330327840e-04
-5.245109720018504857e-04
-5.085015435588940372e-04
-1.830017076330845262e-03
-2.521062392118997991e-03
-2.018913883233209878e-03
-1.290446717482797998e-03
-1.747527092579873043e-03
-2.107982054291533940e-03
-1.719506433017517662e-03
-1.312947429484960472e-03
-4.146896828796374263e-04
1.789171181730143511e-04
1.145792311947187126e-03
2.264195774674433042e-04
-9.682801709096765404e-05
4.586407740406007799e-04
1.679549383093572506e-03
9.879738407197219841e-04
1.564489177037144563e-04
1.112899735785285223e-03
2.725979615248270635e-03
1.509866215572480772e-03
-7.040785774132374665e-04
2.271824412824734879e-04
6.512011123817491040e-04
1.155673681244275474e-03
1.327946798862179737e-03
-8.554399148752728091e-04
-3.389638163663117286e-03
-3.639345897896166700e-03
-4.055568565953618886e-03
-2.541824154319847952e-03
-1.435266606730188806e-03
-8.776683363560974479e-04
7.982332016360734785e-05
-6.675718094490546003e-04
-5.877554743109648797e-04
-1.402034788452839612e-03
-1.158649263346921620e-03
-7.493121168239480013e-04
-9.691322958391464107e-04
3.525982206755197694e-04
3.307923544555159369e-04
-4.530827032562119552e-05
