1.000000000000944134e+00
8.351376244968528040e-01
7.089187053165195707e-01
6.098995327659501031e-01
5.302534258435127601e-01
4.647881609656220880e-01
4.111480083253816753e-01
3.656338910963319311e-01
3.271255560629935388e-01
2.941614502053404023e-01
2.662223608515172368e-01
2.424307778140288305e-01
2.218074652333920371e-01
2.036725347898138416e-01
1.869070808186447108e-01
1.719506845173465748e-01
1.583553625729281211e-01
1.461081606420335244e-01
1.352269605316935852e-01
1.263260594550036642e-01
1.182212347873577707e-01
1.111748502968073898e-01
1.046354905466274354e-01
9.828563356118588668e-02
9.206488738198689847e-02
8.639413887926779279e-02
8.148657916819554425e-02
7.734554978736846165e-02
7.304326424256141204e-02
6.796248305304913861e-02
6.383707107291951288e-02
5.990280033563046003e-02
5.600895227909658686e-02
5.215994450485675338e-02
4.860541820203924390e-02
4.496263184885549574e-02
4.228015250271363601e-02
3.960845881451784817e-02
3.724437113131067595e-02
3.568919196666708177e-02
3.415607742645550282e-02
3.211129472230818405e-02
2.980385037563455797e-02
2.752516742997338645e-02
2.583197117612678201e-02
2.450320723258014866e-02
2.331939932889877734e-02
2.282458158318695016e-02
2.184330270397306928e-02
2.134518741554363927e-02
2.061233117172013574e-02
2.016823763387781687e-02
1.930130913341136442e-02
1.845220915215521271e-02
1.762827782365330651e-02
1.637956349275693224e-02
1.512898443222304712e-02
1.363624332628132763e-02
1.205432156075720088e-02
1.144850353836445941e-02
1.108620341764962602e-02
1.041398508104684345e-02
9.648607266749389955e-03
8.794206989141274688e-03
8.618192859464805095e-03
7.945848481173094571e-03
6.831999279338509846e-03
6.359714416932991422e-03
5.995860693726616508e-03
5.397528968268433709e-03
5.544707719403702689e-03
5.747894538053027400e-03
5.559449764239103586e-03
4.702790364305034151e-03
4.063157293058530968e-03
3.780553437207284997e-03
3.511377820763884796e-03
2.780911590077435758e-03
2.261156429241747024e-03
1.585984354907224404e-03
1.692742152792315593e-03
1.436096592779868798e-03
1.629462073446790241e-03
1.957054972188189499e-03
2.501936637139932570e-03
2.431024466344775675e-03
2.135557506552486755e-03
1.859950995177215780e-03
1.496850703501472878e-03
1.296920112951940136e-03
1.068604950748692356e-03
2.123586833844617330e-04
-2.634166364758733147e-05
-3.772378399363046923e-04
-1.382382570164893739e-03
-1.699575144393339126e-03
-2.060833578819347249e-03
-2.885657626914674492e-03
-3.100339212861955192e-03
-3.321693337036846477e-03
