1,-0.32,-0.32,0
2,-0.36,-0.34,0.02
3,-0.52,-0.4,0.061101
4,-0.52,-0.43,0.0525991
5,-0.68,-0.48,0.0644981
6,-0.6,-0.5,0.0563323
7,-0.52,-0.502857,0.0476952
8,-0.56,-0.51,0.0419183
9,-0.6,-0.52,0.0382971
10,-0.76,-0.544,0.041825
11,-0.76,-0.563636,0.0426246
12,-0.76,-0.58,0.0422116
13,-0.76,-0.593846,0.0412239
14,-0.72,-0.602857,0.0392152
15,-0.72,-0.610667,0.0373333
16,-0.72,-0.6175,0.0355844
17,-0.72,-0.623529,0.0339652
18,-0.8,-0.633333,0.0334898
19,-0.68,-0.635789,0.0317733
20,-0.72,-0.64,0.0304354
21,-0.8,-0.647619,0.0299357
22,-0.68,-0.649091,0.0285805
23,-0.68,-0.650435,0.0273426
24,-0.76,-0.655,0.0265737
25,-0.76,-0.6592,0.0258323
26,-0.72,-0.661538,0.0249288
27,-0.72,-0.663704,0.0240852
28,-0.72,-0.665714,0.0232961
29,-0.68,-0.666207,0.0224838
30,-0.64,-0.665333,0.021739
31,-0.68,-0.665806,0.0210313
32,-0.72,-0.6675,0.0204338
33,-0.76,-0.670303,0.0200023
34,-0.8,-0.674118,0.0197765
35,-0.84,-0.678857,0.0197793
36,-0.88,-0.684444,0.0200176
37,-0.96,-0.691892,0.0208449
38,-0.96,-0.698947,0.0214807
39,-1,-0.706667,0.0223013
40,-1,-0.714,0.0229403
41,-1,-0.720976,0.023436
42,-1,-0.727619,0.0238165
43,-1,-0.733953,0.0241033
44,-1,-0.74,0.024313
45,-1,-0.745778,0.0244588
46,-1,-0.751304,0.0245513
47,-1,-0.756596,0.0245991
48,-1,-0.761667,0.0246092
49,-1,-0.766531,0.0245877
50,-1,-0.7712,0.0245392
51,-1,-0.775686,0.0244681
52,-1,-0.78,0.0243776
53,-1,-0.784151,0.0242708
54,-0.96,-0.787407,0.0240387
55,-0.92,-0.789818,0.0237204
56,-0.88,-0.791429,0.0233486
57,-0.8,-0.791579,0.0229358
58,-0.76,-0.791034,0.0225435
59,-0.68,-0.789153,0.0222379
60,-0.64,-0.786667,0.022005
61,-0.68,-0.784918,0.0217118
62,-0.72,-0.783871,0.0213843
63,-0.88,-0.785397,0.0210974
64,-0.84,-0.78625,0.0207827
65,-0.88,-0.787692,0.0205112
66,-0.88,-0.789091,0.0202464
67,-0.84,-0.789851,0.0199564
68,-0.8,-0.79,0.0196613
69,-0.8,-0.790145,0.0193748
70,-0.76,-0.789714,0.0191009
71,-0.72,-0.788732,0.0188555
72,-0.64,-0.786667,0.0187062
73,-0.52,-0.783014,0.0188064
74,-0.52,-0.779459,0.0188879
75,-0.4,-0.7744,0.019309
76,-0.4,-0.769474,0.0196798
77,-0.24,-0.762597,0.0206038
78,-0.2,-0.755385,0.0215791
79,-0.12,-0.747342,0.0227718
80,-0.08,-0.739,0.0239829
81,-0.04,-0.73037,0.0252081
82,-0.04,-0.721951,0.0262836
83,0.04,-0.712771,0.0275401
84,0,-0.704286,0.0285026
85,-0.04,-0.696471,0.0292295
86,-0.04,-0.688837,0.0298791
87,0,-0.68092,0.0305766
88,-0.04,-0.673636,0.0310922
89,-0.12,-0.667416,0.0313639
90,-0.16,-0.661778,0.0315218
91,-0.2,-0.656703,0.0315838
92,-0.24,-0.652174,0.0315652
93,-0.36,-0.649032,0.0313816
94,-0.32,-0.645532,0.0312427
95,-0.24,-0.641263,0.0312054
96,-0.2,-0.636667,0.0312189
97,-0.2,-0.632165,0.0312216
98,-0.24,-0.628163,0.0311594
99,-0.16,-0.623434,0.0312035
100,-0.24,-0.6196,0.031127
101,-0.24,-0.615842,0.0310456
102,-0.2,-0.611765,0.0310089
103,-0.24,-0.608155,0.0309177
104,-0.2,-0.604231,0.0308695
105,-0.28,-0.601143,0.0307296
106,-0.4,-0.599245,0.0304974
107,-0.44,-0.597757,0.0302477
108,-0.44,-0.596296,0.0300019
109,-0.44,-0.594862,0.0297599
110,-0.4,-0.593091,0.0295413
111,-0.4,-0.591351,0.0293256
112,-0.44,-0.59,0.029094
113,-0.44,-0.588673,0.0288659
114,-0.48,-0.587719,0.0286275
115,-0.52,-0.58713,0.0283835
116,-0.56,-0.586897,0.0281388
117,-0.56,-0.586667,0.0278982
118,-0.52,-0.586102,0.0276665
119,-0.48,-0.58521,0.0274475
120,-0.44,-0.584,0.0272447
121,-0.36,-0.582149,0.027082
122,-0.32,-0.58,0.0269449
123,-0.24,-0.577236,0.0268675
124,-0.16,-0.573871,0.0268615
125,-0.2,-0.57088,0.0268131
126,-0.16,-0.567619,0.0267986
127,-0.24,-0.565039,0.0267116
128,-0.2,-0.562188,0.0266551
129,-0.2,-0.55938,0.0265963
130,-0.24,-0.556923,0.026505
131,-0.28,-0.554809,0.0263867
132,-0.32,-0.55303,0.0262464
133,-0.24,-0.550677,0.0261544
134,-0.4,-0.549552,0.0259828
135,-0.28,-0.547556,0.0258668
136,-0.36,-0.546176,0.0257129
137,-0.36,-0.544818,0.0255607
138,-0.32,-0.543188,0.0254271
139,-0.36,-0.541871,0.0252778
140,-0.36,-0.540571,0.0251302
141,-0.36,-0.539291,0.0249842
142,-0.36,-0.538028,0.0248398
143,-0.44,-0.537343,0.024675
144,-0.44,-0.536667,0.0245123
145,-0.44,-0.536,0.0243518
146,-0.36,-0.534795,0.0242145
147,-0.36,-0.533605,0.0240786
148,-0.28,-0.531892,0.0239766
149,-0.32,-0.53047,0.0238576
150,-0.4,-0.5296,0.023714
151,-0.4,-0.528742,0.023572
152,-0.4,-0.527895,0.0234318
153,-0.36,-0.526797,0.0233039
154,-0.48,-0.526494,0.0231541
155,-0.44,-0.525935,0.023011
156,-0.4,-0.525128,0.0228773
157,-0.44,-0.524586,0.0227376
158,-0.4,-0.523797,0.022607
159,-0.4,-0.523019,0.0224778
160,-0.44,-0.5225,0.0223429
161,-0.4,-0.521739,0.0222167
162,-0.44,-0.521235,0.0220849
163,-0.44,-0.520736,0.0219547
164,-0.48,-0.520488,0.0218218
165,-0.44,-0.52,0.0216946
166,-0.52,-0.52,0.0215636
167,-0.56,-0.52024,0.0214354
168,-0.52,-0.520238,0.0213074
169,-0.48,-0.52,0.0211823
170,-0.56,-0.520235,0.0210586
171,-0.52,-0.520234,0.0209351
172,-0.48,-0.52,0.0208144
173,-0.52,-0.52,0.0206937
174,-0.48,-0.51977,0.0205757
175,-0.44,-0.519314,0.0204629
176,-0.44,-0.518864,0.0203513
177,-0.36,-0.517966,0.0202559
178,-0.4,-0.517303,0.0201526
179,-0.36,-0.516425,0.020059
180,-0.36,-0.515556,0.0199662
181,-0.32,-0.514475,0.0198849
182,-0.2,-0.512747,0.0198507
183,-0.28,-0.511475,0.0197829
184,-0.28,-0.510217,0.0197152
185,-0.28,-0.508973,0.0196478
186,-0.2,-0.507312,0.0196124
187,-0.24,-0.505882,0.0195595
188,-0.28,-0.504681,0.0194923
189,-0.36,-0.503915,0.019404
190,-0.44,-0.503579,0.0193045
191,-0.44,-0.503246,0.0192061
192,-0.56,-0.503542,0.019108
193,-0.6,-0.504041,0.0190154
194,-0.56,-0.50433,0.0189193
195,-0.56,-0.504615,0.0188242
196,-0.64,-0.505306,0.0187406
197,-0.6,-0.505787,0.0186514
198,-0.56,-0.506061,0.018559
199,-0.56,-0.506332,0.0184675
200,-0.56,-0.5066,0.0183769
201,-0.6,-0.507065,0.0182912
202,-0.64,-0.507723,0.0182123
203,-0.64,-0.508374,0.018134
204,-0.64,-0.50902,0.0180565
205,-0.68,-0.509854,0.0179875
206,-0.64,-0.510485,0.0179111
207,-0.68,-0.511304,0.0178432
208,-0.72,-0.512308,0.0177855
209,-0.8,-0.513684,0.0177537
210,-0.8,-0.515048,0.0177215
211,-0.8,-0.516398,0.0176889
212,-0.8,-0.517736,0.017656
213,-0.68,-0.518498,0.0175894
214,-0.64,-0.519065,0.0175162
215,-0.68,-0.519814,0.0174506
216,-0.68,-0.520556,0.0173855
217,-0.72,-0.521475,0.0173296
218,-0.64,-0.522018,0.0172585
219,-0.6,-0.522374,0.0171832
220,-0.52,-0.522364,0.0171049
221,-0.48,-0.522172,0.0170284
222,-0.44,-0.521802,0.0169556
223,-0.4,-0.521256,0.0168882
224,-0.36,-0.520536,0.016828
225,-0.36,-0.519822,0.0167683
226,-0.32,-0.518938,0.0167173
227,-0.36,-0.518238,0.0166582
228,-0.52,-0.518246,0.016585
229,-0.48,-0.518079,0.0165132
230,-0.48,-0.517913,0.0164421
231,-0.44,-0.517576,0.0163743
232,-0.44,-0.517241,0.016307
233,-0.44,-0.51691,0.0162402
234,-0.32,-0.516068,0.0161925
235,-0.28,-0.515064,0.0161548
236,-0.2,-0.513729,0.0161415
237,-0.2,-0.512405,0.0161276
238,-0.2,-0.511092,0.0161133
239,-0.24,-0.509958,0.0160858
240,-0.28,-0.509,0.0160472
241,-0.24,-0.507884,0.0160194
242,-0.28,-0.506942,0.0159809
243,-0.36,-0.506337,0.0159264
244,-0.16,-0.504918,0.0159244
245,-0.16,-0.50351,0.0159217
246,-0.16,-0.502114,0.0159182
247,-0.16,-0.500729,0.015914
248,-0.16,-0.499355,0.0159091
249,-0.12,-0.497831,0.0159182
250,-0.12,-0.49632,0.0159262
251,-0.08,-0.494661,0.0159491
252,0,-0.492698,0.0160065
253,0.04,-0.490593,0.0160816
254,0,-0.488661,0.0161342
255,0.12,-0.486275,0.0162471
256,0.08,-0.484062,0.016334
257,0.04,-0.482023,0.0163976
258,0,-0.480155,0.0164404
259,-0.04,-0.478456,0.0164647
260,0,-0.476615,0.0165042
261,0,-0.474789,0.0165419
262,0,-0.472977,0.016578
263,0.04,-0.471027,0.0166296
264,0,-0.469242,0.0166623
265,0.04,-0.467321,0.0167102
266,0.08,-0.465263,0.0167739
267,0.04,-0.463371,0.0168178
268,0.04,-0.461493,0.0168599
269,0.04,-0.459628,0.0169002
270,0.12,-0.457481,0.0169738
271,0.08,-0.455498,0.017027
272,0,-0.453824,0.0170467
273,0.08,-0.451868,0.0170964
274,0.08,-0.449927,0.0171441
275,0.08,-0.448,0.01719
276,0.08,-0.446087,0.0172341
277,0,-0.444477,0.0172471
278,-0.04,-0.443022,0.0172464
279,-0.04,-0.441577,0.0172451
280,0,-0.44,0.0172556
281,0.08,-0.438149,0.0172934
282,0.08,-0.436312,0.0173297
283,0.24,-0.433922,0.0174329
284,0.2,-0.43169,0.0175142
285,0.16,-0.429614,0.0175757
286,0.08,-0.427832,0.0176046
287,0.08,-0.426063,0.0176321
288,0.04,-0.424444,0.0176452
289,-0.08,-0.423253,0.0176244
290,-0.12,-0.422207,0.0175946
291,-0.12,-0.421168,0.0175647
292,-0.16,-0.420274,0.0175273
293,-0.16,-0.419386,0.01749
294,-0.24,-0.418776,0.0174411
295,-0.28,-0.418305,0.0173882
296,-0.32,-0.417973,0.0173325
297,-0.44,-0.418047,0.0172742
298,-0.48,-0.418255,0.0172174
299,-0.52,-0.418595,0.0171631
300,-0.64,-0.419333,0.0171217
301,-0.64,-0.420066,0.0170805
302,-0.64,-0.420795,0.0170394
303,-0.48,-0.42099,0.0169842
304,-0.52,-0.421316,0.0169314
305,-0.52,-0.421639,0.0168789
306,-0.52,-0.421961,0.0168267
307,-0.4,-0.421889,0.0167719
308,-0.32,-0.421558,0.0167207
309,-0.32,-0.42123,0.0166697
310,-0.28,-0.420774,0.0166221
311,-0.32,-0.42045,0.0165717
312,-0.36,-0.420256,0.0165197
313,-0.36,-0.420064,0.0164679
314,-0.32,-0.419745,0.0164185
315,-0.28,-0.419302,0.0163723
316,-0.2,-0.418608,0.0163352
317,-0.2,-0.417918,0.0162981
318,-0.16,-0.417107,0.016267
319,-0.32,-0.416803,0.0162188
320,-0.28,-0.416375,0.0161737
321,-0.08,-0.415327,0.0161573
322,-0.04,-0.414161,0.0161491
323,-0.04,-0.413003,0.0161407
324,0.08,-0.411481,0.0161626
325,0.12,-0.409846,0.0161955
326,0.08,-0.408344,0.0162155
327,0.08,-0.40685,0.0162347
328,0.04,-0.405488,0.0162424
329,-0.12,-0.40462,0.0162162
330,-0.2,-0.404,0.0161788
331,-0.12,-0.403142,0.0161527
332,-0.12,-0.402289,0.0161265
333,-0.24,-0.401802,0.0160854
334,-0.16,-0.401078,0.0160535
335,-0.2,-0.400478,0.0160168
336,-0.16,-0.399762,0.0159851
337,-0.2,-0.399169,0.0159486
338,-0.16,-0.398462,0.0159171
339,-0.08,-0.397522,0.0158978
340,-0.12,-0.396706,0.015872
341,-0.12,-0.395894,0.0158462
342,-0.08,-0.394971,0.0158267
343,-0.08,-0.394052,0.0158072
344,-0.12,-0.393256,0.0157813
345,0,-0.392116,0.0157768
346,0.04,-0.390867,0.0157806
347,0,-0.389741,0.0157753
348,0.08,-0.388391,0.0157877
349,0.12,-0.386934,0.0158097
350,0.16,-0.385371,0.0158417
351,0.24,-0.38359,0.0158967
352,0.12,-0.382159,0.0159159
353,0,-0.381076,0.0159076
354,-0.12,-0.380339,0.0158797
355,-0.12,-0.379606,0.0158519
356,-0.12,-0.378876,0.0158241
357,-0.16,-0.378263,0.0157917
358,-0.08,-0.37743,0.0157695
359,0,-0.376379,0.0157606
360,0,-0.375333,0.0157515
361,0.08,-0.374072,0.0157584
362,0.12,-0.372707,0.0157739
363,0.04,-0.37157,0.0157715
364,0,-0.370549,0.0157612
365,-0.04,-0.369644,0.015744
366,-0.12,-0.368962,0.0157157
367,-0.08,-0.368174,0.0156926
368,-0.12,-0.3675,0.0156644
369,-0.16,-0.366938,0.015632
370,-0.16,-0.366378,0.0155998
371,-0.24,-0.366038,0.0155614
372,-0.36,-0.366022,0.0155195
373,-0.32,-0.365898,0.0154783
374,-0.28,-0.365668,0.0154386
375,-0.2,-0.365227,0.0154037
376,-0.2,-0.364787,0.015369
377,-0.16,-0.364244,0.0153378
378,-0.28,-0.364021,0.0152988
379,-0.2,-0.363588,0.0152645
380,-0.24,-0.363263,0.0152277
381,-0.36,-0.363255,0.0151877
382,-0.44,-0.363455,0.0151492
383,-0.44,-0.363655,0.015111
384,-0.4,-0.36375,0.0150719
385,-0.36,-0.36374,0.0150327
386,-0.4,-0.363834,0.014994
387,-0.44,-0.364031,0.0149565
388,-0.56,-0.364536,0.0149264
389,-0.6,-0.365141,0.0149003
390,-0.56,-0.365641,0.0148704
391,-0.64,-0.366343,0.0148489
392,-0.64,-0.367041,0.0148275
393,-0.64,-0.367735,0.014806
394,-0.64,-0.368426,0.0147845
395,-0.8,-0.369519,0.0147875
396,-0.84,-0.370707,0.0147978
397,-0.72,-0.371587,0.0147867
398,-0.76,-0.372563,0.0147818
399,-0.76,-0.373534,0.0147766
400,-0.76,-0.3745,0.0147713
401,-0.76,-0.375461,0.0147657
402,-0.8,-0.376517,0.0147667
403,-0.84,-0.377667,0.0147749
404,-0.88,-0.378911,0.0147906
405,-0.92,-0.380247,0.0148144
406,-1,-0.381773,0.0148565
407,-1,-0.383292,0.0148976
408,-1,-0.384804,0.0149377
409,-1,-0.386308,0.0149769
410,-1,-0.387805,0.0150151
411,-1,-0.389294,0.0150524
412,-1,-0.390777,0.0150888
413,-1,-0.392252,0.0151243
414,-1,-0.39372,0.015159
415,-1,-0.395181,0.0151928
416,-1,-0.396635,0.0152258
417,-1,-0.398082,0.015258
418,-1,-0.399522,0.0152895
419,-1,-0.400955,0.0153201
420,-1,-0.402381,0.01535
421,-1,-0.4038,0.0153791
422,-1,-0.405213,0.0154076
423,-1,-0.406619,0.0154353
424,-1,-0.408019,0.0154623
425,-1,-0.409412,0.0154886
426,-1,-0.410798,0.0155143
427,-1,-0.412178,0.0155393
428,-1,-0.413551,0.0155637
429,-1,-0.414918,0.0155874
430,-1,-0.416279,0.0156105
431,-1,-0.417633,0.015633
432,-1,-0.418981,0.015655
433,-1,-0.420323,0.0156763
434,-1,-0.421659,0.0156971
435,-1,-0.422989,0.0157173
436,-1,-0.424312,0.0157369
437,-1,-0.425629,0.015756
438,-1,-0.426941,0.0157746
439,-1,-0.428246,0.0157927
440,-1,-0.429545,0.0158103
441,-1,-0.430839,0.0158273
442,-1,-0.432127,0.0158439
443,-1,-0.433409,0.01586
444,-1,-0.434685,0.0158756
445,-1,-0.435955,0.0158907
446,-1,-0.43722,0.0159054
447,-1,-0.438479,0.0159197
448,-1,-0.439732,0.0159335
449,-1,-0.44098,0.0159468
450,-1,-0.442222,0.0159598
451,-1,-0.443459,0.0159723
452,-1,-0.44469,0.0159844
453,-1,-0.445916,0.0159961
454,-1,-0.447137,0.0160074
455,-1,-0.448352,0.0160184
456,-1,-0.449561,0.0160289
457,-1,-0.450766,0.0160391
458,-1,-0.451965,0.0160489
459,-1,-0.453159,0.0160584
460,-1,-0.454348,0.0160674
461,-1,-0.455531,0.0160762
462,-1,-0.45671,0.0160846
463,-1,-0.457883,0.0160926
464,-1,-0.459052,0.0161004
465,-1,-0.460215,0.0161078
466,-1,-0.461373,0.0161149
467,-1,-0.462527,0.0161216
468,-1,-0.463675,0.0161281
469,-1,-0.464819,0.0161342
470,-1,-0.465957,0.0161401
471,-1,-0.467091,0.0161456
472,-1,-0.46822,0.0161509
473,-1,-0.469345,0.0161559
474,-1,-0.470464,0.0161606
475,-1,-0.471579,0.016165
476,-1,-0.472689,0.0161692
477,-1,-0.473795,0.0161731
478,-1,-0.474895,0.0161767
479,-1,-0.475992,0.0161801
480,-1,-0.477083,0.0161832
481,-1,-0.47817,0.0161861
482,-1,-0.479253,0.0161887
483,-1,-0.480331,0.0161911
484,-1,-0.481405,0.0161932
485,-1,-0.482474,0.0161951
486,-1,-0.483539,0.0161968
487,-1,-0.4846,0.0161983
488,-1,-0.485656,0.0161995
489,-1,-0.486708,0.0162005
490,-1,-0.487755,0.0162014
491,-1,-0.488798,0.0162019
492,-1,-0.489837,0.0162023
493,-1,-0.490872,0.0162025
494,-1,-0.491903,0.0162025
495,-1,-0.492929,0.0162023
496,-1,-0.493952,0.0162019
497,-1,-0.49497,0.0162013
498,-1,-0.495984,0.0162005
499,-1,-0.496994,0.0161995
500,-1,-0.498,0.0161983
501,-1,-0.499002,0.016197
502,-1,-0.5,0.0161955
503,-1,-0.500994,0.0161938
504,-1,-0.501984,0.0161919
505,-1,-0.50297,0.0161899
506,-1,-0.503953,0.0161877
507,-1,-0.504931,0.0161853
508,-1,-0.505906,0.0161828
509,-1,-0.506876,0.0161801
510,-1,-0.507843,0.0161773
511,-1,-0.508806,0.0161743
512,-1,-0.509766,0.0161712
513,-1,-0.510721,0.0161679
514,-1,-0.511673,0.0161644
515,-1,-0.512621,0.0161609
516,-1,-0.513566,0.0161571
517,-1,-0.514507,0.0161533
518,-1,-0.515444,0.0161493
519,-1,-0.516378,0.0161452
520,-1,-0.517308,0.0161409
521,-1,-0.518234,0.0161365
522,-1,-0.519157,0.016132
523,-1,-0.520076,0.0161273
524,-1,-0.520992,0.0161226
525,-1,-0.521905,0.0161177
526,-0.96,-0.522738,0.0161085
527,-0.92,-0.523491,0.0160956
528,-1,-0.524394,0.0160904
529,-1,-0.525293,0.0160851
530,-1,-0.526189,0.0160797
531,-1,-0.527081,0.0160742
532,-1,-0.52797,0.0160686
533,-1,-0.528856,0.0160628
534,-1,-0.529738,0.016057
535,-1,-0.530617,0.016051
536,-1,-0.531493,0.0160449
537,-1,-0.532365,0.0160388
538,-1,-0.533234,0.0160325
539,-1,-0.5341,0.0160262
540,-1,-0.534963,0.0160197
541,-1,-0.535823,0.0160132
542,-1,-0.536679,0.0160065
543,-1,-0.537532,0.0159998
544,-1,-0.538382,0.015993
545,-1,-0.539229,0.015986
546,-1,-0.540073,0.015979
547,-1,-0.540914,0.0159719
548,-1,-0.541752,0.0159648
549,-1,-0.542587,0.0159575
550,-1,-0.543418,0.0159502
551,-1,-0.544247,0.0159427
552,-1,-0.545072,0.0159352
553,-1,-0.545895,0.0159276
554,-1,-0.546715,0.01592
555,-1,-0.547532,0.0159123
556,-1,-0.548345,0.0159044
557,-1,-0.549156,0.0158966
558,-1,-0.549964,0.0158886
559,-1,-0.550769,0.0158806
560,-1,-0.551571,0.0158725
561,-1,-0.552371,0.0158643
562,-1,-0.553167,0.0158561
563,-1,-0.553961,0.0158478
564,-1,-0.554752,0.0158394
565,-1,-0.55554,0.015831
566,-1,-0.556325,0.0158225
567,-1,-0.557108,0.0158139
568,-1,-0.557887,0.0158053
569,-1,-0.558664,0.0157966
570,-1,-0.559439,0.0157879
571,-1,-0.56021,0.0157791
572,-1,-0.560979,0.0157702
573,-1,-0.561745,0.0157613
574,-1,-0.562509,0.0157523
575,-1,-0.56327,0.0157433
576,-1,-0.564028,0.0157342
577,-1,-0.564783,0.0157251
578,-1,-0.565536,0.0157159
579,-1,-0.566287,0.0157067
580,-1,-0.567034,0.0156974
581,-1,-0.56778,0.0156881
582,-1,-0.568522,0.0156787
583,-1,-0.569262,0.0156693
584,-1,-0.57,0.0156598
585,-1,-0.570735,0.0156503
586,-1,-0.571468,0.0156407
587,-1,-0.572198,0.0156311
588,-1,-0.572925,0.0156214
589,-1,-0.57365,0.0156117
590,-1,-0.574373,0.015602
591,-1,-0.575093,0.0155922
592,-1,-0.575811,0.0155824
593,-1,-0.576526,0.0155725
594,-1,-0.577239,0.0155626
595,-1,-0.57795,0.0155527
596,-1,-0.578658,0.0155427
597,-1,-0.579363,0.0155327
598,-1,-0.580067,0.0155227
599,-1,-0.580768,0.0155126
600,-1,-0.581467,0.0155024
601,-1,-0.582163,0.0154923
602,-1,-0.582857,0.0154821
603,-1,-0.583549,0.0154719
604,-1,-0.584238,0.0154616
605,-1,-0.584926,0.0154513
606,-1,-0.585611,0.015441
607,-1,-0.586293,0.0154307
608,-1,-0.586974,0.0154203
609,-1,-0.587652,0.0154099
610,-1,-0.588328,0.0153994
611,-1,-0.589002,0.015389
612,-1,-0.589673,0.0153785
613,-1,-0.590343,0.0153679
614,-1,-0.59101,0.0153574
615,-1,-0.591675,0.0153468
616,-1,-0.592338,0.0153362
617,-1,-0.592998,0.0153256
618,-1,-0.593657,0.0153149
619,-1,-0.594313,0.0153043
620,-1,-0.594968,0.0152936
621,-1,-0.59562,0.0152828
622,-1,-0.59627,0.0152721
623,-1,-0.596918,0.0152613
624,-1,-0.597564,0.0152505
625,-1,-0.598208,0.0152397
626,-1,-0.59885,0.0152289
627,-1,-0.59949,0.015218
628,-1,-0.600127,0.0152072
629,-1,-0.600763,0.0151963
630,-1,-0.601397,0.0151854
631,-1,-0.602029,0.0151744
632,-1,-0.602658,0.0151635
633,-1,-0.603286,0.0151525
634,-1,-0.603912,0.0151415
635,-1,-0.604535,0.0151305
636,-1,-0.605157,0.0151195
637,-1,-0.605777,0.0151085
638,-1,-0.606395,0.0150974
639,-1,-0.607011,0.0150864
640,-1,-0.607625,0.0150753
641,-1,-0.608237,0.0150642
642,-1,-0.608847,0.0150531
643,-1,-0.609456,0.015042
644,-1,-0.610062,0.0150308
645,-1,-0.610667,0.0150197
646,-1,-0.611269,0.0150085
647,-1,-0.61187,0.0149973
648,-1,-0.612469,0.0149861
649,-1,-0.613066,0.0149749
650,-1,-0.613662,0.0149637
651,-1,-0.614255,0.0149525
652,-1,-0.614847,0.0149413
653,-1,-0.615436,0.01493
654,-1,-0.616024,0.0149188
655,-1,-0.616611,0.0149075
656,-1,-0.617195,0.0148962
657,-1,-0.617778,0.014885
658,-1,-0.618359,0.0148737
659,-1,-0.618938,0.0148624
660,-1,-0.619515,0.0148511
661,-1,-0.620091,0.0148398
662,-1,-0.620665,0.0148284
663,-1,-0.621237,0.0148171
664,-1,-0.621807,0.0148058
665,-1,-0.622376,0.0147944
666,-1,-0.622943,0.0147831
667,-1,-0.623508,0.0147717
668,-1,-0.624072,0.0147603
669,-1,-0.624634,0.014749
670,-1,-0.625194,0.0147376
671,-1,-0.625753,0.0147262
672,-1,-0.62631,0.0147148
673,-1,-0.626865,0.0147034
674,-1,-0.627418,0.014692
675,-1,-0.62797,0.0146806
676,-1,-0.628521,0.0146692
677,-1,-0.629069,0.0146578
678,-1,-0.629617,0.0146464
679,-1,-0.630162,0.014635
680,-1,-0.630706,0.0146236
681,-1,-0.631248,0.0146121
682,-1,-0.631789,0.0146007
683,-1,-0.632328,0.0145893
684,-1,-0.632865,0.0145778
685,-1,-0.633401,0.0145664
686,-1,-0.633936,0.014555
687,-1,-0.634469,0.0145435
688,-0.92,-0.634884,0.0145283
689,-0.92,-0.635298,0.0145131
690,-0.96,-0.635768,0.0144997
691,-1,-0.636295,0.0144883
692,-1,-0.636821,0.0144769
693,-1,-0.637345,0.0144655
694,-1,-0.637867,0.0144541
695,-1,-0.638388,0.0144427
696,-1,-0.638908,0.0144312
697,-1,-0.639426,0.0144198
698,-1,-0.639943,0.0144084
699,-1,-0.640458,0.014397
700,-1,-0.640971,0.0143856
701,-1,-0.641484,0.0143742
702,-1,-0.641994,0.0143628
703,-1,-0.642504,0.0143514
704,-1,-0.643011,0.01434
705,-1,-0.643518,0.0143286
706,-1,-0.644023,0.0143172
707,-1,-0.644526,0.0143058
708,-1,-0.645028,0.0142944
709,-1,-0.645529,0.014283
710,-1,-0.646028,0.0142716
711,-1,-0.646526,0.0142602
712,-1,-0.647022,0.0142488
713,-1,-0.647518,0.0142374
714,-1,-0.648011,0.014226
715,-1,-0.648503,0.0142146
716,-1,-0.648994,0.0142033
717,-1,-0.649484,0.0141919
718,-1,-0.649972,0.0141805
719,-1,-0.650459,0.0141691
720,-1,-0.650944,0.0141578
721,-0.96,-0.651373,0.0141446
722,-1,-0.651856,0.0141333
723,-1,-0.652337,0.0141219
724,-1,-0.652818,0.0141106
725,-1,-0.653297,0.0140992
726,-1,-0.653774,0.0140879
727,-1,-0.65425,0.0140765
728,-1,-0.654725,0.0140652
729,-1,-0.655199,0.0140539
730,-1,-0.655671,0.0140426
731,-1,-0.656142,0.0140313
732,-1,-0.656612,0.01402
733,-1,-0.65708,0.0140086
734,-1,-0.657548,0.0139973
735,-1,-0.658014,0.0139861
736,-1,-0.658478,0.0139748
737,-1,-0.658942,0.0139635
738,-1,-0.659404,0.0139522
739,-1,-0.659865,0.0139409
740,-1,-0.660324,0.0139297
741,-1,-0.660783,0.0139184
742,-1,-0.66124,0.0139072
743,-1,-0.661696,0.0138959
744,-1,-0.662151,0.0138847
745,-1,-0.662604,0.0138734
746,-1,-0.663056,0.0138622
747,-1,-0.663507,0.013851
748,-1,-0.663957,0.0138398
749,-1,-0.664406,0.0138285
750,-1,-0.664853,0.0138173
751,-0.96,-0.665246,0.0138045
752,-1,-0.665691,0.0137933
753,-1,-0.666135,0.0137822
754,-1,-0.666578,0.013771
755,-1,-0.66702,0.0137598
756,-1,-0.66746,0.0137487
757,-1,-0.6679,0.0137375
758,-1,-0.668338,0.0137264
759,-1,-0.668775,0.0137153
760,-1,-0.669211,0.0137041
761,-1,-0.669645,0.013693
762,-1,-0.670079,0.0136819
763,-1,-0.670511,0.0136708
764,-1,-0.670942,0.0136597
765,-1,-0.671373,0.0136486
766,-1,-0.671802,0.0136375
767,-1,-0.672229,0.0136265
768,-1,-0.672656,0.0136154
769,-1,-0.673082,0.0136043
770,-1,-0.673506,0.0135933
771,-1,-0.67393,0.0135823
772,-1,-0.674352,0.0135712
773,-1,-0.674774,0.0135602
774,-1,-0.675194,0.0135492
775,-1,-0.675613,0.0135382
776,-1,-0.676031,0.0135272
777,-1,-0.676448,0.0135162
778,-1,-0.676864,0.0135052
779,-1,-0.677279,0.0134942
780,-1,-0.677692,0.0134833
781,-1,-0.678105,0.0134723
782,-1,-0.678517,0.0134614
783,-1,-0.678927,0.0134505
784,-1,-0.679337,0.0134395
785,-1,-0.679745,0.0134286
786,-1,-0.680153,0.0134177
787,-1,-0.680559,0.0134068
788,-1,-0.680964,0.0133959
789,-1,-0.681369,0.013385
790,-1,-0.681772,0.0133742
791,-1,-0.682174,0.0133633
792,-1,-0.682576,0.0133524
793,-1,-0.682976,0.0133416
794,-1,-0.683375,0.0133308
795,-1,-0.683774,0.0133199
796,-1,-0.684171,0.0133091
797,-1,-0.684567,0.0132983
798,-1,-0.684962,0.0132875
799,-0.96,-0.685307,0.0132754
800,-1,-0.6857,0.0132646
801,-1,-0.686092,0.0132538
802,-1,-0.686484,0.0132431
803,-1,-0.686874,0.0132323
804,-1,-0.687264,0.0132216
805,-1,-0.687652,0.0132109
806,-1,-0.68804,0.0132002
807,-1,-0.688426,0.0131895
808,-1,-0.688812,0.0131788
809,-1,-0.689197,0.0131681
810,-1,-0.68958,0.0131574
811,-1,-0.689963,0.0131468
812,-1,-0.690345,0.0131361
813,-1,-0.690726,0.0131255
814,-1,-0.691106,0.0131148
815,-1,-0.691485,0.0131042
816,-1,-0.691863,0.0130936
817,-1,-0.69224,0.013083
818,-1,-0.692616,0.0130724
819,-1,-0.692991,0.0130619
820,-1,-0.693366,0.0130513
821,-1,-0.693739,0.0130407
822,-1,-0.694112,0.0130302
823,-1,-0.694484,0.0130196
824,-1,-0.694854,0.0130091
825,-0.92,-0.695127,0.0129962
826,-0.88,-0.695351,0.0129824
827,-0.84,-0.695526,0.0129679
828,-0.92,-0.695797,0.012955
829,-0.8,-0.695923,0.01294
830,-0.76,-0.696,0.0129246
831,-0.88,-0.696221,0.012911
832,-0.92,-0.69649,0.0128983
833,-1,-0.696855,0.0128879
834,-1,-0.697218,0.0128776
835,-1,-0.697581,0.0128673
836,-1,-0.697943,0.0128569
837,-1,-0.698303,0.0128466
838,-1,-0.698663,0.0128364
839,-1,-0.699023,0.0128261
840,-1,-0.699381,0.0128158
841,-1,-0.699738,0.0128056
842,-1,-0.700095,0.0127953
843,-1,-0.700451,0.0127851
844,-1,-0.700806,0.0127748
845,-1,-0.70116,0.0127646
846,-1,-0.701513,0.0127544
847,-1,-0.701865,0.0127442
848,-1,-0.702217,0.012734
849,-1,-0.702568,0.0127239
850,-1,-0.702918,0.0127137
851,-1,-0.703267,0.0127036
852,-1,-0.703615,0.0126934
853,-1,-0.703962,0.0126833
854,-1,-0.704309,0.0126732
855,-1,-0.704655,0.0126631
856,-1,-0.705,0.012653
857,-1,-0.705344,0.0126429
858,-1,-0.705688,0.0126328
859,-1,-0.70603,0.0126227
860,-1,-0.706372,0.0126127
861,-1,-0.706713,0.0126026
862,-1,-0.707053,0.0125926
863,-1,-0.707393,0.0125826
864,-1,-0.707731,0.0125726
865,-1,-0.708069,0.0125626
866,-1,-0.708406,0.0125526
867,-1,-0.708743,0.0125426
868,-1,-0.709078,0.0125327
869,-1,-0.709413,0.0125227
870,-1,-0.709747,0.0125128
871,-1,-0.71008,0.0125028
872,-1,-0.710413,0.0124929
873,-1,-0.710745,0.012483
874,-1,-0.711076,0.0124731
875,-1,-0.711406,0.0124632
876,-1,-0.711735,0.0124533
877,-1,-0.712064,0.0124435
878,-1,-0.712392,0.0124336
879,-1,-0.712719,0.0124238
880,-1,-0.713045,0.0124139
881,-1,-0.713371,0.0124041
882,-0.96,-0.713651,0.0123932
883,-1,-0.713975,0.0123834
884,-1,-0.714299,0.0123736
885,-1,-0.714621,0.0123638
886,-1,-0.714944,0.0123541
887,-1,-0.715265,0.0123443
888,-1,-0.715586,0.0123346
889,-1,-0.715906,0.0123249
890,-1,-0.716225,0.0123151
891,-1,-0.716543,0.0123054
892,-1,-0.716861,0.0122957
893,-1,-0.717178,0.012286
894,-1,-0.717494,0.0122764
895,-1,-0.71781,0.0122667
896,-1,-0.718125,0.0122571
897,-1,-0.718439,0.0122474
898,-1,-0.718753,0.0122378
899,-1,-0.719066,0.0122282
900,-1,-0.719378,0.0122186
901,-1,-0.719689,0.012209
902,-1,-0.72,0.0121994
903,-1,-0.72031,0.0121898
904,-1,-0.720619,0.0121803
905,-0.92,-0.72084,0.0121688
906,-0.88,-0.721015,0.0121566
907,-0.84,-0.721147,0.0121439
908,-0.92,-0.721366,0.0121325
909,-0.84,-0.721496,0.0121199
910,-0.88,-0.72167,0.0121078
911,-0.88,-0.721844,0.0120957
912,-0.96,-0.722105,0.0120853
913,-1,-0.72241,0.0120759
914,-1,-0.722713,0.0120665
915,-1,-0.723016,0.0120571
916,-1,-0.723319,0.0120477
917,-1,-0.723621,0.0120384
918,-1,-0.723922,0.012029
919,-1,-0.724222,0.0120197
920,-1,-0.724522,0.0120103
921,-1,-0.724821,0.012001
922,-1,-0.725119,0.0119917
923,-1,-0.725417,0.0119824
924,-1,-0.725714,0.0119731
925,-1,-0.726011,0.0119638
926,-1,-0.726307,0.0119546
927,-1,-0.726602,0.0119453
928,-1,-0.726897,0.0119361
929,-1,-0.727191,0.0119268
930,-1,-0.727484,0.0119176
931,-1,-0.727777,0.0119084
932,-1,-0.728069,0.0118992
933,-1,-0.72836,0.01189
934,-1,-0.728651,0.0118809
935,-0.96,-0.728898,0.0118707
936,-1,-0.729188,0.0118616
937,-1,-0.729477,0.0118524
938,-1,-0.729765,0.0118433
939,-1,-0.730053,0.0118342
940,-1,-0.73034,0.0118251
941,-1,-0.730627,0.011816
942,-1,-0.730913,0.0118069
943,-1,-0.731198,0.0117978
944,-1,-0.731483,0.0117887
945,-1,-0.731767,0.0117797
946,-1,-0.732051,0.0117706
947,-1,-0.732334,0.0117616
948,-1,-0.732616,0.0117526
949,-1,-0.732898,0.0117436
950,-1,-0.733179,0.0117346
951,-1,-0.73346,0.0117256
952,-1,-0.733739,0.0117166
953,-1,-0.734019,0.0117076
954,-1,-0.734298,0.0116987
955,-1,-0.734576,0.0116897
956,-1,-0.734854,0.0116808
957,-1,-0.735131,0.0116719
958,-1,-0.735407,0.011663
959,-1,-0.735683,0.0116541
960,-1,-0.735958,0.0116452
961,-1,-0.736233,0.0116363
962,-1,-0.736507,0.0116274
963,-1,-0.736781,0.0116186
964,-1,-0.737054,0.0116097
965,-1,-0.737326,0.0116009
966,-1,-0.737598,0.0115921
967,-1,-0.73787,0.0115833
968,-1,-0.73814,0.0115745
969,-1,-0.738411,0.0115657
970,-1,-0.73868,0.0115569
971,-1,-0.73895,0.0115481
972,-1,-0.739218,0.0115393
973,-1,-0.739486,0.0115306
974,-1,-0.739754,0.0115219
975,-1,-0.740021,0.0115131
976,-1,-0.740287,0.0115044
977,-1,-0.740553,0.0114957
978,-1,-0.740818,0.011487
979,-1,-0.741083,0.0114783
980,-1,-0.741347,0.0114696
981,-1,-0.741611,0.011461
982,-1,-0.741874,0.0114523
983,-1,-0.742136,0.0114437
984,-1,-0.742398,0.011435
985,-1,-0.74266,0.0114264
986,-1,-0.742921,0.0114178
987,-1,-0.743181,0.0114092
988,-1,-0.743441,0.0114006
989,-1,-0.743701,0.011392
990,-1,-0.74396,0.0113835
991,-1,-0.744218,0.0113749
992,-1,-0.744476,0.0113664
993,-1,-0.744733,0.0113578
994,-0.96,-0.74495,0.0113485
995,-1,-0.745206,0.01134
996,-1,-0.745462,0.0113314
997,-1,-0.745717,0.011323
998,-1,-0.745972,0.0113145
999,-1,-0.746226,0.011306
1000,-1,-0.74648,0.0112975
