1,-0.2,-0.2,0
2,-0.44,-0.32,0.12
3,-0.52,-0.386667,0.096148
4,-0.2,-0.34,0.0824621
5,-0.28,-0.328,0.0649923
6,-0.12,-0.293333,0.0633859
7,-0.12,-0.268571,0.0590169
8,-0.2,-0.26,0.0518239
9,-0.12,-0.244444,0.048279
10,-0.16,-0.236,0.044
11,-0.2,-0.232727,0.0399338
12,-0.08,-0.22,0.0386123
13,-0.08,-0.209231,0.0371149
14,-0.04,-0.197143,0.0364259
15,0.2,-0.170667,0.0430223
16,0.12,-0.1525,0.0441541
17,0.04,-0.141176,0.0429935
18,0,-0.133333,0.0412865
19,-0.12,-0.132632,0.0390594
20,-0.24,-0.138,0.0374419
21,0,-0.131429,0.0362155
22,0.24,-0.114545,0.0384366
23,0.08,-0.106087,0.0376889
24,-0.2,-0.11,0.0362959
25,-0.32,-0.1184,0.0358128
26,-0.32,-0.126154,0.0352707
27,-0.2,-0.128889,0.0340493
28,0.16,-0.118571,0.0343947
29,0.24,-0.106207,0.0354159
30,0.4,-0.0893333,0.0381495
31,0.2,-0.08,0.0380605
32,0.48,-0.0625,0.040796
33,0.36,-0.049697,0.0415616
34,0.28,-0.04,0.0414703
35,0.36,-0.0285714,0.0418584
36,0.36,-0.0177778,0.0420867
37,0.36,-0.00756757,0.0421876
38,0.32,0.00105263,0.0419574
39,0.08,0.00307692,0.0409175
40,0.36,0.012,0.0408675
41,0.24,0.017561,0.0402443
42,0.12,0.02,0.0393501
43,0.04,0.0204651,0.0384269
44,0.04,0.0209091,0.0375461
45,-0.08,0.0186667,0.0367707
46,-0.12,0.0156522,0.0360885
47,-0.2,0.0110638,0.0356092
48,-0.04,0.01,0.0348757
49,0.28,0.0155102,0.0345981
50,0.2,0.0192,0.0340993
51,0.28,0.0243137,0.0338129
52,0.08,0.0253846,0.0331736
53,-0.08,0.0233962,0.0326023
54,0.24,0.0274074,0.0322434
55,0.24,0.0312727,0.0318869
56,-0.04,0.03,0.0313381
57,0.04,0.0301754,0.0307839
58,0,0.0296552,0.030253
59,0.12,0.0311864,0.0297752
60,0.08,0.032,0.029286
61,0.04,0.0321311,0.0288022
62,0.16,0.0341935,0.0284088
63,0,0.0336508,0.0279595
64,0,0.033125,0.0275242
65,-0.16,0.0301538,0.0272599
66,-0.28,0.0254545,0.0272519
67,-0.16,0.0226866,0.0269844
68,-0.2,0.0194118,0.0267856
69,-0.24,0.0156522,0.0266609
70,-0.28,0.0114286,0.0266146
71,-0.04,0.0107042,0.026247
72,0.12,0.0122222,0.0259244
73,0,0.0120548,0.0255674
74,0.04,0.0124324,0.0252223
75,0.32,0.0165333,0.0252194
76,0.28,0.02,0.0251256
77,0.36,0.0244156,0.0251873
78,0.28,0.0276923,0.0250773
79,0.36,0.0318987,0.0251126
80,0.44,0.037,0.025316
81,0.32,0.0404938,0.0252444
82,0.32,0.0439024,0.0251666
83,0.24,0.0462651,0.0249735
84,0.12,0.0471429,0.02469
85,-0.2,0.0442353,0.0245705
86,-0.12,0.0423256,0.0243581
87,0.04,0.0422989,0.0240765
88,0,0.0418182,0.0238062
89,-0.16,0.0395506,0.0236461
90,-0.24,0.0364444,0.0235873
91,-0.44,0.0312088,0.023907
92,-0.08,0.03,0.0236766
93,0,0.0296774,0.0234229
94,-0.2,0.027234,0.0233008
95,-0.24,0.0244211,0.0232252
96,-0.08,0.0233333,0.0230078
97,0.12,0.0243299,0.0227911
98,-0.16,0.022449,0.0226356
99,-0.16,0.0206061,0.0224815
100,-0.32,0.0172,0.0225147
101,-0.2,0.0150495,0.0223941
102,-0.08,0.0141176,0.0221931
103,-0.08,0.0132039,0.0219955
104,0.04,0.0134615,0.0217845
105,0.12,0.0144762,0.0215999
106,0,0.0143396,0.0213956
107,0.12,0.0153271,0.0212177
108,0.08,0.0159259,0.0210288
109,0,0.0157798,0.0208355
110,-0.04,0.0152727,0.0206515
111,0.04,0.0154955,0.0204658
112,0.04,0.0157143,0.0202834
113,0.12,0.0166372,0.0201243
114,-0.16,0.0150877,0.0200071
115,-0.12,0.013913,0.0198671
116,-0.08,0.0131034,0.0197117
117,0,0.0129915,0.0195428
118,0.2,0.0145763,0.0194412
119,0.2,0.0161345,0.01934
120,0.28,0.0183333,0.0193038
121,0.08,0.018843,0.0191504
122,0.2,0.0203279,0.0190507
123,0.16,0.0214634,0.0189293
124,-0.04,0.0209677,0.0187826
125,-0.16,0.01952,0.0186879
126,0.08,0.02,0.0185452
127,0.16,0.0211024,0.0184316
128,0.32,0.0234375,0.0184355
129,0.12,0.024186,0.0183073
130,-0.04,0.0236923,0.0181727
131,-0.16,0.0222901,0.0180879
132,-0.28,0.02,0.0180958
133,-0.16,0.0186466,0.0180101
134,-0.12,0.0176119,0.0179052
135,-0.08,0.0168889,0.0177867
136,0,0.0167647,0.0176559
137,0.16,0.0178102,0.0175577
138,0.04,0.017971,0.0174308
139,0.16,0.0189928,0.017335
140,0.16,0.02,0.0172402
141,0.12,0.0207092,0.0171322
142,0.24,0.0222535,0.0170811
143,0.16,0.0232168,0.0169885
144,0.2,0.0244444,0.0169148
145,-0.12,0.0234483,0.0168272
146,0.36,0.0257534,0.0168698
147,0.24,0.0272109,0.0168179
148,0.24,0.0286486,0.0167657
149,0,0.0284564,0.0166539
150,-0.16,0.0272,0.0165901
151,-0.2,0.0256954,0.0165484
152,-0.36,0.0231579,0.0166339
153,-0.56,0.0193464,0.0169587
154,-0.56,0.0155844,0.0172631
155,-0.6,0.0116129,0.0176051
156,-0.4,0.00897436,0.0176898
157,-0.4,0.00636943,0.0177688
158,-0.44,0.0035443,0.0178805
159,-0.44,0.000754717,0.0179854
160,-0.32,-0.00125,0.0179847
161,-0.2,-0.00248447,0.0179152
162,-0.32,-0.00444444,0.0179118
163,-0.32,-0.00638037,0.0179066
164,-0.32,-0.00829268,0.0178995
165,-0.44,-0.0109091,0.0179821
166,-0.52,-0.0139759,0.0181346
167,-0.56,-0.0172455,0.0183198
168,-0.4,-0.0195238,0.0183524
169,-0.4,-0.0217751,0.0183819
170,-0.48,-0.0244706,0.0184712
171,-0.4,-0.0266667,0.0184937
172,-0.36,-0.0286047,0.0184877
173,-0.2,-0.0295954,0.0184072
174,-0.08,-0.0298851,0.0183034
175,-0.08,-0.0301714,0.0182008
176,-0.24,-0.0313636,0.0181363
177,-0.32,-0.0329944,0.0181071
178,-0.28,-0.034382,0.0180585
179,-0.04,-0.0344134,0.0179573
180,0.16,-0.0333333,0.0178899
181,0,-0.0331492,0.0177918
182,0.08,-0.0325275,0.0177047
183,-0.12,-0.0330055,0.0176141
184,-0.16,-0.0336957,0.0175317
185,-0.28,-0.035027,0.0174875
186,-0.08,-0.0352688,0.0173949
187,-0.04,-0.0352941,0.0173016
188,-0.04,-0.0353191,0.0172094
189,0.08,-0.034709,0.0171289
190,0.08,-0.0341053,0.0170492
191,0,-0.0339267,0.0169607
192,-0.12,-0.034375,0.0168781
193,-0.24,-0.0354404,0.0168242
194,-0.28,-0.036701,0.0167846
195,-0.2,-0.0375385,0.0167193
196,-0.08,-0.0377551,0.0166352
197,-0.08,-0.0379695,0.0165519
198,0.2,-0.0367677,0.0165119
199,0.28,-0.0351759,0.0165057
200,0,-0.035,0.0164239
201,-0.04,-0.0350249,0.016342
202,0.08,-0.0344554,0.0162708
203,0.08,-0.0338916,0.0162003
204,0,-0.0337255,0.0161216
205,0.04,-0.0333659,0.0160468
206,-0.04,-0.0333981,0.0159687
207,-0.12,-0.0338164,0.0158969
208,-0.4,-0.0355769,0.0159179
209,-0.28,-0.0367464,0.0158847
210,-0.6,-0.0394286,0.0160348
211,-0.72,-0.042654,0.0162813
212,-0.52,-0.0449057,0.01636
213,-0.56,-0.0473239,0.0164616
214,-0.68,-0.0502804,0.0166491
215,-0.72,-0.0533953,0.0168617
216,-0.64,-0.0561111,0.0170018
217,-0.56,-0.0584332,0.0170818
218,-0.36,-0.0598165,0.0170594
219,-0.28,-0.0608219,0.0170111
220,-0.04,-0.0607273,0.0169339
221,-0.08,-0.0608145,0.0168573
222,-0.08,-0.0609009,0.0167814
223,0,-0.0606278,0.0167082
224,-0.08,-0.0607143,0.0166337
225,0.08,-0.0600889,0.0165714
226,-0.2,-0.060708,0.0165095
227,-0.36,-0.0620264,0.0164894
228,-0.44,-0.0636842,0.0165004
229,-0.4,-0.0651528,0.0164937
230,-0.32,-0.0662609,0.0164592
231,-0.2,-0.0668398,0.016398
232,-0.08,-0.0668966,0.0163273
233,0,-0.0666094,0.0162596
234,0.16,-0.065641,0.0162189
235,0.2,-0.0645106,0.0161892
236,0.4,-0.0625424,0.0162402
237,0.56,-0.0599156,0.0163835
238,0.6,-0.0571429,0.0165485
239,0.44,-0.0550628,0.0166098
240,0.36,-0.0533333,0.0166306
241,0.4,-0.0514523,0.016668
242,0.24,-0.0502479,0.0166426
243,0.24,-0.0490535,0.0166169
244,0.6,-0.0463934,0.0167611
245,0.36,-0.0447347,0.0167748
246,0.44,-0.0427642,0.0168223
247,0.36,-0.0411336,0.0168332
248,0.52,-0.038871,0.0169172
249,0.48,-0.0367871,0.0169775
250,0.12,-0.03616,0.016921
251,0.24,-0.0350598,0.0168894
252,0.32,-0.0336508,0.0168811
253,0.32,-0.032253,0.0168723
254,0.36,-0.0307087,0.0168765
255,0.2,-0.0298039,0.0168345
256,0.28,-0.0285938,0.0168122
257,0.28,-0.027393,0.0167897
258,0.28,-0.0262016,0.0167669
259,0.24,-0.0251737,0.0167336
260,-0.04,-0.0252308,0.0166692
261,-0.04,-0.0252874,0.0166053
262,-0.04,-0.0253435,0.0165419
263,0.12,-0.0247909,0.0164882
264,-0.08,-0.025,0.0164269
265,-0.08,-0.0252075,0.0163661
266,-0.04,-0.0252632,0.0163046
267,0.12,-0.0247191,0.0162525
268,0,-0.0246269,0.016192
269,-0.04,-0.024684,0.0161318
270,0.04,-0.0244444,0.0160737
271,-0.16,-0.0249446,0.0160221
272,-0.16,-0.0254412,0.0159708
273,-0.12,-0.0257875,0.015916
274,0.12,-0.0252555,0.0158667
275,0.28,-0.0241455,0.0158478
276,0.04,-0.023913,0.015792
277,-0.12,-0.0242599,0.0157387
278,-0.32,-0.0253237,0.0157181
279,-0.36,-0.0265233,0.0157075
280,-0.2,-0.0271429,0.0156636
281,-0.04,-0.0271886,0.0156078
282,-0.16,-0.0276596,0.0155595
283,0,-0.0275618,0.0155047
284,0,-0.0274648,0.0154503
285,0.16,-0.026807,0.0154101
286,-0.04,-0.0268531,0.0153561
287,-0.08,-0.0270383,0.0153037
288,-0.04,-0.0270833,0.0152505
289,-0.16,-0.0275433,0.0152046
290,0.08,-0.0271724,0.0151566
291,0.16,-0.0265292,0.0151181
292,0.2,-0.0257534,0.0150862
293,0.4,-0.0243003,0.0151047
294,0.32,-0.0231293,0.0150987
295,0.4,-0.0216949,0.0151157
296,0.2,-0.0209459,0.0150831
297,0,-0.0208754,0.0150324
298,-0.12,-0.0212081,0.0149856
299,-0.16,-0.0216722,0.0149426
300,-0.36,-0.0228,0.0149353
301,-0.12,-0.0231229,0.0148891
302,0,-0.0230464,0.0148399
303,0.16,-0.0224422,0.0148032
304,-0.04,-0.0225,0.0147546
305,0.08,-0.0221639,0.0147099
306,0.16,-0.0215686,0.0146739
307,0,-0.0214984,0.0146262
308,0,-0.0214286,0.0145788
309,0.04,-0.0212298,0.0145329
310,0.2,-0.0205161,0.0145035
311,0.2,-0.0198071,0.0144741
312,0.28,-0.0188462,0.0144596
313,0.32,-0.0177636,0.014454
314,0.44,-0.0163057,0.0144814
315,0.28,-0.0153651,0.014466
316,0.4,-0.0140506,0.0144799
317,0.36,-0.0128707,0.0144823
318,0.56,-0.0110692,0.0145487
319,0.48,-0.00952978,0.0145845
320,0.32,-0.0085,0.0145753
321,0.36,-0.00735202,0.0145751
322,0.32,-0.0063354,0.0145652
323,0.4,-0.0050774,0.0145745
324,0.4,-0.00382716,0.0145831
325,0.32,-0.00283077,0.0145723
326,0.28,-0.00196319,0.0145534
327,0.24,-0.00122324,0.0145277
328,0.28,-0.000365854,0.0145087
329,0.08,-0.000121581,0.0144666
330,-0.04,-0.000242424,0.0144232
331,0.12,0.000120846,0.0143841
332,0.24,0.000843373,0.0143589
333,0.08,0.00108108,0.0143177
334,0.08,0.00131737,0.0142767
335,-0.2,0.000716418,0.0142467
336,-0.36,-0.000357143,0.0142448
337,-0.32,-0.00130564,0.0142341
338,-0.32,-0.00224852,0.0142232
339,0.08,-0.0020059,0.0141832
340,0,-0.002,0.0141415
341,0.16,-0.00152493,0.0141079
342,0.4,-0.000350877,0.0141155
343,0.36,0.000699708,0.0141135
344,0.24,0.00139535,0.0140896
345,0.08,0.00162319,0.0140505
346,0.12,0.00196532,0.014014
347,-0.12,0.00161383,0.013978
348,0.2,0.00218391,0.0139494
349,0.32,0.00309456,0.0139392
350,0.36,0.00411429,0.0139367
351,0.48,0.00547009,0.0139629
352,0.32,0.00636364,0.0139518
353,0.24,0.0070255,0.013928
354,0.12,0.00734463,0.0138922
355,-0.16,0.00687324,0.0138611
356,-0.28,0.00606742,0.0138455
357,-0.12,0.00571429,0.0138112
358,-0.04,0.00558659,0.0137732
359,-0.12,0.00523677,0.0137392
360,0.08,0.00544444,0.0137026
361,0.2,0.00598338,0.0136752
362,0,0.00596685,0.0136374
363,-0.04,0.00584022,0.0136003
364,-0.08,0.0056044,0.013565
365,-0.28,0.00482192,0.0135504
366,-0.32,0.00393443,0.0135424
367,-0.12,0.00359673,0.0135097
368,-0.24,0.00293478,0.0134892
369,-0.2,0.00238482,0.0134638
370,-0.2,0.00183784,0.0134385
371,-0.24,0.00118598,0.0134181
372,-0.36,0.000215054,0.0134171
373,-0.4,-0.000857909,0.013424
374,-0.36,-0.00181818,0.0134225
375,-0.28,-0.00256,0.0134072
376,-0.24,-0.00319149,0.0133864
377,-0.28,-0.00392573,0.013371
378,-0.2,-0.00444444,0.0133457
379,0.08,-0.00422164,0.0133123
380,-0.16,-0.00463158,0.0132835
381,-0.2,-0.00514436,0.0132585
382,-0.28,-0.00586387,0.0132433
383,-0.32,-0.00668407,0.0132342
384,-0.16,-0.00708333,0.0132057
385,0.04,-0.00696104,0.0131719
386,0,-0.00694301,0.0131378
387,-0.08,-0.00713178,0.0131051
388,-0.24,-0.00773196,0.0130851
389,-0.36,-0.00863753,0.0130828
390,-0.24,-0.00923077,0.0130627
391,-0.32,-0.0100256,0.0130534
392,-0.28,-0.0107143,0.0130383
393,-0.24,-0.0112977,0.0130182
394,0.04,-0.0111675,0.0129857
395,-0.12,-0.011443,0.0129557
396,-0.16,-0.0118182,0.0129284
397,-0.16,-0.0121914,0.0129012
398,-0.24,-0.0127638,0.0128815
399,-0.2,-0.0132331,0.0128577
400,-0.12,-0.0135,0.0128283
401,-0.04,-0.0135661,0.0127965
402,-0.08,-0.0137313,0.0127657
403,0.12,-0.0133995,0.0127383
404,0.36,-0.0124752,0.0127403
405,0.28,-0.0117531,0.0127293
406,0.36,-0.0108374,0.0127308
407,0.12,-0.010516,0.0127036
408,0.28,-0.00980392,0.0126924
409,0.2,-0.00929095,0.0126717
410,0.2,-0.00878049,0.0126511
411,-0.2,-0.00924574,0.0126288
412,-0.08,-0.00941748,0.0125993
413,0.12,-0.00910412,0.0125727
414,0.08,-0.00888889,0.0125441
415,0.04,-0.00877108,0.0125144
416,0.16,-0.00836538,0.0124909
417,0.16,-0.00796163,0.0124674
418,0.16,-0.00755981,0.0124441
419,0.08,-0.00735084,0.0124161
420,-0.04,-0.00742857,0.0123867
421,-0.08,-0.00760095,0.0123585
422,-0.2,-0.00805687,0.0123376
423,-0.28,-0.00869976,0.0123252
424,-0.16,-0.0090566,0.0123012
425,-0.36,-0.00988235,0.0123
426,-0.28,-0.0105164,0.0122875
427,-0.08,-0.0106792,0.0122597
428,-0.12,-0.0109346,0.0122337
429,-0.08,-0.0110956,0.0122062
430,-0.08,-0.0112558,0.0121789
431,-0.08,-0.0114153,0.0121516
432,-0.16,-0.0117593,0.0121284
433,0.04,-0.0116397,0.0121009
434,-0.04,-0.0117051,0.0120732
435,0.16,-0.0113103,0.0120518
436,0,-0.0112844,0.0120242
437,0,-0.0112586,0.0119967
438,-0.32,-0.0119635,0.01199
439,-0.44,-0.0129385,0.0120023
440,-0.4,-0.0138182,0.0120073
441,-0.48,-0.0148753,0.0120266
442,-0.32,-0.0155656,0.0120192
443,-0.4,-0.0164334,0.0120234
444,-0.36,-0.0172072,0.0120212
445,-0.32,-0.0178876,0.0120134
446,-0.24,-0.0183857,0.0119968
447,-0.24,-0.0188814,0.0119802
448,-0.12,-0.0191071,0.0119556
449,0,-0.0190646,0.011929
450,0.16,-0.0186667,0.0119091
451,0.32,-0.0179157,0.0119064
452,0.56,-0.0166372,0.0119486
453,0.24,-0.0160706,0.0119356
454,0.04,-0.0159471,0.01191
455,-0.04,-0.016,0.0118839
456,0.04,-0.0158772,0.0118584
457,-0.12,-0.016105,0.0118346
458,-0.24,-0.0165939,0.0118189
459,-0.12,-0.0168192,0.0117953
460,0.12,-0.0165217,0.0117733
461,0.28,-0.0158785,0.0117654
462,0.28,-0.0152381,0.0117573
463,0.2,-0.0147732,0.0117411
464,0.12,-0.0144828,0.0117194
465,0.2,-0.0140215,0.0117032
466,0.28,-0.0133906,0.0116951
467,0.56,-0.0121627,0.0117345
468,0.44,-0.0111966,0.0117492
469,0.16,-0.0108316,0.0117298
470,0.16,-0.0104681,0.0117104
471,0.04,-0.0103609,0.011686
472,0.04,-0.0102542,0.0116617
473,0.08,-0.0100634,0.0116386
474,0.12,-0.00978903,0.0116173
475,0.08,-0.0096,0.0115943
476,0.16,-0.0092437,0.0115754
477,-0.04,-0.00930818,0.0115513
478,0.16,-0.00895397,0.0115326
479,-0.08,-0.0091023,0.0115094
480,-0.28,-0.00966667,0.0114993
481,-0.28,-0.0102287,0.0114891
482,-0.16,-0.0105394,0.0114695
483,-0.16,-0.0108489,0.0114499
484,-0.08,-0.0109917,0.0114271
485,0.16,-0.0106392,0.0114089
486,0.2,-0.0102058,0.0113937
487,0.24,-0.00969199,0.0113819
488,0.04,-0.00959016,0.011359
489,0.08,-0.00940695,0.0113372
490,-0.16,-0.00971429,0.0113182
491,-0.16,-0.0100204,0.0112993
492,0.08,-0.0098374,0.0112778
493,-0.24,-0.0103043,0.0112646
494,-0.28,-0.0108502,0.011255
495,-0.24,-0.0113131,0.0112418
496,-0.4,-0.0120968,0.0112464
497,-0.4,-0.0128773,0.0112509
498,-0.16,-0.0131727,0.0112321
499,-0.16,-0.0134669,0.0112135
500,-0.24,-0.01392,0.0112002
501,-0.04,-0.0139721,0.0111779
502,-0.08,-0.0141036,0.0111564
503,-0.24,-0.0145527,0.0111433
504,-0.12,-0.0147619,0.0111231
505,0.12,-0.014495,0.0111043
506,-0.12,-0.0147036,0.0110843
507,-0.04,-0.0147535,0.0110625
508,0.04,-0.0146457,0.0110412
509,0,-0.0146169,0.0110195
510,0.24,-0.0141176,0.0110092
511,0.4,-0.0133072,0.0110175
512,0.28,-0.0127344,0.0110109
513,0.4,-0.0119298,0.0110188
514,0.16,-0.0115953,0.0110024
515,0.24,-0.0111068,0.0109919
516,0.32,-0.0104651,0.0109893
517,0.2,-0.010058,0.0109756
518,0.2,-0.00965251,0.0109619
519,0.04,-0.00955684,0.0109412
520,0.12,-0.00930769,0.010923
521,0.08,-0.00913628,0.0109033
522,0.04,-0.00904215,0.0108828
523,-0.08,-0.00917782,0.0108629
524,-0.16,-0.00946565,0.0108459
525,-0.28,-0.00998095,0.0108375
526,-0.36,-0.0106464,0.0108373
527,-0.4,-0.0113852,0.0108419
528,-0.52,-0.0123485,0.0108642
529,-0.6,-0.0134594,0.0109004
530,-0.36,-0.0141132,0.0108994
531,-0.32,-0.0146893,0.0108941
532,-0.4,-0.0154135,0.0108977
533,-0.28,-0.0159099,0.0108886
534,-0.32,-0.0164794,0.0108831
535,-0.48,-0.0173458,0.0108972
536,-0.48,-0.018209,0.0109111
537,-0.16,-0.018473,0.0108939
538,-0.2,-0.0188104,0.0108789
539,-0.2,-0.0191466,0.0108639
540,0.08,-0.018963,0.0108453
541,-0.08,-0.0190758,0.0108258
542,-0.08,-0.0191882,0.0108064
543,-0.2,-0.0195212,0.0107916
544,0,-0.0194853,0.0107718
545,0.16,-0.019156,0.0107571
546,0.04,-0.0190476,0.0107379
547,0,-0.0190128,0.0107183
548,0.04,-0.0189051,0.0106993
549,0.16,-0.0185792,0.0106848
550,-0.04,-0.0186182,0.0106654
551,-0.16,-0.0188748,0.0106491
552,-0.2,-0.0192029,0.0106349
553,0.04,-0.0190958,0.0106161
554,0.04,-0.0189892,0.0105975
555,-0.04,-0.019027,0.0105785
556,-0.16,-0.0192806,0.0105625
557,-0.16,-0.0195332,0.0105465
558,0.08,-0.0193548,0.0105291
559,-0.32,-0.0198927,0.010524
560,-0.24,-0.0202857,0.0105125
561,-0.16,-0.0205348,0.0104967
562,-0.2,-0.0208541,0.0104829
563,-0.04,-0.0208881,0.0104643
564,0.28,-0.0203546,0.0104594
565,0.36,-0.0196814,0.0104625
566,0.08,-0.0195053,0.0104455
567,0.16,-0.0191887,0.0104319
568,0.12,-0.0189437,0.0104164
569,0.16,-0.0186292,0.0104028
570,0.2,-0.0182456,0.0103916
571,0.2,-0.0178634,0.0103804
572,0.2,-0.0174825,0.0103693
573,0.28,-0.0169634,0.0103642
574,0.36,-0.0163066,0.0103669
575,0.16,-0.016,0.0103534
576,0.28,-0.0154861,0.0103482
577,0.08,-0.0153206,0.0103316
578,0.08,-0.0151557,0.010315
579,0.12,-0.0149223,0.0102998
580,0.16,-0.0146207,0.0102865
581,0.08,-0.0144578,0.01027
582,-0.04,-0.0145017,0.0102525
583,0.24,-0.0140652,0.0102442
584,0.4,-0.0133562,0.0102512
585,0.24,-0.0129231,0.0102428
586,0.4,-0.0122184,0.0102496
587,0.32,-0.0116525,0.0102477
588,0.48,-0.0108163,0.0102644
589,0.36,-0.0101868,0.0102663
590,0.4,-0.00949153,0.0102724
591,0.28,-0.00900169,0.0102667
592,0.24,-0.00858108,0.010258
593,0.28,-0.00809444,0.0102522
594,0.16,-0.00781145,0.0102388
595,0.16,-0.00752941,0.0102255
596,0.28,-0.00704698,0.0102197
597,0.16,-0.00676717,0.0102064
598,-0.12,-0.00695652,0.0101911
599,-0.04,-0.00701169,0.0101742
600,0.16,-0.00673333,0.0101611
601,0.04,-0.00665557,0.0101445
602,-0.24,-0.00704319,0.010135
603,-0.4,-0.00769486,0.0101392
604,-0.16,-0.00794702,0.0101255
605,-0.12,-0.00813223,0.0101104
606,-0.12,-0.00831683,0.0100954
607,-0.2,-0.00863262,0.0100837
608,-0.08,-0.00875,0.0100678
609,0.12,-0.00853859,0.0100535
610,0.16,-0.0082623,0.0100408
611,0.16,-0.00798691,0.0100281
612,0.08,-0.00784314,0.0100128
613,0.2,-0.00750408,0.0100022
614,-0.12,-0.0076873,0.00998755
615,-0.08,-0.00780488,0.00997199
616,-0.24,-0.00818182,0.00996292
617,-0.24,-0.00855754,0.00995385
618,-0.12,-0.00873786,0.00993937
619,0,-0.00872375,0.00992331
620,0.08,-0.00858065,0.00990832
621,0.36,-0.00798712,0.00991014
622,0.56,-0.00707395,0.00993625
623,0.52,-0.00622793,0.0099563
624,0.32,-0.00570513,0.00995407
625,0.52,-0.004864,0.00997366
626,0.4,-0.00421725,0.0099787
627,0.08,-0.00408293,0.00996367
628,0.04,-0.00401274,0.00994804
629,0.12,-0.00381558,0.00993417
630,0.2,-0.00349206,0.00992366
631,0.2,-0.00316957,0.00991317
632,0.16,-0.00291139,0.00990084
633,0,-0.00290679,0.00988519
634,0.04,-0.00283912,0.00986982
635,0.04,-0.00277165,0.00985449
636,0.08,-0.00264151,0.00983985
637,-0.04,-0.00270016,0.00982456
638,-0.08,-0.00282132,0.0098099
639,0.12,-0.00262911,0.00979642
640,-0.08,-0.00275,0.00978185
641,-0.04,-0.00280811,0.00976675
642,0,-0.00280374,0.00975153
643,0,-0.00279938,0.00973635
644,-0.12,-0.00298137,0.00972292
645,-0.16,-0.00322481,0.00971089
646,-0.2,-0.00352941,0.00970063
647,-0.32,-0.00401855,0.00969797
648,-0.28,-0.00444444,0.00969235
649,-0.24,-0.0048074,0.00968421
650,-0.08,-0.00492308,0.00966999
651,-0.12,-0.00509985,0.00965674
652,0,-0.00509202,0.00964192
653,0.28,-0.00465544,0.00963704
654,0.12,-0.00446483,0.00962418
655,-0.12,-0.00464122,0.0096111
656,-0.12,-0.00481707,0.00959804
657,-0.08,-0.00493151,0.00958411
658,-0.2,-0.00522796,0.00957412
659,0.04,-0.00515933,0.00955983
660,-0.28,-0.00557576,0.00955441
661,0.08,-0.00544629,0.00954083
662,0.12,-0.0052568,0.00952829
663,0.24,-0.00488688,0.00952109
664,0.16,-0.00463855,0.00950999
665,0.16,-0.00439098,0.0094989
666,0.24,-0.00402402,0.00949172
667,0.16,-0.00377811,0.00948067
668,0.08,-0.00365269,0.0094673
669,0.2,-0.00334828,0.00945804
670,-0.08,-0.00346269,0.0094446
671,-0.08,-0.00357675,0.00943121
672,-0.2,-0.00386905,0.0094217
673,-0.16,-0.00410104,0.00941055
674,-0.16,-0.00433234,0.00939942
675,0,-0.00432593,0.00938549
676,0.08,-0.00420118,0.00937243
677,0.16,-0.00395864,0.00936171
678,0.2,-0.00365782,0.00935273
679,0.12,-0.0034757,0.00934073
680,-0.08,-0.00358824,0.00932766
681,-0.24,-0.00393539,0.00932042
682,0,-0.00392962,0.00930674
683,0.24,-0.00357247,0.00929997
684,0.12,-0.00339181,0.00928812
685,-0.04,-0.00344526,0.0092747
686,-0.16,-0.00367347,0.00926399
687,0.16,-0.00343523,0.00925356
688,0.04,-0.00337209,0.00924031
689,-0.16,-0.00359942,0.00922969
690,0.12,-0.00342029,0.00921805
691,-0.04,-0.00347323,0.00920485
692,0,-0.00346821,0.00919154
693,-0.08,-0.00357864,0.00917893
694,0.08,-0.00345821,0.00916649
695,0.12,-0.00328058,0.00915501
696,-0.04,-0.00333333,0.009142
697,-0.32,-0.00378766,0.00914017
698,-0.2,-0.00406877,0.0091314
699,0.12,-0.00389127,0.00912005
700,-0.2,-0.00417143,0.00911132
701,-0.2,-0.00445078,0.0091026
702,-0.12,-0.00461538,0.00909112
703,0,-0.00460882,0.00907818
704,0,-0.00460227,0.00906528
705,0,-0.00459574,0.00905241
706,-0.04,-0.00464589,0.00903972
707,0.08,-0.00452617,0.00902772
708,-0.04,-0.00457627,0.0090151
709,-0.04,-0.00462623,0.00900251
710,-0.12,-0.00478873,0.00899129
711,0.08,-0.00466948,0.00897943
712,-0.04,-0.0047191,0.00896695
713,0.12,-0.00454418,0.00895607
714,0,-0.00453782,0.00894352
715,-0.08,-0.00464336,0.00893162
716,-0.28,-0.00502793,0.00892743
717,-0.28,-0.00541144,0.00892321
718,-0.08,-0.00551532,0.00891138
719,-0.16,-0.00573018,0.00890157
720,-0.28,-0.00611111,0.00889736
721,0.12,-0.0059362,0.00888673
722,0.12,-0.00576177,0.00887613
723,0.04,-0.00569848,0.00886407
724,0.12,-0.00552486,0.00885352
725,0.04,-0.00546207,0.00884152
726,0.12,-0.00528926,0.00883103
727,0.12,-0.00511692,0.00882056
728,-0.2,-0.00538462,0.0088125
729,-0.08,-0.00548697,0.008801
730,-0.28,-0.00586301,0.00879697
731,-0.08,-0.00596443,0.00878552
732,0.2,-0.00568306,0.00877802
733,0.04,-0.00562074,0.00876626
734,-0.12,-0.00577657,0.00875569
735,0.16,-0.00555102,0.00874668
736,0.12,-0.00538043,0.00873645
737,0.08,-0.00526459,0.00872536
738,0.08,-0.00514905,0.00871429
739,0.04,-0.00508796,0.00870271
740,-0.04,-0.00513514,0.00869107
741,0.08,-0.00502024,0.00868009
742,0.08,-0.00490566,0.00866914
743,0.2,-0.00462988,0.00866186
744,-0.08,-0.00473118,0.0086508
745,0,-0.00472483,0.00863918
746,-0.36,-0.00520107,0.00864073
747,-0.12,-0.00535475,0.00863052
748,-0.04,-0.00540107,0.0086191
749,0.16,-0.00518024,0.00861042
750,0.04,-0.00512,0.00859914
751,0.16,-0.00490013,0.0085905
752,-0.08,-0.005,0.00857965
753,-0.36,-0.00547145,0.00858121
754,-0.32,-0.00588859,0.00857997
755,-0.04,-0.00593377,0.00856871
756,-0.08,-0.00603175,0.00855793
757,0.04,-0.00597094,0.00854684
758,0.24,-0.00564644,0.00854172
759,0.28,-0.00527009,0.00853875
760,0.28,-0.00489474,0.00853577
761,0.28,-0.00452037,0.00853276
762,0.12,-0.00435696,0.00852312
763,0.24,-0.0040367,0.00851797
764,0.24,-0.00371728,0.00851281
765,0.24,-0.00339869,0.00850764
766,0.28,-0.00302872,0.00850458
767,0.12,-0.00286832,0.00849499
768,0.32,-0.00244792,0.00849434
769,0.2,-0.00218466,0.00848737
770,0.2,-0.00192208,0.0084804
771,0.32,-0.00150454,0.00847968
772,0.12,-0.00134715,0.00847015
773,0,-0.00134541,0.00845919
774,-0.04,-0.00139535,0.0084484
775,-0.12,-0.00154839,0.00843888
776,-0.2,-0.00180412,0.00843188
777,-0.04,-0.00185328,0.00842116
778,-0.08,-0.00195373,0.00841093
779,-0.08,-0.00205392,0.00840072
780,-0.08,-0.00215385,0.00839054
781,0.12,-0.00199744,0.00838125
782,0.4,-0.00148338,0.0083863
783,0.36,-0.00102171,0.00838829
784,0.24,-0.000714286,0.00838323
785,0.4,-0.000203822,0.00838809
786,0.16,1.51843e-18,0.00837989
787,0.44,0.000559085,0.00838789
788,0.28,0.000913706,0.00838474
789,0.12,0.00106464,0.00837546
790,0.16,0.00126582,0.00836727
791,0.12,0.00141593,0.00835804
792,0.16,0.00161616,0.00834988
793,0.04,0.00166456,0.00833948
794,0.08,0.00176322,0.00832956
795,0.08,0.00186164,0.00831966
796,0,0.0018593,0.0083092
797,0.2,0.0021079,0.00830249
798,0.24,0.00240602,0.00829744
799,0.32,0.0028035,0.00829657
800,0.48,0.0034,0.00830764
801,0.2,0.00364544,0.00830089
802,-0.08,0.00354115,0.00829119
803,0.08,0.00363636,0.0082814
804,0.04,0.00368159,0.00827122
805,0.12,0.00382609,0.0082622
806,0.36,0.00426799,0.00826377
807,0.28,0.00460967,0.00826059
808,0.44,0.00514851,0.00826794
809,0.28,0.00548826,0.0082647
810,0.44,0.00602469,0.0082719
811,0.36,0.00646116,0.00827322
812,0.24,0.00674877,0.00826803
813,0.2,0.00698647,0.00826127
814,0.08,0.00707617,0.0082516
815,-0.2,0.00682209,0.00824539
816,-0.24,0.00651961,0.00824083
817,-0.28,0.00616891,0.0082382
818,-0.2,0.00591687,0.00823199
819,-0.32,0.00551893,0.00823155
820,-0.28,0.00517073,0.00822888
821,-0.2,0.00492083,0.00822265
822,-0.24,0.00462287,0.00821804
823,-0.2,0.00437424,0.00821182
824,-0.2,0.00412621,0.00820559
825,-0.2,0.00387879,0.00819938
826,-0.12,0.00372881,0.00819082
827,-0.08,0.00362757,0.00818153
828,-0.24,0.00333333,0.00817694
829,-0.24,0.00303981,0.00817234
830,-0.36,0.00260241,0.0081742
831,-0.36,0.00216606,0.00817601
832,-0.32,0.00177885,0.00817535
833,-0.4,0.00129652,0.00817977
834,-0.32,0.000911271,0.00817903
835,-0.32,0.000526946,0.00817827
836,-0.28,0.000191388,0.00817537
837,-0.12,4.77897e-05,0.00816686
838,0.08,0.000143198,0.00815766
839,0.4,0.000619785,0.00816186
840,0.32,0.001,0.008161
841,0.32,0.00137931,0.00816011
842,0.24,0.00166271,0.00815534
843,0.04,0.00170819,0.00814579
844,-0.12,0.00156398,0.00813741
845,-0.12,0.00142012,0.00812904
846,-0.04,0.00137116,0.00811958
847,0,0.00136954,0.00810998
848,-0.28,0.00103774,0.00810721
849,-0.08,0.000942285,0.00809822
850,0.24,0.00122353,0.00809357
851,0.2,0.00145711,0.00808743
852,0.16,0.00164319,0.00808007
853,0.24,0.00192263,0.00807543
854,0.48,0.00248244,0.00808537
855,0.52,0.00308772,0.00809856
856,0.4,0.0035514,0.00810237
857,0.48,0.00410735,0.00811199
858,0.48,0.004662,0.00812149
859,0.24,0.00493597,0.00811665
860,0.12,0.00506977,0.00810832
861,0.08,0.00515679,0.00809936
862,0,0.00515081,0.00808996
863,-0.16,0.00495944,0.00808285
864,-0.28,0.00462963,0.00808022
865,-0.36,0.00420809,0.00808187
866,-0.12,0.00406467,0.00807381
867,-0.08,0.0039677,0.00806508
868,0.04,0.00400922,0.00805589
869,0.12,0.00414269,0.00804772
870,-0.12,0.004,0.00803973
871,-0.48,0.00344432,0.00804969
872,-0.4,0.00298165,0.00805376
873,-0.2,0.00274914,0.00804789
874,-0.28,0.00242563,0.00804518
875,-0.04,0.00237714,0.00803613
876,-0.08,0.00228311,0.0080275
877,0,0.0022805,0.00801834
878,0.24,0.00255125,0.00801378
879,0.36,0.00295791,0.00801498
880,0.24,0.00322727,0.0080104
881,0.36,0.00363224,0.00801154
882,0.48,0.00417234,0.00802066
883,0.76,0.00502831,0.00805717
884,0.72,0.0058371,0.00808858
885,0.48,0.00637288,0.00809719
886,0.48,0.00690745,0.00810569
887,0.44,0.00739572,0.00811125
888,0.36,0.00779279,0.00811184
889,0.32,0.00814398,0.00811032
890,0.36,0.00853933,0.00811084
891,0.6,0.00920314,0.00812888
892,0.68,0.00995516,0.00815451
893,0.76,0.0107951,0.00818856
894,0.72,0.0115884,0.00821778
895,0.72,0.0123799,0.00824667
896,0.6,0.0130357,0.00826352
897,0.64,0.0137347,0.00828384
898,0.64,0.0144321,0.00830395
899,0.56,0.0150389,0.00831688
900,0.48,0.0155556,0.00832368
901,0.36,0.0159378,0.00832322
902,0.28,0.0162306,0.00831914
903,0.12,0.0163455,0.00831072
904,-0.16,0.0161504,0.00830381
905,0.08,0.016221,0.00829493
906,0.12,0.0163355,0.00828656
907,-0.08,0.0162293,0.0082781
908,0,0.0162115,0.008269
909,0.04,0.0162376,0.00825994
910,0.16,0.0163956,0.00825237
911,0.48,0.0169045,0.008259
912,0.12,0.0170175,0.00825071
913,0.2,0.017218,0.00824411
914,0.12,0.0173304,0.00823585
915,0.12,0.0174426,0.00822761
916,0.36,0.0178166,0.00822713
917,0.32,0.0181461,0.00822476
918,0.12,0.0182571,0.00821654
919,0.12,0.0183678,0.00820834
920,0.2,0.0185652,0.00820179
921,0.32,0.0188925,0.00819942
922,0.04,0.0189154,0.00819055
923,0.32,0.0192416,0.00818817
924,0.4,0.0196537,0.00818968
925,0.24,0.0198919,0.00818429
926,0.04,0.0199136,0.00817547
927,0.12,0.0200216,0.00816736
928,-0.08,0.0199138,0.00815927
929,0.2,0.0201076,0.00815279
930,0.32,0.0204301,0.0081504
931,0.32,0.0207519,0.00814799
932,0.56,0.0213305,0.00815979
933,0.32,0.0216506,0.00815732
934,0.4,0.0220557,0.00815864
935,0.24,0.0222888,0.00815324
936,0.24,0.0225214,0.00814785
937,0.32,0.0228388,0.00814534
938,-0.08,0.0227292,0.00813739
939,-0.12,0.0225772,0.00813014
940,0.12,0.0226809,0.00812215
941,0.16,0.0228268,0.00811482
942,0.12,0.0229299,0.00810686
943,-0.12,0.0227784,0.00809968
944,0.04,0.0227966,0.00809111
945,0.16,0.0229418,0.00808385
946,0.12,0.0230444,0.00807595
947,-0.08,0.0229356,0.00806815
948,-0.04,0.0228692,0.00805991
949,0.2,0.0230558,0.00805358
950,-0.04,0.0229895,0.00804537
951,0.04,0.0230074,0.00803693
952,-0.08,0.0228992,0.00802921
953,0.2,0.023085,0.00802293
954,0,0.0230608,0.00801455
955,-0.08,0.0229529,0.00800688
956,0.16,0.0230962,0.00799979
957,0.16,0.0232393,0.00799271
958,0.08,0.0232985,0.00798458
959,-0.2,0.0230657,0.00797965
960,-0.2,0.0228333,0.00797471
961,-0.24,0.0225598,0.00797111
962,-0.24,0.0222869,0.00796749
963,-0.2,0.0220561,0.00796256
964,-0.04,0.0219917,0.00795456
965,0.16,0.0221347,0.0079476
966,0.28,0.0224017,0.00794385
967,0.16,0.022544,0.00793691
968,0.16,0.022686,0.00792997
969,0.16,0.0228277,0.00792305
970,0,0.0228041,0.00791492
971,0.08,0.022863,0.00790698
972,0.2,0.0230453,0.00790094
973,0.44,0.0234738,0.00790444
974,0.44,0.0239014,0.0079079
975,0.44,0.0243282,0.0079113
976,0.2,0.0245082,0.00790524
977,0.24,0.0247288,0.00790022
978,0.32,0.0250307,0.00789791
979,0.28,0.0252911,0.00789414
980,0.16,0.0254286,0.00788728
981,0.36,0.0257696,0.00788661
982,0.36,0.02611,0.00788593
983,0.16,0.0262462,0.00787908
984,0,0.0262195,0.00787111
985,0.44,0.0266396,0.00787433
986,0.04,0.0266531,0.00786635
987,0,0.0266261,0.00785842
988,-0.08,0.0265182,0.00785121
989,-0.16,0.0263296,0.00784553
990,0.04,0.0263434,0.00783761
991,0.08,0.0263976,0.00782989
992,0.04,0.0264113,0.007822
993,0.16,0.0265458,0.00781528
994,0.24,0.0267606,0.00781037
995,0.2,0.0269347,0.00780446
996,0.12,0.0270281,0.00779718
997,0.08,0.0270812,0.00778953
998,0,0.0270541,0.00778177
999,0.08,0.0271071,0.00777416
1000,0.24,0.02732,0.0077693
