1,-0.2,-0.2,0
2,0.12,-0.04,0.16
3,0.04,-0.0133333,0.096148
4,0.12,0.02,0.0757188
5,0,0.016,0.0587878
6,-0.08,-2.31296e-18,0.0505964
7,0.08,0.0114286,0.0442627
8,0.12,0.025,0.0406641
9,0.12,0.0355556,0.0373836
10,0.08,0.04,0.033731
11,0.16,0.0509091,0.0324024
12,0.2,0.0633333,0.0320826
13,0.28,0.08,0.0338927
14,0.36,0.1,0.0372104
15,0.36,0.117333,0.0387356
16,0.24,0.125,0.037036
17,0.24,0.131765,0.0354409
18,0.32,0.142222,0.0350122
19,0.28,0.149474,0.0339028
20,0.28,0.156,0.0328185
21,0.2,0.158095,0.0312868
22,0.2,0.16,0.0298916
23,0.28,0.165217,0.029035
24,0.32,0.171667,0.0285372
25,0.28,0.176,0.0277128
26,0.28,0.18,0.0269244
27,0.24,0.182222,0.0260031
28,0.24,0.184286,0.0251421
29,0.32,0.188966,0.0247069
30,0.28,0.192,0.0240612
31,0.32,0.196129,0.0236356
32,0.32,0.2,0.0232101
33,0.28,0.202424,0.022626
34,0.24,0.203529,0.0219783
35,0.28,0.205714,0.0214526
36,0.32,0.208889,0.0210885
37,0.32,0.211892,0.0207293
38,0.32,0.214737,0.020376
39,0.2,0.214359,0.0198503
40,0.16,0.213,0.0193953
41,0.24,0.213659,0.0189278
42,0.16,0.212381,0.0185158
43,0.24,0.213023,0.0180915
44,0.24,0.213636,0.0176862
45,0.24,0.214222,0.0172986
46,0.28,0.215652,0.0169787
47,0.28,0.217021,0.0166698
48,0.48,0.2225,0.017214
49,0.48,0.227755,0.0176591
50,0.24,0.228,0.017304
51,0.28,0.22902,0.0169919
52,0.24,0.229231,0.0166633
53,0.2,0.228679,0.0163552
54,0.12,0.226667,0.0161751
55,0,0.222545,0.0164044
56,-0.04,0.217857,0.0167772
57,0.16,0.216842,0.0165115
58,0.2,0.216552,0.0162269
59,0.36,0.218983,0.0161337
60,0.4,0.222,0.0161469
61,0.2,0.221639,0.0158841
62,0.2,0.22129,0.0156297
63,0.12,0.219683,0.0154634
64,0.08,0.2175,0.0153756
65,0.04,0.214769,0.0153815
66,0.16,0.213939,0.0151694
67,0.2,0.213731,0.0149427
68,0.44,0.217059,0.0150927
69,0.56,0.222029,0.0156809
70,0.32,0.223429,0.0155185
71,0.28,0.224225,0.0153191
72,0.32,0.225556,0.0151633
73,0.48,0.229041,0.015355
74,0.28,0.22973,0.0151617
75,0.36,0.231467,0.0150587
76,0.52,0.235263,0.0153365
77,0.48,0.238442,0.0154662
78,0.48,0.241538,0.0155775
79,0.48,0.244557,0.0156725
80,0.52,0.248,0.0158538
81,0.6,0.252346,0.0162487
82,0.64,0.257073,0.0167311
83,0.88,0.264578,0.0181525
84,0.92,0.272381,0.0195588
85,0.84,0.279059,0.0204485
86,0.84,0.285581,0.0212358
87,0.84,0.291954,0.0219364
88,0.88,0.298636,0.0226919
89,0.92,0.305618,0.0234967
90,0.88,0.312,0.0240947
91,0.84,0.317802,0.0245247
92,0.84,0.323478,0.0249119
93,0.76,0.328172,0.0250856
94,0.8,0.333191,0.0253198
95,0.64,0.336421,0.0252592
96,0.68,0.34,0.0252496
97,0.72,0.343918,0.0252932
98,0.56,0.346122,0.0251307
99,0.48,0.347475,0.0249123
100,0.4,0.348,0.0246675
101,0.36,0.348119,0.0244223
102,0.36,0.348235,0.024182
103,0.4,0.348738,0.0239513
104,0.28,0.348077,0.0237291
105,0.32,0.34781,0.0235036
106,0.24,0.346792,0.023303
107,0.2,0.345421,0.0231249
108,0.2,0.344074,0.0229493
109,0.24,0.343119,0.0227578
110,0.24,0.342182,0.0225695
111,0.32,0.341982,0.0223661
112,0.32,0.341786,0.0221664
113,0.28,0.341239,0.0219761
114,0.28,0.340702,0.0217891
115,0.32,0.340522,0.0215996
116,0.28,0.34,0.0214189
117,0.28,0.339487,0.0212413
118,0.36,0.339661,0.0210612
119,0.36,0.339832,0.0208842
120,0.24,0.339,0.0207261
121,0.28,0.338512,0.0205599
122,0.24,0.337705,0.0204066
123,0.24,0.336911,0.0202556
124,0.32,0.336774,0.0200921
125,0.32,0.33664,0.0199312
126,0.48,0.337778,0.019805
127,0.48,0.338898,0.0196804
128,0.56,0.340625,0.0196023
129,0.64,0.342946,0.0195877
130,0.64,0.345231,0.0195703
131,0.6,0.347176,0.0195175
132,0.52,0.348485,0.0194132
133,0.52,0.349774,0.0193098
134,0.52,0.351045,0.0192072
135,0.52,0.352296,0.0191055
136,0.56,0.353824,0.0190259
137,0.52,0.355036,0.0189254
138,0.52,0.356232,0.0188257
139,0.52,0.35741,0.0187269
140,0.6,0.359143,0.0186732
141,0.68,0.361418,0.0186794
142,0.64,0.36338,0.0186509
143,0.64,0.365315,0.0186208
144,0.56,0.366667,0.0185404
145,0.56,0.368,0.0184603
146,0.56,0.369315,0.0183805
147,0.6,0.370884,0.0183224
148,0.68,0.372973,0.0183176
149,0.68,0.375034,0.0183106
150,0.68,0.377067,0.0183014
151,0.72,0.379338,0.0183211
152,0.72,0.381579,0.0183376
153,0.72,0.383791,0.0183512
154,0.64,0.385455,0.0183074
155,0.68,0.387355,0.0182879
156,0.72,0.389487,0.0182949
157,0.72,0.391592,0.0182995
158,0.72,0.393671,0.0183018
159,0.76,0.395975,0.0183316
160,0.76,0.39825,0.0183582
161,0.68,0.4,0.0183276
162,0.76,0.402222,0.0183492
163,0.72,0.404172,0.0183402
164,0.76,0.406341,0.0183567
165,0.72,0.408242,0.0183438
166,0.72,0.41012,0.0183295
167,0.72,0.411976,0.0183136
168,0.76,0.414048,0.0183218
169,0.6,0.415148,0.0182462
170,0.56,0.416,0.0181586
171,0.6,0.417076,0.0180841
172,0.56,0.417907,0.0179979
173,0.48,0.418266,0.0178971
174,0.44,0.418391,0.0177944
175,0.44,0.418514,0.0176929
176,0.48,0.418864,0.0175955
177,0.48,0.419209,0.0174993
178,0.56,0.42,0.0174186
179,0.64,0.421229,0.0173646
180,0.6,0.422222,0.0172964
181,0.56,0.422983,0.0172174
182,0.56,0.423736,0.0171391
183,0.6,0.424699,0.0170724
184,0.6,0.425652,0.017006
185,0.48,0.425946,0.0169164
186,0.48,0.426237,0.0168277
187,0.52,0.426738,0.016745
188,0.56,0.427447,0.0166708
189,0.56,0.428148,0.0165972
190,0.52,0.428632,0.0165167
191,0.52,0.42911,0.0164369
192,0.52,0.429583,0.0163579
193,0.48,0.429845,0.0162751
194,0.4,0.429691,0.0161917
195,0.32,0.429128,0.0161182
196,0.32,0.428571,0.0160455
197,0.44,0.428629,0.0159639
198,0.48,0.428889,0.0158852
199,0.48,0.429146,0.0158073
200,0.44,0.4292,0.0157281
201,0.44,0.429254,0.0156498
202,0.4,0.429109,0.0155728
203,0.48,0.42936,0.0154979
204,0.52,0.429804,0.0154281
205,0.52,0.430244,0.015359
206,0.56,0.430874,0.0152972
207,0.44,0.430918,0.0152232
208,0.48,0.431154,0.0151517
209,0.4,0.431005,0.0150798
210,0.6,0.43181,0.0150293
211,0.64,0.432796,0.0149904
212,0.72,0.434151,0.0149809
213,0.76,0.435681,0.0149887
214,0.72,0.437009,0.0149776
215,0.68,0.43814,0.0149505
216,0.64,0.439074,0.0149105
217,0.64,0.44,0.0148704
218,0.76,0.441468,0.0148747
219,0.76,0.442922,0.0148779
220,0.68,0.444,0.0148492
221,0.68,0.445068,0.0148204
222,0.72,0.446306,0.0148054
223,0.72,0.447534,0.0147899
224,0.76,0.448929,0.0147896
225,0.68,0.449956,0.0147595
226,0.76,0.451327,0.014758
227,0.8,0.452863,0.0147729
228,0.72,0.454035,0.0147545
229,0.76,0.455371,0.0147506
230,0.8,0.45687,0.0147626
231,0.8,0.458355,0.0147734
232,0.84,0.46,0.0148013
233,0.8,0.461459,0.0148097
234,0.72,0.462564,0.0147876
235,0.64,0.463319,0.0147439
236,0.64,0.464068,0.0147003
237,0.64,0.46481,0.014657
238,0.72,0.465882,0.0146346
239,0.76,0.467113,0.0146251
240,0.6,0.467667,0.0145746
241,0.6,0.468216,0.0145243
242,0.52,0.46843,0.0144658
243,0.52,0.468642,0.0144077
244,0.48,0.468689,0.0143486
245,0.44,0.468571,0.0142904
246,0.52,0.46878,0.0142337
247,0.56,0.46915,0.0141808
248,0.52,0.469355,0.014125
249,0.44,0.469237,0.0140686
250,0.44,0.46912,0.0140127
251,0.4,0.468845,0.0139595
252,0.36,0.468413,0.0139107
253,0.32,0.467826,0.013868
254,0.32,0.467244,0.0138256
255,0.4,0.46698,0.0137738
256,0.44,0.466875,0.0137203
257,0.52,0.467082,0.0136684
258,0.48,0.467132,0.0136154
259,0.52,0.467336,0.0135642
260,0.44,0.467231,0.0135124
261,0.4,0.466973,0.013463
262,0.4,0.466718,0.0134139
263,0.44,0.466616,0.0133632
264,0.4,0.466364,0.0133149
265,0.28,0.46566,0.0132832
266,0.36,0.465263,0.0132391
267,0.28,0.464569,0.0132077
268,0.4,0.464328,0.0131605
269,0.36,0.463941,0.0131172
270,0.32,0.463407,0.0130794
271,0.44,0.463321,0.0130313
272,0.4,0.463088,0.0129854
273,0.36,0.462711,0.0129433
274,0.32,0.46219,0.0129065
275,0.2,0.461236,0.0128947
276,0.08,0.459855,0.012922
277,-0.04,0.458051,0.0130011
278,0.04,0.456547,0.0130412
279,0,0.45491,0.013097
280,0,0.453286,0.0131509
281,-0.16,0.451103,0.0132845
282,-0.04,0.449362,0.0133514
283,-0.04,0.447633,0.0134161
284,-0.08,0.445775,0.0134972
285,-0.08,0.44393,0.0135757
286,0.04,0.442517,0.0136017
287,0,0.440976,0.0136416
288,0.08,0.439722,0.0136518
289,0.08,0.438478,0.0136613
290,0.04,0.437103,0.0136833
291,0,0.435601,0.0137187
292,0.04,0.434247,0.0137386
293,0.08,0.433038,0.0137449
294,0,0.431565,0.013777
295,0,0.430102,0.0138079
296,-0.08,0.428378,0.0138687
297,0,0.426936,0.013897
298,-0.08,0.425235,0.0139544
299,-0.36,0.422609,0.0141534
300,-0.32,0.420133,0.0143217
301,-0.24,0.41794,0.0144415
302,-0.28,0.415629,0.014578
303,-0.32,0.413201,0.0147312
304,-0.28,0.410921,0.0148587
305,-0.36,0.408393,0.015024
306,-0.4,0.405752,0.0152061
307,-0.44,0.402997,0.0154048
308,-0.6,0.39974,0.0156963
309,-0.6,0.396505,0.0159764
310,-0.64,0.393161,0.016272
311,-0.68,0.389711,0.0165826
312,-0.84,0.385769,0.0169928
313,-0.84,0.381853,0.0173852
314,-0.72,0.378344,0.0176815
315,-0.84,0.374476,0.0180446
316,-0.84,0.370633,0.0183934
317,-0.8,0.36694,0.0187035
318,-0.88,0.363019,0.0190525
319,-0.84,0.359248,0.0193635
320,-0.84,0.3555,0.0196633
321,-0.8,0.3519,0.0199297
322,-0.8,0.348323,0.0201872
323,-0.68,0.345139,0.0203749
324,-0.44,0.342716,0.020456
325,-0.36,0.340554,0.0205072
326,-0.32,0.338528,0.0205444
327,-0.44,0.336147,0.0206194
328,-0.44,0.33378,0.0206922
329,-0.52,0.331185,0.0207918
330,-0.52,0.328606,0.0208885
331,-0.48,0.326163,0.0209681
332,-0.48,0.323735,0.0210454
333,-0.36,0.321682,0.0210823
334,-0.32,0.31976,0.0211067
335,-0.36,0.317731,0.0211412
336,-0.52,0.315238,0.0212252
337,-0.52,0.31276,0.0213067
338,-0.6,0.310059,0.0214146
339,-0.72,0.307021,0.0215664
340,-0.84,0.303647,0.0217659
341,-0.92,0.300059,0.0219967
342,-0.92,0.296491,0.0222205
343,-0.92,0.292945,0.0224377
344,-0.92,0.289419,0.0226485
345,-1,0.285681,0.02289
346,-1,0.281965,0.0231242
347,-0.96,0.278386,0.0233336
348,-0.88,0.275057,0.0235034
349,-0.92,0.271633,0.0236848
350,-0.8,0.268571,0.0238147
351,-0.72,0.265755,0.0239131
352,-0.76,0.262841,0.0240225
353,-0.64,0.260283,0.0240905
354,-0.64,0.25774,0.0241566
355,-0.64,0.255211,0.0242209
356,-0.6,0.252809,0.0242719
357,-0.56,0.250532,0.0243107
358,-0.6,0.248156,0.0243588
359,-0.6,0.245794,0.0244055
360,-0.44,0.243889,0.024412
361,-0.44,0.241994,0.0244179
362,-0.48,0.24,0.0244319
363,-0.44,0.238127,0.0244364
364,-0.44,0.236264,0.0244403
365,-0.44,0.234411,0.0244436
366,-0.6,0.232131,0.0244831
367,-0.6,0.229864,0.0245213
368,-0.6,0.227609,0.0245583
369,-0.56,0.225474,0.0245845
370,-0.6,0.223243,0.0246193
371,-0.56,0.221132,0.0246434
372,-0.48,0.219247,0.0246493
373,-0.36,0.217694,0.0246321
374,-0.28,0.216364,0.0246022
375,-0.28,0.21504,0.0245721
376,-0.28,0.213723,0.024542
377,-0.2,0.212626,0.0245014
378,-0.2,0.211534,0.0244609
379,-0.2,0.210449,0.0244204
380,-0.2,0.209368,0.02438
381,-0.2,0.208294,0.0243397
382,-0.12,0.207435,0.0242911
383,-0.2,0.206371,0.0242509
384,-0.2,0.205313,0.0242108
385,-0.2,0.20426,0.0241708
386,-0.24,0.203109,0.0241356
387,-0.08,0.202377,0.0240842
388,-0.08,0.201649,0.0240331
389,0,0.201131,0.0239768
390,-0.04,0.200513,0.0239233
391,-0.12,0.199693,0.0238761
392,-0.04,0.199082,0.0238229
393,-0.12,0.19827,0.0237761
394,0.04,0.197868,0.0237191
395,-0.04,0.197266,0.0236666
396,-0.04,0.196667,0.0236144
397,-0.04,0.196071,0.0235624
398,-0.04,0.195477,0.0235106
399,-0.12,0.194687,0.0234649
400,0,0.1942,0.0234112
401,0.04,0.193815,0.0233559
402,0,0.193333,0.0233028
403,0,0.192854,0.0232498
404,-0.08,0.192178,0.023202
405,-0.04,0.191605,0.0231518
406,0.04,0.191232,0.0230977
407,0,0.190762,0.0230457
408,-0.04,0.190196,0.0229961
409,0.12,0.190024,0.0229404
410,0.24,0.190146,0.0228847
411,0.24,0.190268,0.0228293
412,0.16,0.190194,0.0227739
413,0.2,0.190218,0.0227187
414,0.2,0.190242,0.0226638
415,0.2,0.190265,0.0226091
416,0.16,0.190192,0.0225548
417,0.08,0.189928,0.0225022
418,0,0.189474,0.0224529
419,-0.04,0.188926,0.022406
420,-0.08,0.188286,0.0223617
421,-0.12,0.187553,0.0223206
422,-0.08,0.186919,0.0222766
423,-0.08,0.186288,0.0222329
424,-0.08,0.18566,0.0221893
425,0,0.185224,0.0221413
426,0,0.184789,0.0220936
427,0,0.184356,0.022046
428,-0.08,0.183738,0.0220031
429,-0.16,0.182937,0.0219664
430,-0.08,0.182326,0.0219238
431,-0.08,0.181717,0.0218813
432,-0.08,0.181111,0.021839
433,-0.12,0.180416,0.0217996
434,-0.08,0.179816,0.0217576
435,-0.12,0.179126,0.0217184
436,-0.08,0.178532,0.0216767
437,-0.04,0.178032,0.0216328
438,0,0.177626,0.0215872
439,-0.08,0.177039,0.021546
440,-0.12,0.176364,0.0215076
441,-0.12,0.175692,0.0214693
442,-0.12,0.175023,0.0214311
443,-0.12,0.174357,0.021393
444,-0.04,0.173874,0.0213502
445,-0.04,0.173393,0.0213076
446,0,0.173004,0.0212633
447,-0.04,0.172528,0.0212211
448,-0.04,0.172054,0.021179
449,-0.04,0.171581,0.021137
450,0,0.1712,0.0210934
451,0.04,0.170909,0.0210486
452,0.16,0.170885,0.021002
453,0.16,0.170861,0.0209556
454,0.08,0.170661,0.0209104
455,0.12,0.170549,0.0208647
456,0.08,0.170351,0.0208198
457,0.12,0.170241,0.0207745
458,0.12,0.170131,0.0207294
459,0.16,0.170109,0.0206842
460,0.2,0.170174,0.0206393
461,0.16,0.170152,0.0205944
462,0.16,0.17013,0.0205498
463,0.12,0.170022,0.0205057
464,0.12,0.169914,0.0204617
465,0.2,0.169978,0.0204178
466,0.28,0.170215,0.0203753
467,0.28,0.17045,0.020333
468,0.32,0.170769,0.020292
469,0.4,0.171258,0.0202546
470,0.4,0.171745,0.0202173
471,0.36,0.172144,0.0201783
472,0.32,0.172458,0.0201379
473,0.32,0.17277,0.0200977
474,0.28,0.172996,0.0200566
475,0.32,0.173305,0.0200167
476,0.36,0.173697,0.0199784
477,0.36,0.174088,0.0199403
478,0.4,0.174561,0.0199042
479,0.4,0.175031,0.0198682
480,0.32,0.175333,0.019829
481,0.24,0.175468,0.0197882
482,0.24,0.175602,0.0197476
483,0.36,0.175983,0.0197103
484,0.44,0.176529,0.0196771
485,0.52,0.177237,0.0196493
486,0.68,0.178272,0.0196361
487,0.56,0.179055,0.0196114
488,0.64,0.18,0.019594
489,0.64,0.180941,0.0195765
490,0.68,0.181959,0.019563
491,0.68,0.182974,0.0195494
492,0.76,0.184146,0.0195449
493,0.76,0.185314,0.0195401
494,0.88,0.186721,0.0195512
495,0.88,0.188121,0.0195619
496,0.88,0.189516,0.0195721
497,0.92,0.190986,0.0195879
498,1,0.19261,0.019616
499,1,0.194228,0.0196434
500,1,0.19584,0.0196702
501,1,0.197445,0.0196964
502,1,0.199044,0.019722
503,1,0.200636,0.0197471
504,1,0.202222,0.0197716
505,1,0.203802,0.0197955
506,1,0.205375,0.0198189
507,1,0.206943,0.0198418
508,0.92,0.208346,0.0198524
509,0.88,0.209666,0.0198572
510,0.96,0.211137,0.0198728
511,1,0.212681,0.0198938
512,1,0.214219,0.0199144
513,1,0.21575,0.0199345
514,1,0.217276,0.0199541
515,1,0.218796,0.0199732
516,1,0.22031,0.0199919
517,1,0.221818,0.0200101
518,1,0.22332,0.0200278
519,1,0.224817,0.0200451
520,1,0.226308,0.020062
521,1,0.227793,0.0200785
522,1,0.229272,0.0200945
523,1,0.230746,0.0201101
524,1,0.232214,0.0201253
525,1,0.233676,0.0201401
526,1,0.235133,0.0201545
527,1,0.236584,0.0201685
528,1,0.23803,0.0201821
529,1,0.239471,0.0201954
530,0.92,0.240755,0.0201981
531,0.92,0.242034,0.0202006
532,1,0.243459,0.0202128
533,1,0.244878,0.0202247
534,1,0.246292,0.0202363
535,1,0.247701,0.0202475
536,1,0.249104,0.0202584
537,1,0.250503,0.0202689
538,1,0.251896,0.0202791
539,1,0.253284,0.020289
540,1,0.254667,0.0202985
541,1,0.256044,0.0203078
542,1,0.257417,0.0203167
543,1,0.258785,0.0203253
544,0.88,0.259926,0.02032
545,0.76,0.260844,0.0203034
546,0.76,0.261758,0.0202868
547,0.72,0.262596,0.020267
548,0.64,0.263285,0.0202417
549,0.52,0.263752,0.0202102
550,0.52,0.264218,0.0201788
551,0.48,0.26461,0.020146
552,0.4,0.264855,0.0201109
553,0.36,0.265027,0.0200753
554,0.36,0.265199,0.0200397
555,0.32,0.265297,0.0200038
556,0.24,0.265252,0.0199679
557,0.16,0.265063,0.0199329
558,0.12,0.264803,0.0198988
559,0.08,0.264472,0.019866
560,0.12,0.264214,0.0198321
561,0.08,0.263886,0.0197995
562,0.16,0.263701,0.0197651
563,0.12,0.263446,0.0197316
564,0.08,0.263121,0.0196993
565,0.12,0.262867,0.019666
566,0.04,0.262473,0.0196352
567,0,0.262011,0.019606
568,0.08,0.26169,0.019574
569,0,0.26123,0.019545
570,-0.04,0.260702,0.0195179
571,0,0.260245,0.019489
572,0,0.25979,0.0194602
573,0.08,0.259476,0.0194288
574,0.12,0.259233,0.0193964
575,0.04,0.258852,0.0193664
576,0,0.258403,0.019338
577,0.04,0.258024,0.0193081
578,0.12,0.257785,0.0192762
579,0,0.25734,0.019248
580,-0.12,0.25669,0.0192258
581,-0.16,0.255972,0.0192061
582,-0.24,0.25512,0.019192
583,-0.28,0.254202,0.019181
584,-0.32,0.253219,0.0191734
585,-0.32,0.252239,0.0191656
586,-0.28,0.251331,0.0191544
587,-0.2,0.250562,0.0191372
588,-0.24,0.249728,0.0191229
589,-0.24,0.248896,0.0191085
590,-0.24,0.248068,0.019094
591,-0.24,0.247242,0.0190796
592,-0.24,0.246419,0.0190651
593,-0.2,0.245666,0.0190478
594,-0.36,0.244646,0.019043
595,-0.28,0.243765,0.0190314
596,-0.32,0.242819,0.019023
597,-0.28,0.241943,0.0190113
598,-0.28,0.24107,0.0189995
599,-0.36,0.240067,0.0189943
600,-0.4,0.239,0.0189926
601,-0.4,0.237937,0.0189908
602,-0.36,0.236944,0.0189852
603,-0.32,0.23602,0.0189762
604,-0.32,0.235099,0.0189671
605,-0.32,0.234182,0.0189579
606,-0.28,0.233333,0.0189456
607,-0.28,0.232488,0.0189333
608,-0.32,0.231579,0.018924
609,-0.4,0.230542,0.0189213
610,-0.4,0.229508,0.0189185
611,-0.4,0.228478,0.0189156
612,-0.32,0.227582,0.0189059
613,-0.36,0.226623,0.0188994
614,-0.44,0.225537,0.0188998
615,-0.52,0.224325,0.0189079
616,-0.44,0.223247,0.018908
617,-0.6,0.221912,0.0189244
618,-0.6,0.220583,0.0189405
619,-0.56,0.219321,0.0189519
620,-0.48,0.218194,0.0189549
621,-0.44,0.217134,0.018954
622,-0.52,0.215949,0.0189606
623,-0.52,0.214767,0.0189669
624,-0.64,0.213397,0.018986
625,-0.6,0.212096,0.0190002
626,-0.64,0.210735,0.0190186
627,-0.6,0.209442,0.0190322
628,-0.48,0.208344,0.0190336
629,-0.52,0.207186,0.0190386
630,-0.52,0.206032,0.0190433
631,-0.52,0.204881,0.0190479
632,-0.6,0.203608,0.0190603
633,-0.6,0.202338,0.0190725
634,-0.6,0.201073,0.0190844
635,-0.56,0.199874,0.019092
636,-0.56,0.198679,0.0190993
637,-0.56,0.197488,0.0191065
638,-0.52,0.196364,0.0191096
639,-0.48,0.195305,0.0191091
640,-0.48,0.19425,0.0191083
641,-0.4,0.193323,0.019101
642,-0.4,0.192399,0.0190936
643,-0.32,0.191602,0.0190805
644,-0.28,0.19087,0.019065
645,-0.32,0.190078,0.0190518
646,-0.36,0.189226,0.0190414
647,-0.28,0.188501,0.0190258
648,-0.28,0.187778,0.0190101
649,-0.28,0.187057,0.0189945
650,-0.08,0.186646,0.0189697
651,-0.04,0.186298,0.0189437
652,0.04,0.186074,0.018916
653,0.04,0.18585,0.0188883
654,0,0.185566,0.0188616
655,0,0.185282,0.0188349
656,-0.08,0.184878,0.0188105
657,-0.12,0.184414,0.0187876
658,-0.12,0.183951,0.0187647
659,-0.12,0.18349,0.0187419
660,-0.2,0.182909,0.0187225
661,-0.36,0.182088,0.0187122
662,-0.36,0.181269,0.0187018
663,-0.32,0.180513,0.0186889
664,-0.32,0.179759,0.0186759
665,-0.28,0.179068,0.0186606
666,-0.32,0.178318,0.0186477
667,-0.28,0.177631,0.0186324
668,-0.2,0.177066,0.018613
669,-0.2,0.176502,0.0185937
670,-0.24,0.175881,0.0185764
671,-0.24,0.175261,0.018559
672,-0.2,0.174702,0.0185398
673,-0.24,0.174086,0.0185225
674,-0.16,0.173591,0.0185016
675,-0.2,0.173037,0.0184825
676,-0.28,0.172367,0.0184673
677,-0.12,0.171935,0.018445
678,0.04,0.17174,0.0184188
679,0,0.171487,0.0183934
680,0,0.171235,0.0183681
681,-0.08,0.170866,0.0183448
682,-0.04,0.170557,0.0183205
683,-0.04,0.170249,0.0182963
684,-0.04,0.169942,0.0182721
685,-0.08,0.169577,0.018249
686,0,0.169329,0.0182241
687,0.04,0.169141,0.0181985
688,0.04,0.168953,0.018173
689,0.04,0.168766,0.0181476
690,0.04,0.16858,0.0181222
691,0.16,0.168567,0.018096
692,0.24,0.168671,0.0180701
693,0.24,0.168773,0.0180443
694,0.24,0.168876,0.0180186
695,0.32,0.169094,0.0179939
696,0.28,0.169253,0.0179688
697,0.32,0.169469,0.0179443
698,0.28,0.169628,0.0179193
699,0.44,0.170014,0.0178978
700,0.44,0.1704,0.0178764
701,0.44,0.170785,0.017855
702,0.44,0.171168,0.0178336
703,0.36,0.171437,0.0178103
704,0.48,0.171875,0.0177904
705,0.56,0.172426,0.0177736
706,0.64,0.173088,0.0177608
707,0.68,0.173805,0.0177502
708,0.72,0.174576,0.0177418
709,0.72,0.175346,0.0177335
710,0.72,0.176113,0.0177251
711,0.8,0.17699,0.0177219
712,0.68,0.177697,0.0177111
713,0.84,0.178626,0.0177106
714,0.84,0.179552,0.01771
715,0.8,0.18042,0.0177065
716,0.68,0.181117,0.0176955
717,0.68,0.181813,0.0176845
718,0.8,0.182674,0.0176809
719,0.8,0.183533,0.0176771
720,0.76,0.184333,0.0176707
721,0.72,0.185076,0.0176618
722,0.72,0.185817,0.0176529
723,0.72,0.186556,0.0176439
724,0.72,0.187293,0.0176349
725,0.76,0.188083,0.0176283
726,0.84,0.188981,0.0176269
727,0.84,0.189876,0.0176254
728,0.92,0.190879,0.0176297
729,0.88,0.191824,0.0176309
730,0.84,0.192712,0.0176291
731,0.88,0.193653,0.01763
732,0.88,0.19459,0.0176309
733,1,0.195689,0.0176411
734,1,0.196785,0.0176511
735,1,0.197878,0.0176609
736,0.92,0.198859,0.0176641
737,0.88,0.199783,0.0176643
738,0.88,0.200705,0.0176644
739,0.88,0.201624,0.0176645
740,0.84,0.202486,0.0176617
741,0.92,0.203455,0.0176644
742,0.96,0.204474,0.01767
743,1,0.205545,0.0176786
744,0.96,0.206559,0.017684
745,1,0.207624,0.0176923
746,1,0.208686,0.0177005
747,1,0.209746,0.0177085
748,1,0.210802,0.0177163
749,1,0.211856,0.017724
750,1,0.212907,0.0177315
751,1,0.213955,0.0177389
752,0.96,0.214947,0.017743
753,1,0.215989,0.0177501
754,1,0.217029,0.017757
755,0.92,0.21796,0.0177579
756,0.92,0.218889,0.0177587
757,0.88,0.219762,0.0177567
758,0.88,0.220633,0.0177546
759,1,0.22166,0.0177609
760,1,0.222684,0.0177671
761,1,0.223706,0.0177731
762,1,0.224724,0.017779
763,1,0.22574,0.0177847
764,1,0.226754,0.0177903
765,1,0.227765,0.0177957
766,0.96,0.228721,0.0177982
767,1,0.229726,0.0178034
768,1,0.230729,0.0178085
769,1,0.23173,0.0178134
770,1,0.232727,0.0178182
771,0.96,0.233671,0.0178201
772,0.92,0.23456,0.0178192
773,0.88,0.235395,0.0178157
774,0.88,0.236227,0.0178121
775,0.88,0.237058,0.0178085
776,0.88,0.237887,0.0178048
777,0.84,0.238662,0.0177988
778,0.8,0.239383,0.0177905
779,0.92,0.240257,0.0177891
780,0.92,0.241128,0.0177877
781,0.88,0.241946,0.0177837
782,0.92,0.242813,0.0177821
783,0.88,0.243627,0.017778
784,0.88,0.244439,0.0177739
785,0.88,0.245248,0.0177697
786,0.8,0.245954,0.0177611
787,0.84,0.246709,0.0177545
788,0.84,0.247462,0.017748
789,0.92,0.248314,0.0177459
790,0.96,0.249215,0.0177464
791,1,0.250164,0.0177493
792,1,0.251111,0.0177521
793,1,0.252055,0.0177549
794,1,0.252997,0.0177575
795,1,0.253937,0.01776
796,1,0.254874,0.0177624
797,1,0.255809,0.0177648
798,1,0.256742,0.017767
799,1,0.257672,0.0177691
800,1,0.2586,0.0177711
801,1,0.259526,0.017773
802,1,0.260449,0.0177748
803,1,0.26137,0.0177766
804,1,0.262289,0.0177782
805,1,0.263205,0.0177797
806,1,0.264119,0.0177812
807,1,0.265031,0.0177825
808,1,0.265941,0.0177838
809,1,0.266848,0.0177849
810,1,0.267753,0.017786
811,1,0.268656,0.017787
812,1,0.269557,0.0177879
813,1,0.270455,0.0177887
814,1,0.271351,0.0177894
815,1,0.272245,0.0177901
816,1,0.273137,0.0177906
817,1,0.274027,0.0177911
818,1,0.274914,0.0177915
819,1,0.2758,0.0177918
820,1,0.276683,0.017792
821,1,0.277564,0.0177922
822,1,0.278443,0.0177922
823,1,0.27932,0.0177922
824,1,0.280194,0.0177921
825,1,0.281067,0.0177919
826,1,0.281937,0.0177917
827,1,0.282805,0.0177914
828,1,0.283671,0.017791
829,1,0.284536,0.0177905
830,1,0.285398,0.0177899
831,1,0.286258,0.0177893
832,1,0.287115,0.0177886
833,1,0.287971,0.0177878
834,1,0.288825,0.017787
835,1,0.289677,0.0177861
836,1,0.290526,0.0177851
837,1,0.291374,0.0177841
838,1,0.29222,0.0177829
839,1,0.293063,0.0177818
840,1,0.293905,0.0177805
841,1,0.294744,0.0177792
842,0.96,0.295534,0.0177756
843,0.96,0.296323,0.017772
844,0.88,0.297014,0.0177644
845,0.92,0.297751,0.0177587
846,0.88,0.29844,0.017751
847,0.96,0.299221,0.0177473
848,0.92,0.299953,0.0177414
849,0.88,0.300636,0.0177337
850,0.84,0.301271,0.0177242
851,0.8,0.301857,0.017713
852,0.72,0.302347,0.017699
853,0.68,0.30279,0.0176838
854,0.64,0.303185,0.0176675
855,0.64,0.303579,0.0176512
856,0.72,0.304065,0.0176373
857,0.72,0.304551,0.0176234
858,0.76,0.305082,0.0176108
859,0.72,0.305565,0.017597
860,0.72,0.306047,0.0175831
861,0.72,0.306527,0.0175692
862,0.68,0.306961,0.0175542
863,0.72,0.307439,0.0175404
864,0.68,0.30787,0.0175254
865,0.72,0.308347,0.0175116
866,0.72,0.308822,0.0174978
867,0.72,0.309296,0.017484
868,0.72,0.30977,0.0174703
869,0.64,0.31015,0.0174543
870,0.68,0.310575,0.0174394
871,0.56,0.310861,0.0174217
872,0.6,0.311193,0.0174049
873,0.6,0.311523,0.0173881
874,0.6,0.311854,0.0173713
875,0.52,0.312091,0.0173531
876,0.44,0.312237,0.0173339
877,0.52,0.312474,0.0173157
878,0.52,0.312711,0.0172976
879,0.52,0.312947,0.0172795
880,0.56,0.313227,0.0172622
881,0.56,0.313507,0.0172448
882,0.6,0.313832,0.0172283
883,0.64,0.314202,0.0172128
884,0.64,0.31457,0.0171973
885,0.68,0.314983,0.0171828
886,0.6,0.315305,0.0171664
887,0.68,0.315716,0.0171519
888,0.72,0.316171,0.0171387
889,0.8,0.316715,0.017128
890,0.8,0.317258,0.0171174
891,0.84,0.317845,0.0171082
892,0.8,0.318386,0.0170976
893,0.88,0.319015,0.01709
894,0.92,0.319687,0.0170841
895,0.88,0.320313,0.0170765
896,0.88,0.320938,0.0170689
897,0.96,0.32165,0.0170647
898,1,0.322405,0.0170624
899,1,0.323159,0.0170601
900,1,0.323911,0.0170577
901,0.96,0.324617,0.0170534
902,0.92,0.325277,0.0170472
903,0.88,0.325891,0.0170394
904,0.88,0.326504,0.0170316
905,0.88,0.327116,0.0170238
906,0.88,0.327726,0.0170159
907,0.92,0.328379,0.0170097
908,1,0.329119,0.017007
909,1,0.329857,0.0170043
910,1,0.330593,0.0170016
911,1,0.331328,0.0169988
912,1,0.332061,0.016996
913,1,0.332793,0.0169931
914,1,0.333523,0.0169902
915,1,0.334251,0.0169872
916,0.96,0.334934,0.0169824
917,1,0.33566,0.0169794
918,1,0.336383,0.0169763
919,1,0.337106,0.0169732
920,1,0.337826,0.0169701
921,1,0.338545,0.0169669
922,1,0.339262,0.0169636
923,1,0.339978,0.0169603
924,1,0.340693,0.016957
925,1,0.341405,0.0169537
926,1,0.342117,0.0169503
927,1,0.342826,0.0169469
928,1,0.343534,0.0169434
929,1,0.344241,0.0169399
930,1,0.344946,0.0169364
931,1,0.34565,0.0169328
932,1,0.346352,0.0169292
933,1,0.347053,0.0169255
934,1,0.347752,0.0169218
935,1,0.348449,0.0169181
936,0.96,0.349103,0.0169127
937,0.96,0.349755,0.0169072
938,0.92,0.350362,0.0169001
939,0.88,0.350927,0.0168915
940,0.96,0.351574,0.0168859
941,0.92,0.352179,0.0168788
942,0.92,0.352781,0.0168716
943,1,0.353468,0.0168677
944,1,0.354153,0.0168637
945,1,0.354836,0.0168598
946,1,0.355518,0.0168557
947,1,0.356199,0.0168517
948,1,0.356878,0.0168476
949,1,0.357555,0.0168434
950,1,0.358232,0.0168393
951,1,0.358906,0.0168351
952,1,0.35958,0.0168309
953,1,0.360252,0.0168266
954,1,0.360922,0.0168224
955,1,0.361592,0.0168181
956,0.96,0.362218,0.0168121
957,0.96,0.362842,0.0168062
958,0.96,0.363466,0.0168002
959,0.92,0.364046,0.0167927
960,0.88,0.364583,0.0167838
961,0.88,0.36512,0.0167749
962,0.88,0.365655,0.016766
963,0.96,0.366272,0.0167599
964,0.96,0.366888,0.0167539
965,0.96,0.367503,0.0167478
966,0.96,0.368116,0.0167417
967,1,0.368769,0.0167371
968,1,0.369421,0.0167325
969,1,0.370072,0.0167279
970,1,0.370722,0.0167233
971,1,0.37137,0.0167186
972,1,0.372016,0.0167139
973,1,0.372662,0.0167092
974,1,0.373306,0.0167044
975,1,0.373949,0.0166997
976,1,0.37459,0.0166949
977,1,0.37523,0.0166901
978,1,0.375869,0.0166852
979,1,0.376507,0.0166804
980,1,0.377143,0.0166755
981,1,0.377778,0.0166706
982,0.96,0.378371,0.0166641
983,1,0.379003,0.0166592
984,1,0.379634,0.0166542
985,1,0.380264,0.0166492
986,1,0.380892,0.0166442
987,1,0.38152,0.0166391
988,1,0.382146,0.0166341
989,1,0.38277,0.016629
990,1,0.383394,0.0166239
991,1,0.384016,0.0166187
992,1,0.384637,0.0166136
993,1,0.385257,0.0166084
994,1,0.385875,0.0166032
995,1,0.386492,0.016598
996,1,0.387108,0.0165928
997,1,0.387723,0.0165875
998,1,0.388337,0.0165822
999,1,0.388949,0.0165769
1000,1,0.38956,0.0165716
