1,-0.32,-0.32,0
2,-0.4,-0.36,0.04
3,-0.52,-0.413333,0.0581187
4,-0.28,-0.38,0.052915
5,-0.56,-0.416,0.0545527
6,-0.44,-0.42,0.0447214
7,-0.32,-0.405714,0.0404061
8,-0.36,-0.4,0.0354562
9,-0.28,-0.386667,0.0339935
10,-0.36,-0.384,0.0305214
11,-0.12,-0.36,0.0365812
12,-0.12,-0.34,0.0389249
13,0,-0.313846,0.0443404
14,0.08,-0.285714,0.0497655
15,0.12,-0.258667,0.0536467
16,0.04,-0.24,0.0535413
17,0.08,-0.221176,0.0537004
18,-0.04,-0.211111,0.0516201
19,-0.16,-0.208421,0.0489018
20,-0.24,-0.21,0.0464191
21,-0.24,-0.211429,0.0441765
22,-0.12,-0.207273,0.0423252
23,-0.2,-0.206957,0.0404443
24,-0.24,-0.208333,0.038747
25,-0.08,-0.2032,0.0375176
26,-0.2,-0.203077,0.036046
27,-0.2,-0.202963,0.0346855
28,-0.08,-0.198571,0.033711
29,-0.12,-0.195862,0.0326404
30,0.12,-0.185333,0.0332449
31,0.08,-0.176774,0.0332743
32,0.16,-0.16625,0.0338931
33,0.12,-0.157576,0.0339759
34,0.16,-0.148235,0.0342593
35,0.24,-0.137143,0.0350667
36,0.12,-0.13,0.0348193
37,0,-0.126486,0.0340469
38,-0.08,-0.125263,0.0331614
39,-0.24,-0.128205,0.0324336
40,-0.04,-0.126,0.0316892
41,-0.04,-0.123902,0.0309777
42,-0.12,-0.12381,0.0302313
43,-0.08,-0.122791,0.0295375
44,-0.12,-0.122727,0.0288584
45,-0.16,-0.123556,0.028222
46,-0.16,-0.124348,0.027613
47,-0.2,-0.125957,0.027067
48,-0.08,-0.125,0.0265144
49,0.04,-0.121633,0.0261851
50,0.08,-0.1176,0.025971
51,0.04,-0.11451,0.0256436
52,0.08,-0.110769,0.0254223
53,-0.08,-0.110189,0.0249448
54,-0.08,-0.10963,0.0244849
55,0.12,-0.105455,0.0243955
56,-0.12,-0.105714,0.0239573
57,0.04,-0.103158,0.0236717
58,0.04,-0.10069,0.0233906
59,0.12,-0.0969492,0.023293
60,0.08,-0.094,0.0230906
61,0,-0.092459,0.0227611
62,0,-0.0909677,0.0224406
63,-0.24,-0.0933333,0.0222079
64,-0.16,-0.094375,0.0218829
65,-0.36,-0.0984615,0.0219278
66,-0.44,-0.103636,0.0222044
67,-0.44,-0.108657,0.0224393
68,-0.52,-0.114706,0.0229196
69,-0.44,-0.11942,0.0230717
70,-0.44,-0.124,0.0231963
71,-0.24,-0.125634,0.0229256
72,-0.2,-0.126667,0.0226285
73,-0.16,-0.127123,0.0223211
74,-0.16,-0.127568,0.0220218
75,0.08,-0.1248,0.0219018
76,0.08,-0.122105,0.021779
77,0.2,-0.117922,0.0218976
78,0.12,-0.114872,0.0218292
79,0.04,-0.112911,0.0216401
80,0.16,-0.1095,0.0216385
81,0.08,-0.10716,0.0214974
82,0.12,-0.10439,0.0214135
83,0.16,-0.101205,0.0213925
84,0.12,-0.0985714,0.0212997
85,-0.04,-0.0978824,0.0210589
86,-0.04,-0.0972093,0.0208234
87,-0.04,-0.0965517,0.0205932
88,0.04,-0.095,0.0204169
89,-0.12,-0.0952809,0.0201881
90,-0.4,-0.0986667,0.0202477
91,-0.32,-0.101099,0.0201711
92,-0.16,-0.101739,0.0199609
93,-0.32,-0.104086,0.0198841
94,-0.28,-0.105957,0.0197602
95,-0.44,-0.109474,0.0198648
96,-0.36,-0.112083,0.0198293
97,-0.28,-0.113814,0.0197
98,-0.24,-0.115102,0.0195404
99,-0.2,-0.11596,0.019361
100,-0.24,-0.1172,0.0192065
101,-0.2,-0.11802,0.0190331
102,-0.08,-0.117647,0.0188492
103,-0.2,-0.118447,0.0186825
104,-0.08,-0.118077,0.0185056
105,0.08,-0.11619,0.0184254
106,0.04,-0.114717,0.0183101
107,-0.12,-0.114766,0.0181382
108,-0.16,-0.115185,0.0179744
109,-0.32,-0.117064,0.0179076
110,-0.2,-0.117818,0.01776
111,-0.08,-0.117477,0.0176026
112,-0.04,-0.116786,0.0174585
113,-0.08,-0.11646,0.0173063
114,-0.08,-0.11614,0.0171568
115,-0.16,-0.116522,0.0170113
116,-0.08,-0.116207,0.0168669
117,-0.04,-0.115556,0.0167348
118,0,-0.114576,0.0166213
119,0.12,-0.112605,0.0165985
120,0.16,-0.110333,0.0166156
121,0.12,-0.10843,0.0165873
122,0.4,-0.104262,0.0169704
123,0.48,-0.0995122,0.0174893
124,0.44,-0.0951613,0.017885
125,0.36,-0.09152,0.0181111
126,0.56,-0.0863492,0.0186961
127,0.4,-0.0825197,0.0189395
128,0.4,-0.07875,0.0191653
129,0.36,-0.0753488,0.019318
130,0.28,-0.0726154,0.0193627
131,0.2,-0.0705344,0.0193267
132,0.08,-0.0693939,0.0192136
133,0.08,-0.0682707,0.0191016
134,0.2,-0.0662687,0.019064
135,0.24,-0.064,0.0190577
136,0.32,-0.0611765,0.0191266
137,0.44,-0.0575182,0.0193357
138,0.4,-0.0542029,0.0194793
139,0.32,-0.0515108,0.0195252
140,0.32,-0.0488571,0.019566
141,0.2,-0.0470922,0.0195067
142,0.28,-0.0447887,0.0195053
143,0.24,-0.0427972,0.0194706
144,0.32,-0.0402778,0.0194984
145,0.24,-0.0383448,0.0194597
146,0.32,-0.0358904,0.0194811
147,0.32,-0.0334694,0.0194991
148,0.32,-0.0310811,0.0195136
149,0.24,-0.0292617,0.0194674
150,0.16,-0.028,0.0193783
151,0.2,-0.0264901,0.0193086
152,0.08,-0.0257895,0.019194
153,0.04,-0.0253595,0.0190729
154,-0.04,-0.0254545,0.0189489
155,-0.08,-0.0258065,0.0188296
156,-0.16,-0.0266667,0.0187282
157,-0.04,-0.0267516,0.0186088
158,0,-0.0265823,0.0184914
159,-0.16,-0.0274214,0.0183939
160,-0.08,-0.02775,0.0182815
161,-0.04,-0.0278261,0.0181678
162,-0.16,-0.028642,0.0180737
163,-0.2,-0.0296933,0.0179932
164,-0.16,-0.0304878,0.0179008
165,-0.28,-0.032,0.0178561
166,-0.32,-0.0337349,0.0178328
167,-0.28,-0.0352096,0.017787
168,-0.24,-0.0364286,0.0177227
169,-0.2,-0.0373964,0.0176441
170,-0.24,-0.0385882,0.0175805
171,-0.24,-0.0397661,0.017517
172,-0.24,-0.0409302,0.0174537
173,-0.04,-0.0409249,0.0173525
174,-0.08,-0.0411494,0.017254
175,-0.04,-0.0411429,0.0171551
176,-0.16,-0.0418182,0.0170707
177,-0.08,-0.0420339,0.0169754
178,-0.04,-0.0420225,0.0168797
179,0.08,-0.0413408,0.016799
180,0.24,-0.0397778,0.0167784
181,0.2,-0.038453,0.0167379
182,0.32,-0.0364835,0.0167618
183,0.32,-0.0345355,0.0167834
184,0.2,-0.0332609,0.0167405
185,-0.04,-0.0332973,0.0166499
186,0,-0.0331183,0.0165611
187,-0.04,-0.0331551,0.0164723
188,-0.12,-0.033617,0.016391
189,-0.12,-0.0340741,0.0163104
190,-0.12,-0.0345263,0.0162306
191,-0.12,-0.0349738,0.0161516
192,-0.36,-0.0366667,0.0161562
193,-0.32,-0.0381347,0.0161392
194,-0.4,-0.04,0.0161638
195,-0.4,-0.0418462,0.0161863
196,-0.52,-0.0442857,0.0162873
197,-0.56,-0.0469036,0.0164145
198,-0.48,-0.0490909,0.0164772
199,-0.4,-0.0508543,0.0164887
200,-0.52,-0.0532,0.0165729
201,-0.36,-0.0547264,0.0165608
202,-0.32,-0.0560396,0.0165308
203,-0.24,-0.0569458,0.0164741
204,-0.24,-0.0578431,0.0164177
205,-0.32,-0.059122,0.0163874
206,-0.4,-0.0607767,0.0163914
207,-0.36,-0.0622222,0.0163759
208,-0.64,-0.065,0.0165321
209,-0.44,-0.0667943,0.0165503
210,-0.48,-0.0687619,0.0165884
211,-0.56,-0.07109,0.016673
212,-0.56,-0.0733962,0.0167536
213,-0.6,-0.0758685,0.0168571
214,-0.72,-0.0788785,0.017046
215,-0.84,-0.0824186,0.0173319
216,-0.84,-0.0859259,0.0176044
217,-0.84,-0.0894009,0.0178643
218,-0.8,-0.0926606,0.0180785
219,-0.72,-0.0955251,0.0182223
220,-0.68,-0.0981818,0.0183328
221,-0.72,-0.100995,0.0184653
222,-0.72,-0.103784,0.0185922
223,-0.72,-0.106547,0.0187138
224,-0.72,-0.109286,0.0188302
225,-0.56,-0.111289,0.0188531
226,-0.64,-0.113628,0.0189147
227,-0.64,-0.115947,0.0189734
228,-0.56,-0.117895,0.0189902
229,-0.52,-0.119651,0.0189884
230,-0.48,-0.121217,0.0189705
231,-0.44,-0.122597,0.0189385
232,-0.4,-0.123793,0.0188946
233,-0.48,-0.125322,0.0188753
234,-0.48,-0.126838,0.0188555
235,-0.56,-0.128681,0.0188654
236,-0.44,-0.13,0.0188315
237,-0.36,-0.13097,0.018777
238,-0.24,-0.131429,0.0187036
239,-0.2,-0.131715,0.0186273
240,-0.2,-0.132,0.0185517
241,-0.16,-0.132116,0.018475
242,-0.2,-0.132397,0.0184006
243,-0.24,-0.13284,0.0183301
244,-0.08,-0.132623,0.0182561
245,-0.16,-0.132735,0.0181818
246,-0.12,-0.132683,0.0181078
247,-0.08,-0.13247,0.0180356
248,-0.04,-0.132097,0.0179666
249,0.08,-0.131245,0.0179145
250,0.2,-0.12992,0.0178919
251,0.32,-0.128127,0.0179104
252,0.44,-0.125873,0.017981
253,0.32,-0.124111,0.0179963
254,0.36,-0.122205,0.0180264
255,0.24,-0.120784,0.0180116
256,0.2,-0.119531,0.0179849
257,0.04,-0.118911,0.0179255
258,-0.04,-0.118605,0.0178585
259,-0.2,-0.118919,0.0177922
260,-0.28,-0.119538,0.0177344
261,-0.16,-0.119693,0.017667
262,-0.4,-0.120763,0.017632
263,-0.4,-0.121825,0.0175969
264,-0.52,-0.123333,0.0175948
265,-0.64,-0.125283,0.0176364
266,-0.56,-0.126917,0.0176458
267,-0.52,-0.12839,0.0176412
268,-0.48,-0.129701,0.0176241
269,-0.48,-0.131004,0.0176067
270,-0.44,-0.132148,0.0175787
271,-0.4,-0.133137,0.0175415
272,-0.44,-0.134265,0.0175133
273,-0.36,-0.135092,0.0174686
274,-0.24,-0.135474,0.017409
275,-0.12,-0.135418,0.0173456
276,-0.12,-0.135362,0.0172828
277,-0.4,-0.136318,0.0172467
278,-0.52,-0.137698,0.0172399
279,-0.48,-0.138925,0.0172218
280,-0.36,-0.139714,0.0171783
281,-0.4,-0.140641,0.0171421
282,-0.44,-0.141702,0.0171142
283,-0.4,-0.142615,0.017078
284,-0.68,-0.144507,0.0171226
285,-0.68,-0.146386,0.0171656
286,-0.52,-0.147692,0.0171553
287,-0.56,-0.149129,0.0171557
288,-0.56,-0.150556,0.0171554
289,-0.48,-0.151696,0.0171339
290,-0.44,-0.15269,0.0171036
291,-0.44,-0.153677,0.0170733
292,-0.44,-0.154658,0.017043
293,-0.36,-0.155358,0.0169992
294,-0.4,-0.15619,0.0169617
295,-0.2,-0.156339,0.0169047
296,-0.24,-0.156622,0.0168499
297,-0.24,-0.156902,0.0167954
298,-0.4,-0.157718,0.0167588
299,-0.52,-0.15893,0.0167466
300,-0.6,-0.1604,0.0167553
301,-0.52,-0.161595,0.0167422
302,-0.52,-0.162781,0.0167288
303,-0.28,-0.163168,0.016678
304,-0.28,-0.163553,0.0166275
305,-0.36,-0.164197,0.0165854
306,-0.32,-0.164706,0.016539
307,-0.16,-0.164691,0.016485
308,-0.08,-0.164416,0.0164337
309,-0.04,-0.164013,0.0163854
310,0,-0.163484,0.016341
311,0.04,-0.16283,0.0163015
312,0.12,-0.161923,0.0162744
313,0.04,-0.161278,0.0162352
314,0.2,-0.160127,0.0162242
315,0.24,-0.158857,0.0162225
316,0.28,-0.157468,0.0162306
317,0.28,-0.156088,0.016238
318,0.36,-0.154465,0.0162681
319,0.12,-0.153605,0.0162398
320,0.2,-0.1525,0.0162266
321,0.48,-0.15053,0.0162956
322,0.52,-0.148447,0.0163778
323,0.6,-0.14613,0.0164906
324,0.64,-0.143704,0.0166177
325,0.68,-0.141169,0.0167593
326,0.72,-0.138528,0.0169153
327,0.68,-0.136024,0.0170483
328,0.72,-0.133415,0.0171954
329,0.56,-0.131307,0.0172722
330,0.6,-0.129091,0.0173618
331,0.68,-0.126647,0.017481
332,0.72,-0.124096,0.0176138
333,0.72,-0.121562,0.0177428
334,0.88,-0.118563,0.017942
335,0.84,-0.115701,0.0181158
336,0.76,-0.113095,0.0182488
337,0.8,-0.110386,0.0183953
338,0.84,-0.107574,0.018555
339,0.88,-0.104661,0.0187282
340,0.88,-0.101765,0.0188963
341,0.92,-0.0987683,0.0190775
342,0.92,-0.0957895,0.0192535
343,0.88,-0.0929446,0.019407
344,0.84,-0.0902326,0.0195396
345,0.8,-0.0876522,0.019653
346,0.76,-0.0852023,0.0197487
347,0.6,-0.0832277,0.0197904
348,0.76,-0.0808046,0.0198817
349,0.8,-0.0782808,0.0199846
350,0.8,-0.0757714,0.0200848
351,0.84,-0.0731624,0.0201968
352,0.68,-0.0710227,0.0202526
353,0.56,-0.0692351,0.0202741
354,0.52,-0.0675706,0.0202852
355,0.24,-0.0667042,0.0202465
356,0.28,-0.0657303,0.020213
357,0.52,-0.0640896,0.020223
358,0.56,-0.0623464,0.0202416
359,0.6,-0.0605014,0.0202693
360,0.6,-0.0586667,0.020296
361,0.72,-0.0565097,0.0203544
362,0.64,-0.0545856,0.020389
363,0.56,-0.0528926,0.0204032
364,0.44,-0.0515385,0.020392
365,0.44,-0.0501918,0.0203806
366,0.32,-0.0491803,0.02035
367,0.36,-0.0480654,0.0203251
368,0.08,-0.0477174,0.0202728
369,0.04,-0.0474797,0.0202192
370,0,-0.0473514,0.0201649
371,0,-0.0472237,0.0201108
372,-0.12,-0.0474194,0.0200577
373,-0.04,-0.0473995,0.0200038
374,0.04,-0.0471658,0.0199516
375,0.2,-0.0465067,0.0199093
376,0.2,-0.0458511,0.0198671
377,0.2,-0.0451989,0.019825
378,0.04,-0.0449735,0.0197738
379,0,-0.0448549,0.0197219
380,-0.08,-0.0449474,0.0196702
381,-0.28,-0.0455643,0.0196282
382,-0.2,-0.0459686,0.0195809
383,-0.28,-0.0465796,0.0195392
384,-0.16,-0.046875,0.0194905
385,0.04,-0.0466494,0.0194412
386,0.04,-0.0464249,0.019392
387,-0.12,-0.046615,0.0193428
388,-0.32,-0.0473196,0.0193057
389,-0.4,-0.0482262,0.0192774
390,-0.44,-0.0492308,0.0192541
391,-0.64,-0.0507417,0.0192641
392,-0.52,-0.0519388,0.0192522
393,-0.28,-0.0525191,0.0192119
394,-0.16,-0.0527919,0.019165
395,-0.16,-0.0530633,0.0191184
396,-0.36,-0.0538384,0.0190858
397,-0.28,-0.0544081,0.0190462
398,-0.32,-0.0550754,0.01901
399,-0.32,-0.0557393,0.0189739
400,-0.24,-0.0562,0.018932
401,-0.12,-0.0563591,0.0188854
402,-0.08,-0.0564179,0.0188384
403,-0.12,-0.0565757,0.0187923
404,-0.2,-0.0569307,0.0187491
405,-0.16,-0.0571852,0.0187045
406,0.16,-0.0566502,0.018666
407,0.12,-0.0562162,0.0186251
408,0.2,-0.0555882,0.01859
409,0.16,-0.0550611,0.018552
410,0.04,-0.0548293,0.0185082
411,-0.24,-0.0552798,0.0184686
412,-0.2,-0.0556311,0.0184271
413,-0.24,-0.0560775,0.0183878
414,-0.28,-0.0566184,0.0183513
415,-0.32,-0.057253,0.018318
416,-0.36,-0.0579808,0.0182884
417,-0.4,-0.058801,0.0182629
418,-0.4,-0.0596172,0.0182375
419,-0.44,-0.0605251,0.0182165
420,-0.52,-0.061619,0.018206
421,-0.6,-0.0628979,0.0182077
422,-0.6,-0.0641706,0.018209
423,-0.68,-0.0656265,0.0182242
424,-0.68,-0.0670755,0.0182388
425,-0.6,-0.0683294,0.018239
426,-0.52,-0.0693897,0.018227
427,-0.48,-0.0703513,0.0182096
428,-0.48,-0.0713084,0.0181922
429,-0.36,-0.0719814,0.0181623
430,-0.4,-0.0727442,0.018136
431,-0.44,-0.0735963,0.0181139
432,-0.32,-0.0741667,0.018081
433,-0.2,-0.0744573,0.0180415
434,-0.24,-0.0748387,0.0180039
435,-0.24,-0.0752184,0.0179665
436,-0.2,-0.0755046,0.0179275
437,-0.16,-0.0756979,0.0178875
438,-0.12,-0.0757991,0.0178469
439,-0.2,-0.076082,0.0178084
440,-0.04,-0.076,0.0177681
441,-0.12,-0.0760998,0.0177281
442,-0.24,-0.0764706,0.0176918
443,-0.36,-0.0771106,0.0176634
444,-0.48,-0.078018,0.0176469
445,-0.44,-0.0788315,0.017626
446,-0.28,-0.0792825,0.0175922
447,-0.36,-0.0799105,0.0175641
448,-0.4,-0.080625,0.0175394
449,-0.32,-0.0811581,0.0175084
450,-0.16,-0.0813333,0.0174703
451,-0.2,-0.0815965,0.0174335
452,0.12,-0.0811504,0.0174006
453,0.08,-0.0807947,0.0173658
454,0.12,-0.0803524,0.0173332
455,0.12,-0.0799121,0.0173006
456,0.2,-0.0792982,0.0172736
457,0.2,-0.0786871,0.0172465
458,0.24,-0.0779913,0.0172229
459,0.36,-0.077037,0.0172118
460,0.44,-0.075913,0.0172111
461,0.36,-0.0749675,0.0171997
462,0.48,-0.0737662,0.0172045
463,0.36,-0.0728294,0.0171928
464,0.32,-0.0719828,0.0171766
465,0.44,-0.0708817,0.0171749
466,0.68,-0.0692704,0.0172136
467,0.8,-0.067409,0.0172773
468,0.76,-0.065641,0.0173307
469,0.76,-0.0638806,0.0173831
470,0.6,-0.0624681,0.0174035
471,0.52,-0.0612314,0.0174105
472,0.36,-0.060339,0.0173965
473,0.36,-0.0594503,0.0173824
474,0.36,-0.0585654,0.0173682
475,0.36,-0.0576842,0.017354
476,0.36,-0.0568067,0.0173397
477,0.28,-0.0561006,0.0173178
478,0.28,-0.0553975,0.0172958
479,0.08,-0.0551148,0.017262
480,0.12,-0.05475,0.0172298
481,0.16,-0.0543035,0.0171998
482,0.24,-0.0536929,0.0171749
483,0.32,-0.0529193,0.0171567
484,0.28,-0.0522314,0.0171351
485,0.24,-0.0516289,0.0171103
486,0.32,-0.0508642,0.0170922
487,0.12,-0.0505133,0.0170607
488,0,-0.0504098,0.017026
489,0,-0.0503067,0.0169914
490,-0.16,-0.0505306,0.0169582
491,-0.24,-0.0509165,0.016928
492,-0.28,-0.0513821,0.0169
493,-0.36,-0.0520081,0.0168773
494,-0.36,-0.0526316,0.0168546
495,-0.36,-0.0532525,0.016832
496,-0.48,-0.0541129,0.0168201
497,-0.48,-0.0549698,0.016808
498,-0.4,-0.0556627,0.0167886
499,-0.36,-0.0562725,0.016766
500,-0.28,-0.05672,0.0167384
501,-0.16,-0.0569261,0.0167062
502,-0.16,-0.0571315,0.0166742
503,-0.16,-0.057336,0.0166423
504,-0.12,-0.0574603,0.0166097
505,-0.16,-0.0576634,0.016578
506,-0.2,-0.0579447,0.0165476
507,-0.08,-0.0579882,0.016515
508,-0.12,-0.0581102,0.0164829
509,-0.16,-0.0583104,0.0164517
510,-0.08,-0.0583529,0.0164194
511,-0.04,-0.058317,0.0163873
512,-0.08,-0.0583594,0.0163553
513,-0.04,-0.0583236,0.0163235
514,-0.28,-0.0587549,0.0162974
515,-0.32,-0.0592621,0.0162736
516,-0.36,-0.059845,0.0162525
517,-0.44,-0.0605803,0.0162377
518,-0.2,-0.0608494,0.0162086
519,-0.16,-0.0610405,0.0161784
520,-0.24,-0.0613846,0.0161509
521,-0.32,-0.061881,0.0161276
522,-0.28,-0.0622989,0.0161021
523,-0.36,-0.0628681,0.0160813
524,-0.28,-0.0632824,0.0160559
525,-0.32,-0.0637714,0.0160328
526,-0.44,-0.0644867,0.0160183
527,-0.44,-0.0651992,0.0160037
528,-0.56,-0.0661364,0.0160008
529,-0.48,-0.0669187,0.0159897
530,-0.24,-0.0672453,0.0159628
531,-0.32,-0.0677213,0.0159399
532,-0.36,-0.0682707,0.0159194
533,-0.44,-0.0689681,0.0159048
534,-0.48,-0.0697378,0.0158936
535,-0.64,-0.0708037,0.0158996
536,-0.76,-0.0720896,0.0159219
537,-0.64,-0.0731471,0.0159274
538,-0.64,-0.0742007,0.0159327
539,-0.72,-0.0753989,0.0159481
540,-0.6,-0.0763704,0.0159482
541,-0.72,-0.0775601,0.0159631
542,-0.8,-0.078893,0.0159893
543,-0.88,-0.0803683,0.0160278
544,-0.96,-0.0819853,0.0160799
545,-0.8,-0.0833028,0.0161043
546,-0.68,-0.0843956,0.0161119
547,-0.64,-0.0854113,0.0161144
548,-0.32,-0.0858394,0.0160907
549,-0.32,-0.0862659,0.016067
550,-0.36,-0.0867636,0.0160455
551,-0.28,-0.0871143,0.0160202
552,-0.28,-0.0874638,0.015995
553,0,-0.0873056,0.0159668
554,0,-0.087148,0.0159387
555,-0.08,-0.0871351,0.01591
556,-0.2,-0.0873381,0.0158827
557,-0.24,-0.0876122,0.0158565
558,-0.04,-0.0875269,0.0158283
559,-0.2,-0.0877281,0.0158012
560,-0.08,-0.0877143,0.015773
561,-0.12,-0.0877718,0.0157449
562,-0.12,-0.0878292,0.015717
563,0.12,-0.08746,0.0156934
564,0.32,-0.0867376,0.0156822
565,0.32,-0.0860177,0.015671
566,0.12,-0.0856537,0.0156475
567,0.08,-0.0853616,0.0156226
568,0,-0.0852113,0.0155958
569,0,-0.0850615,0.0155691
570,0.04,-0.0848421,0.0155433
571,0.16,-0.0844133,0.015522
572,0.32,-0.0837063,0.0155109
573,0.32,-0.0830017,0.0154999
574,0.44,-0.0820906,0.0154996
575,0.44,-0.0811826,0.0154993
576,0.44,-0.0802778,0.0154988
577,0.32,-0.0795841,0.0154874
578,0.36,-0.0788235,0.0154793
579,0.48,-0.0778584,0.0154827
580,0.4,-0.0770345,0.0154779
581,0.32,-0.0763511,0.0154663
582,0.16,-0.075945,0.0154451
583,0.24,-0.0754031,0.0154281
584,0.44,-0.0745205,0.0154269
585,0.36,-0.0737778,0.0154184
586,0.44,-0.072901,0.015417
587,0.36,-0.0721635,0.0154084
588,0.52,-0.0711565,0.0154151
589,0.36,-0.0704244,0.0154063
590,0.52,-0.0694237,0.0154127
591,0.52,-0.0684264,0.0154189
592,0.48,-0.0675,0.0154207
593,0.36,-0.0667791,0.0154115
594,0.2,-0.06633,0.0153921
595,0.24,-0.0658151,0.0153748
596,0.16,-0.0654362,0.0153537
597,0.2,-0.0649916,0.0153344
598,0,-0.0648829,0.0153091
599,0.12,-0.0645743,0.0152867
600,0.28,-0.064,0.015272
601,0.16,-0.0636273,0.0152511
602,0.28,-0.0630565,0.0152364
603,0.28,-0.0624876,0.0152218
604,0.4,-0.0617219,0.0152158
605,0.64,-0.060562,0.0152349
606,0.52,-0.059604,0.0152399
607,0.6,-0.0585173,0.0152535
608,0.52,-0.0575658,0.0152581
609,0.72,-0.056289,0.0152864
610,0.8,-0.0548852,0.0153258
611,0.96,-0.0532242,0.0153906
612,0.84,-0.0517647,0.0154346
613,0.88,-0.0502447,0.0154841
614,0.72,-0.0489902,0.0155097
615,0.76,-0.0476748,0.0155402
616,0.76,-0.0463636,0.0155703
617,0.68,-0.0451864,0.0155896
618,0.56,-0.0442071,0.0155951
619,0.64,-0.0431018,0.0156091
620,0.56,-0.042129,0.0156142
621,0.6,-0.041095,0.0156233
622,0.64,-0.04,0.0156365
623,0.68,-0.0388443,0.0156541
624,0.52,-0.0379487,0.0156547
625,0.64,-0.036864,0.0156672
626,0.48,-0.0360383,0.0156639
627,0.44,-0.0352791,0.0156573
628,0.24,-0.0348408,0.0156385
629,0.12,-0.0345946,0.0156156
630,0.08,-0.0344127,0.0155919
631,0.16,-0.0341046,0.0155702
632,0.04,-0.0339873,0.015546
633,0,-0.0339336,0.0155215
634,0.12,-0.0336909,0.0154989
635,0,-0.0336378,0.0154745
636,-0.16,-0.0338365,0.0154515
637,-0.24,-0.0341601,0.0154306
638,-0.28,-0.0345455,0.0154112
639,-0.08,-0.0346166,0.0153872
640,-0.2,-0.034875,0.0153653
641,-0.08,-0.0349454,0.0153415
642,-0.04,-0.0349533,0.0153176
643,0.08,-0.0347745,0.0152948
644,0,-0.0347205,0.0152711
645,-0.12,-0.0348527,0.015248
646,-0.24,-0.0351703,0.0152277
647,-0.24,-0.0354869,0.0152074
648,-0.12,-0.0356173,0.0151845
649,-0.12,-0.0357473,0.0151617
650,0.04,-0.0356308,0.0151388
651,-0.08,-0.0356989,0.0151156
652,0.12,-0.0354601,0.0150943
653,0.44,-0.034732,0.0150888
654,0.28,-0.0342508,0.0150734
655,0,-0.0341985,0.0150504
656,0.12,-0.0339634,0.0150293
657,-0.04,-0.0339726,0.0150064
658,-0.12,-0.0341033,0.0149842
659,-0.08,-0.034173,0.0149616
660,-0.04,-0.0341818,0.0149389
661,-0.12,-0.0343116,0.0149168
662,-0.08,-0.0343807,0.0148944
663,-0.04,-0.0343891,0.014872
664,0.04,-0.0342771,0.01485
665,0.12,-0.0340451,0.0148294
666,0.16,-0.0337538,0.01481
667,0.12,-0.0335232,0.0147896
668,0.04,-0.0334132,0.0147678
669,-0.08,-0.0334828,0.0147459
670,-0.08,-0.0335522,0.0147241
671,-0.16,-0.0337407,0.0147033
672,-0.28,-0.0341071,0.014686
673,-0.16,-0.0342942,0.0146653
674,-0.28,-0.0346588,0.0146481
675,-0.16,-0.0348444,0.0146276
676,-0.2,-0.0350888,0.014608
677,-0.12,-0.0352142,0.0145869
678,-0.04,-0.0352212,0.0145654
679,-0.08,-0.0352872,0.0145441
680,-0.16,-0.0354706,0.0145238
681,-0.12,-0.0355947,0.014503
682,-0.2,-0.0358358,0.0144837
683,-0.28,-0.0361933,0.0144669
684,-0.44,-0.0367836,0.0144578
685,-0.44,-0.0373723,0.0144487
686,-0.4,-0.0379009,0.0144373
687,-0.2,-0.0381368,0.0144182
688,-0.12,-0.0382558,0.0143977
689,-0.2,-0.0384906,0.0143787
690,-0.24,-0.0387826,0.0143608
691,-0.44,-0.0393632,0.0143518
692,-0.32,-0.0397688,0.0143368
693,-0.4,-0.0402886,0.0143255
694,-0.24,-0.0405764,0.0143077
695,-0.16,-0.0407482,0.0142882
696,-0.12,-0.0408621,0.0142681
697,-0.2,-0.0410904,0.0142494
698,-0.2,-0.0413181,0.0142308
699,0,-0.0412589,0.0142106
700,-0.2,-0.0414857,0.0141921
701,-0.24,-0.0417689,0.0141746
702,-0.12,-0.0418803,0.0141549
703,-0.12,-0.0419915,0.0141351
704,-0.16,-0.0421591,0.014116
705,-0.28,-0.0424965,0.0141
706,-0.32,-0.0428895,0.0140855
707,-0.12,-0.0429986,0.014066
708,-0.08,-0.0430508,0.0140462
709,-0.12,-0.0431594,0.0140268
710,-0.04,-0.0431549,0.0140071
711,-0.04,-0.0431505,0.0139874
712,-0.12,-0.0432584,0.0139681
713,0,-0.0431978,0.0139486
714,-0.16,-0.0433613,0.0139301
715,-0.04,-0.0433566,0.0139106
716,-0.28,-0.0436872,0.013895
717,-0.2,-0.0439052,0.0138774
718,0,-0.043844,0.0138582
719,-0.16,-0.0440056,0.0138398
720,-0.2,-0.0442222,0.0138223
721,0.16,-0.043939,0.013806
722,0.24,-0.0435457,0.0137925
723,0.2,-0.0432089,0.0137775
724,0.24,-0.0428177,0.013764
725,0.28,-0.0423724,0.0137522
726,0.44,-0.041708,0.0137493
727,0.56,-0.0408803,0.0137553
728,0.56,-0.0400549,0.0137612
729,0.64,-0.0391221,0.0137739
730,0.36,-0.0385753,0.0137659
731,0.32,-0.0380848,0.0137558
732,0.4,-0.0374863,0.0137501
733,0.32,-0.0369986,0.0137399
734,0.08,-0.0368392,0.0137221
735,0.32,-0.0363537,0.013712
736,0.4,-0.0357609,0.0137062
737,0.28,-0.0353324,0.0136943
738,0.08,-0.0351762,0.0136766
739,0.12,-0.0349662,0.0136597
740,0.12,-0.0347568,0.0136429
741,0.24,-0.034386,0.0136295
742,0.32,-0.0339084,0.0136195
743,0.28,-0.0334859,0.0136077
744,0.2,-0.033172,0.013593
745,0.2,-0.0328591,0.0135784
746,-0.04,-0.0328686,0.0135602
747,-0.08,-0.0329317,0.0135422
748,-0.12,-0.0330481,0.0135245
749,-0.04,-0.0330574,0.0135065
750,-0.16,-0.0332267,0.0134895
751,0,-0.0331824,0.0134716
752,-0.08,-0.0332447,0.0134538
753,-0.24,-0.0335193,0.0134388
754,-0.32,-0.0338992,0.0134263
755,-0.16,-0.0340662,0.0134095
756,-0.32,-0.0344444,0.0133971
757,-0.36,-0.0348745,0.0133863
758,-0.24,-0.0351451,0.0133714
759,-0.36,-0.0355731,0.0133606
760,-0.24,-0.0358421,0.0133458
761,-0.36,-0.0362681,0.013335
762,-0.24,-0.0365354,0.0133202
763,-0.28,-0.0368545,0.0133065
764,-0.32,-0.0372251,0.0132943
765,-0.36,-0.0376471,0.0132836
766,-0.36,-0.0380679,0.0132729
767,-0.2,-0.038279,0.0132573
768,-0.16,-0.0384375,0.013241
769,-0.04,-0.0384395,0.0132237
770,-0.04,-0.0384416,0.0132065
771,0.08,-0.0382879,0.0131903
772,-0.04,-0.0382902,0.0131732
773,-0.2,-0.0384994,0.0131578
774,-0.24,-0.0387597,0.0131434
775,-0.32,-0.0391226,0.0131314
776,-0.36,-0.0395361,0.013121
777,-0.16,-0.0396911,0.013105
778,-0.12,-0.0397943,0.0130886
779,-0.04,-0.0397946,0.0130718
780,-0.12,-0.0398974,0.0130554
781,-0.04,-0.0398976,0.0130387
782,-0.04,-0.0398977,0.013022
783,-0.08,-0.0399489,0.0130054
784,0,-0.039898,0.0129889
785,0.08,-0.0397452,0.0129733
786,0.12,-0.039542,0.0129584
787,0.48,-0.0388818,0.0129587
788,0.48,-0.0382234,0.012959
789,0.36,-0.0377186,0.0129524
790,0.6,-0.0369114,0.0129612
791,0.44,-0.0363085,0.0129588
792,0.52,-0.0356061,0.0129615
793,0.44,-0.0350063,0.012959
794,0.4,-0.0344584,0.0129543
795,0.28,-0.0340629,0.012944
796,0.2,-0.0337688,0.0129311
797,0.28,-0.0333752,0.0129208
798,0.24,-0.0330326,0.0129092
799,0.36,-0.0325407,0.0129024
800,0.4,-0.032,0.0128976
801,0.32,-0.0315605,0.012889
802,0.2,-0.0312718,0.0128761
803,0.08,-0.0311333,0.0128608
804,0.12,-0.0309453,0.0128462
805,0.16,-0.0307081,0.0128324
806,0.24,-0.0303722,0.0128209
807,0.28,-0.0299876,0.0128108
808,0.32,-0.0295545,0.0128022
809,0.48,-0.0289246,0.0128019
810,0.6,-0.0281481,0.0128096
811,0.56,-0.0274229,0.0128144
812,0.6,-0.0266502,0.0128219
813,0.56,-0.0259287,0.0128264
814,0.6,-0.0251597,0.0128337
815,0.52,-0.0244908,0.0128354
816,0.32,-0.0240686,0.0128266
817,0.36,-0.0235985,0.0128195
818,0.28,-0.0232274,0.0128092
819,0.4,-0.0227106,0.012804
820,0.44,-0.0221463,0.0128008
821,0.48,-0.0215347,0.0127998
822,0.44,-0.0209732,0.0127966
823,0.32,-0.0205589,0.0127877
824,0.28,-0.0201942,0.0127774
825,0.4,-0.0196848,0.0127721
826,0.52,-0.0190315,0.0127733
827,0.52,-0.0183797,0.0127745
828,0.44,-0.0178261,0.0127711
829,0.52,-0.0171773,0.0127722
830,0.36,-0.0167229,0.0127649
831,0.36,-0.0162696,0.0127575
832,0.36,-0.0158173,0.0127502
833,0.16,-0.0156062,0.0127367
834,0.08,-0.0154916,0.0127219
835,0.04,-0.0154251,0.0127068
836,-0.08,-0.0155024,0.0126918
837,0,-0.0154839,0.0126767
838,0.2,-0.0152267,0.0126642
839,0.32,-0.0148272,0.0126554
840,0.24,-0.0145238,0.0126439
841,0.28,-0.0141736,0.0126337
842,0.36,-0.0137292,0.0126265
843,0.2,-0.0134757,0.0126141
844,0.24,-0.0131754,0.0126027
845,0.24,-0.0128757,0.0125914
846,0.2,-0.0126241,0.012579
847,0.08,-0.0125148,0.0125646
848,-0.16,-0.0126887,0.012551
849,-0.12,-0.0128151,0.0125368
850,0.2,-0.0125647,0.0125246
851,0.2,-0.0123149,0.0125124
852,0.24,-0.0120188,0.0125012
853,0.24,-0.0117233,0.01249
854,0.28,-0.0113817,0.01248
855,0.32,-0.0109942,0.0124715
856,0.04,-0.0109346,0.012457
857,0.2,-0.0106884,0.0124449
858,0.24,-0.0103963,0.0124338
859,0.08,-0.010291,0.0124198
860,0.2,-0.0100465,0.0124078
861,0.24,-0.0097561,0.0123967
862,0.2,-0.00951276,0.0123847
863,0.04,-0.00945539,0.0123705
864,-0.2,-0.00967593,0.0123582
865,-0.24,-0.0099422,0.0123467
866,-0.24,-0.0102079,0.0123353
867,-0.24,-0.0104729,0.0123239
868,-0.32,-0.0108295,0.0123149
869,-0.32,-0.0111853,0.0123059
870,-0.36,-0.0115862,0.0122982
871,-0.36,-0.0119862,0.0122906
872,-0.28,-0.0122936,0.0122804
873,-0.36,-0.0126919,0.0122728
874,-0.44,-0.0131808,0.0122685
875,-0.4,-0.0136229,0.0122624
876,-0.32,-0.0139726,0.0122534
877,-0.4,-0.0144128,0.0122473
878,-0.28,-0.0147153,0.0122371
879,-0.2,-0.0149261,0.012225
880,-0.2,-0.0151364,0.0122129
881,-0.24,-0.0153916,0.0122017
882,-0.12,-0.0155102,0.0121884
883,-0.08,-0.0155832,0.0121748
884,-0.04,-0.0156109,0.0121611
885,0.08,-0.0155028,0.0121478
886,0.12,-0.0153499,0.0121351
887,0.04,-0.0152875,0.0121215
888,0,-0.0152703,0.0121079
889,0.04,-0.0152081,0.0120944
890,0,-0.015191,0.0120808
891,0.12,-0.0150393,0.0120682
892,0.2,-0.0147982,0.0120571
893,0.32,-0.0144233,0.0120494
894,0.44,-0.013915,0.0120467
895,0.44,-0.0134078,0.0120439
896,0.44,-0.0129018,0.0120411
897,0.36,-0.0124861,0.0120348
898,0.24,-0.0122049,0.0120247
899,0.16,-0.0120133,0.0120129
900,0.16,-0.0118222,0.012001
901,0.28,-0.0114983,0.0119921
902,0.28,-0.0111752,0.0119831
903,0.28,-0.0108527,0.0119742
904,0.16,-0.0106637,0.0119624
905,0.16,-0.0104751,0.0119507
906,0.24,-0.0101987,0.0119407
907,0.32,-0.00983462,0.0119331
908,0.44,-0.00933921,0.0119302
909,0.36,-0.00893289,0.011924
910,0.36,-0.00852747,0.0119178
911,0.48,-0.00799122,0.0119168
912,0.24,-0.0077193,0.0119068
913,0.28,-0.00740416,0.0118979
914,0.2,-0.00717724,0.0118871
915,0.28,-0.00686339,0.0118782
916,0.44,-0.00637555,0.0118753
917,0.36,-0.00597601,0.011869
918,0.16,-0.00579521,0.0118575
919,0.12,-0.00565832,0.0118454
920,0.2,-0.00543478,0.0118346
921,0.08,-0.00534202,0.0118221
922,-0.2,-0.00555315,0.0118112
923,-0.12,-0.00567714,0.011799
924,-0.2,-0.00588745,0.0117881
925,-0.24,-0.00614054,0.0117781
926,-0.2,-0.00634989,0.0117672
927,-0.24,-0.00660194,0.0117572
928,-0.32,-0.00693966,0.0117494
929,-0.12,-0.00706136,0.0117374
930,-0.08,-0.00713978,0.011725
931,-0.2,-0.00734694,0.0117142
932,-0.04,-0.00738197,0.0117017
933,-0.16,-0.00754555,0.0116903
934,-0.04,-0.0075803,0.0116778
935,-0.2,-0.0077861,0.0116672
936,-0.04,-0.00782051,0.0116547
937,0.08,-0.00772679,0.0116427
938,-0.12,-0.00784648,0.0116309
939,-0.12,-0.00796592,0.0116191
940,-0.04,-0.008,0.0116068
941,0.04,-0.00794899,0.0115945
942,0.16,-0.0077707,0.0115836
943,0.16,-0.00759279,0.0115727
944,0.08,-0.0075,0.0115608
945,0.08,-0.00740741,0.0115489
946,0,-0.00739958,0.0115367
947,-0.08,-0.00747624,0.0115248
948,-0.08,-0.00755274,0.0115129
949,-0.04,-0.00758693,0.0115008
950,-0.28,-0.00787368,0.0114922
951,-0.24,-0.00811777,0.0114827
952,-0.12,-0.00823529,0.0114713
953,-0.16,-0.00839454,0.0114603
954,-0.28,-0.00867925,0.0114519
955,-0.16,-0.0088377,0.011441
956,0.04,-0.00878661,0.0114291
957,-0.04,-0.00881923,0.0114172
958,-0.12,-0.00893528,0.0114059
959,-0.12,-0.00905109,0.0113946
960,-0.04,-0.00908333,0.0113827
961,-0.12,-0.00919875,0.0113715
962,-0.36,-0.00956341,0.0113655
963,-0.28,-0.00984424,0.0113571
964,-0.4,-0.010249,0.0113526
965,-0.24,-0.010487,0.0113433
966,-0.04,-0.0105176,0.0113316
967,0,-0.0105067,0.0113199
968,-0.08,-0.0105785,0.0113084
969,-0.24,-0.0108153,0.0112992
970,-0.4,-0.0112165,0.0112947
971,-0.48,-0.0116993,0.0112934
972,-0.52,-0.0122222,0.0112939
973,-0.52,-0.0127441,0.0112943
974,-0.4,-0.0131417,0.0112897
975,-0.44,-0.0135795,0.0112866
976,-0.56,-0.0141393,0.0112889
977,-0.48,-0.0146162,0.0112875
978,-0.28,-0.0148875,0.0112792
979,-0.2,-0.0150766,0.0112692
980,-0.12,-0.0151837,0.0112582
981,-0.08,-0.0152497,0.0112469
982,-0.28,-0.0155193,0.0112387
983,-0.24,-0.0157477,0.0112296
984,-0.44,-0.0161789,0.0112265
985,0.12,-0.0160406,0.0112159
986,-0.04,-0.0160649,0.0112046
987,-0.08,-0.0161297,0.0111934
988,-0.2,-0.0163158,0.0111836
989,-0.2,-0.0165015,0.0111738
990,0,-0.0164848,0.0111626
991,0.08,-0.0163875,0.0111517
992,0.16,-0.0162097,0.0111419
993,0.2,-0.0159919,0.0111328
994,0.32,-0.0156539,0.0111267
995,0.24,-0.015397,0.0111185
996,0,-0.0153815,0.0111073
997,0.08,-0.0152859,0.0110966
998,0.2,-0.0150701,0.0110876
999,0.24,-0.0148148,0.0110794
1000,0.36,-0.01444,0.0110747
