1,-0.16,-0.16,0
2,0.08,-0.04,0.12
3,0.08,0,0.08
4,0.08,0.02,0.06
5,0,0.016,0.0466476
6,-0.08,0,0.0413118
7,0.32,0.0457143,0.0575225
8,0.24,0.07,0.0554205
9,0.36,0.102222,0.058542
10,0.28,0.12,0.0552972
11,0.36,0.141818,0.0545697
12,0.32,0.156667,0.051981
13,0.28,0.166154,0.0487476
14,0.24,0.171429,0.0454387
15,0.24,0.176,0.0425475
16,0.44,0.1925,0.0430842
17,0.4,0.204706,0.0422712
18,0.04,0.195556,0.0408906
19,0.16,0.193684,0.0387239
20,-0.04,0.182,0.03855
21,0.2,0.182857,0.0366784
22,0.4,0.192727,0.0363377
23,0.32,0.198261,0.03516
24,0.32,0.203333,0.0340432
25,0.2,0.2032,0.0326533
26,0,0.195385,0.0323311
27,0.04,0.18963,0.0316385
28,-0.04,0.181429,0.0315713
29,-0.04,0.173793,0.0314056
30,-0.08,0.165333,0.031498
31,0.28,0.169032,0.0306887
32,0.44,0.1775,0.0308972
33,0.36,0.18303,0.0304527
34,0.12,0.181176,0.0296015
35,0.2,0.181714,0.0287484
36,0.32,0.185556,0.0282012
37,0.4,0.191351,0.0280341
38,0.28,0.193684,0.0273859
39,0,0.188718,0.0271329
40,0.44,0.195,0.0271817
41,0.56,0.203902,0.0279653
42,0.64,0.214286,0.0291998
43,0.68,0.225116,0.0305004
44,0.72,0.236364,0.0318511
45,0.64,0.245333,0.0324015
46,0.4,0.248696,0.0318672
47,0.4,0.251915,0.0313475
48,0.48,0.256667,0.0310532
49,0.4,0.259592,0.0305532
50,0.64,0.2672,0.0308876
51,0.48,0.271373,0.0305621
52,0.48,0.275385,0.030236
53,0.36,0.276981,0.0297029
54,0.4,0.279259,0.0292366
55,0.36,0.280727,0.0287376
56,0.04,0.276429,0.0285453
57,0.08,0.272982,0.028251
58,0.2,0.271724,0.0277881
59,0.28,0.271864,0.0273134
60,0.24,0.271333,0.0268596
61,0.2,0.270164,0.0264415
62,0.2,0.269032,0.0260361
63,-0.04,0.264127,0.0260849
64,-0.04,0.259375,0.0261101
65,-0.32,0.250462,0.0272069
66,-0.04,0.246061,0.0271505
67,-0.16,0.24,0.0274204
68,-0.08,0.235294,0.0274209
69,-0.08,0.230725,0.0274043
70,-0.16,0.225143,0.0275807
71,-0.08,0.220845,0.027527
72,0.16,0.22,0.0271552
73,0.04,0.217534,0.0268939
74,0.16,0.216757,0.0265393
75,0.12,0.215467,0.0262148
76,0.12,0.214211,0.0258981
77,0.08,0.212468,0.0256189
78,0.28,0.213333,0.0253031
79,0.28,0.214177,0.024995
80,0.12,0.213,0.0247087
81,0.04,0.210864,0.024495
82,0,0.208293,0.0243307
83,-0.12,0.204337,0.0243591
84,-0.12,0.200476,0.0243751
85,-0.12,0.196706,0.0243799
86,-0.12,0.193023,0.0243746
87,0.04,0.191264,0.0241569
88,-0.08,0.188182,0.0240789
89,-0.2,0.18382,0.0242031
90,-0.2,0.179556,0.0243096
91,-0.08,0.176703,0.0242096
92,0,0.174783,0.0240219
93,-0.2,0.170753,0.0241015
94,-0.12,0.16766,0.0240436
95,0.16,0.167579,0.0237893
96,0.08,0.166667,0.0235578
97,-0.08,0.164124,0.023452
98,-0.32,0.159184,0.0237313
99,-0.08,0.156768,0.0236143
100,-0.24,0.1528,0.0237113
101,-0.12,0.150099,0.0236302
102,-0.08,0.147843,0.0235059
103,0.04,0.146796,0.0233001
104,0,0.145385,0.0231181
105,0,0.144,0.0229387
106,-0.08,0.141887,0.0228193
107,-0.36,0.137196,0.0230866
108,-0.36,0.132593,0.0233305
109,-0.12,0.130275,0.0232313
110,-0.04,0.128727,0.0230712
111,-0.08,0.126847,0.0229396
112,0.16,0.127143,0.0227358
113,0.28,0.128496,0.0225742
114,0.12,0.128421,0.0223755
115,0.12,0.128348,0.0221802
116,0.2,0.128966,0.0219968
117,-0.04,0.127521,0.0218557
118,0.24,0.128475,0.0216907
119,0.24,0.129412,0.021528
120,0.24,0.130333,0.0213678
121,0.56,0.133884,0.0214859
122,0.44,0.136393,0.0214563
123,0.36,0.138211,0.0213586
124,0.32,0.139677,0.0212364
125,0.44,0.14208,0.0212023
126,0.68,0.146349,0.0214623
127,0.48,0.148976,0.0214541
128,0.24,0.149688,0.0212977
129,0.32,0.151008,0.0211732
130,0.16,0.151077,0.0210098
131,-0.08,0.149313,0.0209233
132,-0.2,0.146667,0.0209321
133,-0.28,0.143459,0.0210204
134,-0.28,0.140299,0.0211009
135,-0.48,0.135704,0.0214421
136,-0.44,0.131471,0.0217007
137,-0.32,0.128175,0.0217923
138,-0.04,0.126957,0.0216681
139,-0.24,0.124317,0.0216731
140,-0.04,0.123143,0.0215497
141,-0.24,0.120567,0.0215508
142,-0.2,0.11831,0.0215172
143,-0.04,0.117203,0.0213949
144,-0.04,0.116111,0.0212738
145,0.04,0.115586,0.0211331
146,-0.08,0.114247,0.0210306
147,0,0.113469,0.0209015
148,0,0.112703,0.0207739
149,-0.08,0.111409,0.0206745
150,-0.16,0.1096,0.0206158
151,-0.16,0.107815,0.0205565
152,0.04,0.107368,0.0204257
153,0.32,0.108758,0.0203393
154,0.24,0.10961,0.0202247
155,0.04,0.109161,0.0200988
156,-0.04,0.108205,0.0199924
157,-0.08,0.107006,0.0199008
158,0.16,0.107342,0.0197773
159,0.44,0.109434,0.0197636
160,0.52,0.112,0.0198066
161,0.6,0.115031,0.0199152
162,0.48,0.117284,0.0199197
163,0.48,0.119509,0.0199218
164,0.6,0.122439,0.0200155
165,0.48,0.124606,0.0200115
166,0.32,0.125783,0.0199254
167,0.24,0.126467,0.0198176
168,0.04,0.125952,0.019706
169,-0.16,0.12426,0.019662
170,-0.04,0.123294,0.0195698
171,0,0.122573,0.0194684
172,0,0.12186,0.019368
173,0.08,0.121618,0.0192572
174,-0.2,0.11977,0.0192353
175,-0.12,0.1184,0.019174
176,0,0.117727,0.0190766
177,0.12,0.11774,0.0189686
178,0.16,0.117978,0.0188632
179,0.32,0.119106,0.0187914
180,0.24,0.119778,0.0186988
181,0.24,0.120442,0.0186071
182,0.12,0.12044,0.0185046
183,-0.08,0.119344,0.0184357
184,-0.12,0.118043,0.0183814
185,-0.36,0.115459,0.0184634
186,-0.32,0.113118,0.0185125
187,-0.12,0.111872,0.0184554
188,-0.08,0.110851,0.0183853
189,0,0.110265,0.0182972
190,0.04,0.109895,0.0182044
191,0.2,0.110366,0.018115
192,0.04,0.11,0.0180241
193,0,0.10943,0.0179395
194,-0.16,0.108041,0.0179008
195,-0.28,0.106051,0.0179196
196,-0.32,0.103878,0.01796
197,-0.44,0.101117,0.0180806
198,-0.44,0.0983838,0.0181954
199,-0.36,0.0960804,0.0182497
200,-0.16,0.0948,0.0182033
201,-0.44,0.0921393,0.0183069
202,-0.16,0.0908911,0.0182588
203,-0.2,0.0894581,0.018225
204,0.08,0.0894118,0.0181355
205,0.16,0.0897561,0.0180502
206,0.24,0.0904854,0.0179771
207,0.32,0.0915942,0.0179244
208,0.36,0.0928846,0.0178846
209,0.48,0.0947368,0.017895
210,0.4,0.0961905,0.0178688
211,0.4,0.0976303,0.0178421
212,0.12,0.0977358,0.017758
213,0.16,0.0980282,0.0176769
214,0.2,0.0985047,0.0176005
215,0.16,0.0987907,0.0175208
216,0.24,0.0994444,0.0174518
217,0.12,0.0995392,0.0173714
218,0.04,0.0992661,0.0172937
219,0,0.0988128,0.0172205
220,-0.08,0.098,0.0171613
221,-0.04,0.0973756,0.0170949
222,-0.12,0.0963964,0.0170459
223,-0.12,0.095426,0.016997
224,0.08,0.0953571,0.0169211
225,0.08,0.0952889,0.0168458
226,0,0.0948673,0.0167764
227,0,0.0944493,0.0167076
228,-0.12,0.0935088,0.0166607
229,-0.32,0.0917031,0.0166858
230,-0.16,0.0906087,0.0166491
231,-0.04,0.0900433,0.0165865
232,-0.04,0.0894828,0.0165244
233,-0.24,0.0880687,0.0165139
234,-0.16,0.0870085,0.0164774
235,-0.12,0.0861277,0.0164307
236,-0.24,0.0847458,0.0164192
237,-0.16,0.0837131,0.0163824
238,-0.16,0.0826891,0.0163455
239,-0.28,0.0811715,0.0163475
240,-0.24,0.0798333,0.0163342
241,-0.24,0.0785062,0.0163203
242,-0.32,0.0768595,0.016336
243,-0.36,0.0750617,0.0163676
244,-0.16,0.0740984,0.0163288
245,0,0.0737959,0.0162649
246,0.24,0.0744715,0.0162127
247,0.36,0.0756275,0.0161883
248,0.52,0.0774194,0.0162221
249,0.44,0.0788755,0.0162223
250,0.44,0.08032,0.0162217
251,0.32,0.0812749,0.0161852
252,0.32,0.0822222,0.0161486
253,0.24,0.0828458,0.0160968
254,0.24,0.0834646,0.0160452
255,0.16,0.0837647,0.015985
256,0.12,0.0839063,0.015923
257,0.2,0.084358,0.0158674
258,-0.08,0.0837209,0.0158186
259,-0.2,0.0826255,0.0157954
260,-0.12,0.0818462,0.0157539
261,-0.4,0.08,0.0158016
262,-0.16,0.079084,0.0157678
263,-0.12,0.078327,0.015726
264,0,0.0780303,0.0156691
265,0,0.0777358,0.0156126
266,0,0.0774436,0.0155566
267,0.16,0.0777528,0.0155013
268,0.08,0.0777612,0.0154433
269,0.04,0.0776208,0.0153865
270,0.12,0.0777778,0.0153302
271,0,0.0774908,0.0152762
272,-0.04,0.0770588,0.0152261
273,0.12,0.0772161,0.015171
274,0.08,0.0772263,0.0151155
275,0,0.0769455,0.0150631
276,-0.32,0.0755072,0.0150772
277,-0.24,0.0743682,0.0150657
278,-0.36,0.0728058,0.0150925
279,-0.56,0.0705376,0.0152084
280,-0.52,0.0684286,0.0153001
281,-0.08,0.0679004,0.0152547
282,-0.12,0.067234,0.0152151
283,-0.2,0.0662898,0.0151906
284,-0.12,0.0656338,0.0151512
285,0.04,0.0655439,0.0150982
286,0,0.0653147,0.0150471
287,-0.08,0.0648084,0.0150031
288,-0.24,0.06375,0.0149884
289,-0.48,0.0618685,0.0150544
290,-0.24,0.0608276,0.0150385
291,-0.24,0.0597938,0.0150224
292,-0.4,0.0582192,0.0150534
293,-0.36,0.0567918,0.0150697
294,-0.28,0.0556463,0.015062
295,-0.44,0.0539661,0.0151046
296,-0.36,0.0525676,0.0151183
297,-0.48,0.0507744,0.0151736
298,-0.52,0.0488591,0.0152434
299,-0.12,0.0482943,0.0152028
300,-0.04,0.048,0.0151549
301,-0.12,0.0474419,0.0151148
302,-0.16,0.046755,0.0150803
303,-0.12,0.0462046,0.0150406
304,-0.04,0.0459211,0.0149937
305,-0.08,0.0455082,0.0149501
306,-0.08,0.045098,0.0149068
307,0.08,0.0452117,0.0148586
308,0.36,0.0462338,0.0148456
309,0.24,0.0468608,0.0148107
310,0.12,0.0470968,0.0147647
311,-0.04,0.0468167,0.0147199
312,-0.04,0.0465385,0.0146752
313,0.32,0.0474121,0.0146543
314,0.32,0.0482803,0.0146334
315,0.08,0.048381,0.0145872
316,0.12,0.0486076,0.0145427
317,0.12,0.0488328,0.0144985
318,0.04,0.048805,0.0144529
319,0.2,0.049279,0.0144153
320,0.04,0.04925,0.0143702
321,-0.04,0.048972,0.0143281
322,-0.2,0.0481988,0.0143044
323,-0.32,0.0470588,0.0143056
324,-0.04,0.0467901,0.0142639
325,0.04,0.0467692,0.0142199
326,0.16,0.0471166,0.0141805
327,0.08,0.0472171,0.0141374
328,0,0.0470732,0.014095
329,-0.12,0.0465653,0.0140612
330,-0.28,0.0455758,0.0140535
331,-0.4,0.0442296,0.0140755
332,-0.2,0.043494,0.0140523
333,-0.04,0.0432432,0.0140122
334,-0.16,0.0426347,0.0139835
335,-0.24,0.041791,0.0139672
336,-0.24,0.0409524,0.0139508
337,-0.16,0.0403561,0.0139221
338,-0.12,0.0398817,0.0138889
339,-0.28,0.0389381,0.01388
340,-0.2,0.0382353,0.013857
341,-0.16,0.037654,0.0138285
342,-0.12,0.037193,0.0137957
343,-0.36,0.036035,0.0138041
344,0.08,0.0361628,0.0137645
345,0,0.036058,0.0137249
346,-0.04,0.0358382,0.013687
347,-0.2,0.0351585,0.0136644
348,-0.04,0.0349425,0.0136268
349,-0.24,0.0341547,0.0136105
350,-0.32,0.0331429,0.0136092
351,-0.4,0.0319088,0.0136264
352,-0.56,0.0302273,0.0136913
353,-0.64,0.0283286,0.0137838
354,-0.72,0.0262147,0.0139065
355,-0.64,0.024338,0.0139936
356,-0.4,0.0231461,0.0140051
357,-0.28,0.0222969,0.0139916
358,-0.08,0.0220112,0.0139554
359,0.08,0.0221727,0.0139174
360,0.16,0.0225556,0.013884
361,0.12,0.0228255,0.0138481
362,0.4,0.0238674,0.013849
363,0.56,0.0253444,0.0138896
364,0.28,0.026044,0.013869
365,0.2,0.0265205,0.0138392
366,0.16,0.0268852,0.0138061
367,-0.08,0.026594,0.0137715
368,0.12,0.0268478,0.0137364
369,0,0.0267751,0.0136993
370,0.12,0.027027,0.0136646
371,0.28,0.0277089,0.0136447
372,0.04,0.0277419,0.013608
373,0.12,0.0279893,0.0135738
374,0.28,0.0286631,0.0135542
375,0.4,0.0296533,0.0135542
376,0.52,0.0309574,0.0135809
377,0.24,0.0315119,0.0135561
378,0.28,0.0321693,0.0135362
379,0.24,0.0327177,0.0135116
380,0.24,0.0332632,0.013487
381,0.32,0.0340157,0.0134726
382,0.08,0.0341361,0.0134378
383,0.04,0.0341514,0.0134027
384,0,0.0340625,0.013368
385,0.08,0.0341818,0.0133338
386,0,0.0340933,0.0132995
387,-0.24,0.033385,0.013284
388,-0.24,0.0326804,0.0132684
389,-0.4,0.0315681,0.013281
390,-0.16,0.0310769,0.013256
391,0.08,0.031202,0.0132226
392,-0.04,0.0310204,0.0131901
393,0,0.0309415,0.0131567
394,-0.16,0.0304569,0.0131322
395,-0.32,0.0295696,0.0131289
396,-0.56,0.0280808,0.0131801
397,-0.48,0.026801,0.013209
398,-0.28,0.0260302,0.0131983
399,-0.4,0.0249624,0.0132084
400,-0.6,0.0234,0.0132677
401,-0.52,0.0220449,0.0133037
402,-0.36,0.0210945,0.0133046
403,-0.36,0.0201489,0.0133052
404,-0.24,0.019505,0.0132878
405,-0.08,0.0192593,0.0132572
406,-0.12,0.0189163,0.013229
407,-0.04,0.0187715,0.0131973
408,0.16,0.0191176,0.0131694
409,0.16,0.0194621,0.0131417
410,-0.12,0.019122,0.013114
411,-0.04,0.0189781,0.0130829
412,0.04,0.0190291,0.0130512
413,0.08,0.0191768,0.0130204
414,0,0.0191304,0.012989
415,0,0.0190843,0.0129577
416,0.12,0.0193269,0.0129288
417,0.2,0.0197602,0.012905
418,0.2,0.0201914,0.0128813
419,0.16,0.0205251,0.0128549
420,0.16,0.0208571,0.0128285
421,0,0.0208076,0.0127981
422,0.16,0.0211374,0.012772
423,0,0.0210875,0.0127419
424,0,0.0210377,0.0127119
425,0.2,0.0214588,0.0126889
426,-0.04,0.0213146,0.0126599
427,0.12,0.0215457,0.0126324
428,0.2,0.0219626,0.0126097
429,0.2,0.0223776,0.0125871
430,0.2,0.0227907,0.0125646
431,-0.08,0.0225522,0.0125377
432,-0.08,0.0223148,0.0125109
433,0,0.0222633,0.0124821
434,-0.08,0.0220276,0.0124555
435,0.16,0.0223448,0.0124309
436,0.36,0.0231193,0.0124265
437,0.32,0.0237986,0.0124166
438,0.48,0.0248402,0.012432
439,0.52,0.0259681,0.0124548
440,0.44,0.0269091,0.012462
441,0.36,0.0276644,0.0124567
442,0.24,0.0281448,0.0124377
443,0.2,0.0285327,0.0124157
444,0.12,0.0287387,0.0123894
445,-0.04,0.0285843,0.0123625
446,-0.44,0.0275336,0.0123794
447,-0.24,0.0269351,0.0123662
448,-0.36,0.0260714,0.0123687
449,-0.2,0.0255679,0.0123514
450,-0.28,0.0248889,0.0123426
451,-0.32,0.0241242,0.012339
452,-0.36,0.0232743,0.0123409
453,-0.28,0.0226049,0.0123318
454,0.04,0.0226432,0.0123047
455,0,0.0225934,0.0122777
456,0.16,0.0228947,0.0122545
457,0.04,0.0229322,0.0122277
458,0.24,0.0234061,0.0122102
459,0.32,0.0240523,0.0122007
460,0.2,0.0244348,0.0121801
461,0.2,0.0248156,0.0121596
462,0.28,0.025368,0.0121459
463,0.12,0.0255724,0.0121213
464,-0.08,0.0253448,0.0120973
465,-0.12,0.0250323,0.0120753
466,-0.08,0.0248069,0.0120515
467,-0.16,0.0244111,0.0120322
468,-0.12,0.0241026,0.0120104
469,-0.08,0.0238806,0.0119868
470,-0.2,0.0234043,0.0119707
471,-0.16,0.0230149,0.0119516
472,0.12,0.0232203,0.0119281
473,0.08,0.0233404,0.0119034
474,0.08,0.0234599,0.0118789
475,0,0.0234105,0.011854
476,-0.04,0.0232773,0.0118298
477,-0.04,0.0231447,0.0118057
478,-0.12,0.0228452,0.0117848
479,-0.04,0.022714,0.0117609
480,-0.12,0.0224167,0.0117401
481,-0.08,0.0222037,0.0117176
482,0.04,0.0222407,0.0116933
483,0.16,0.0225259,0.0116726
484,0.08,0.0226446,0.0116491
485,0.12,0.0228454,0.0116268
486,0.12,0.0230453,0.0116045
487,-0.04,0.0229158,0.0115814
488,0.24,0.0233607,0.0115662
489,0.08,0.0234765,0.0115431
490,0.2,0.0238367,0.0115252
491,0.24,0.024277,0.0115101
492,0.08,0.0243902,0.0114872
493,0.04,0.0244219,0.0114639
494,0.28,0.0249393,0.0114524
495,0.12,0.0251313,0.0114309
496,0.08,0.0252419,0.0114083
497,-0.12,0.0249497,0.0113891
498,0,0.0248996,0.0113663
499,-0.08,0.0246894,0.0113455
500,-0.28,0.02408,0.0113391
501,0.32,0.0246707,0.0113319
502,0.28,0.0251793,0.0113207
503,0.4,0.0259245,0.0113227
504,0.12,0.0261111,0.0113018
505,0.08,0.0262178,0.0112799
506,-0.08,0.0260079,0.0112595
507,-0.48,0.0250099,0.0112815
508,-0.4,0.0241732,0.0112903
509,-0.16,0.0238114,0.011274
510,-0.48,0.0228235,0.0112951
511,-0.32,0.0221526,0.0112929
512,-0.24,0.0216406,0.0112825
513,-0.36,0.0208967,0.011285
514,-0.44,0.02,0.0112987
515,-0.2,0.0195728,0.0112848
516,-0.2,0.0191473,0.0112709
517,-0.16,0.0188008,0.0112545
518,-0.04,0.0186873,0.0112333
519,-0.2,0.0182659,0.0112195
520,-0.12,0.018,0.0112011
521,-0.24,0.0175048,0.0111905
522,-0.12,0.0172414,0.0111722
523,-0.2,0.016826,0.0111585
524,0.08,0.0169466,0.0111379
525,0.12,0.0171429,0.0111184
526,0.12,0.0173384,0.0110989
527,0.12,0.0175332,0.0110796
528,0.08,0.0176515,0.0110592
529,0,0.0176181,0.0110383
530,0.08,0.0177358,0.0110181
531,-0.04,0.0176271,0.0109979
532,0.08,0.0177444,0.0109778
533,-0.12,0.0174859,0.0109602
534,-0.32,0.0168539,0.0109579
535,-0.24,0.0163738,0.010948
536,-0.12,0.0161194,0.0109305
537,0.08,0.0162384,0.0109107
538,0.12,0.0164312,0.0108922
539,0.12,0.0166234,0.0108736
540,0.2,0.016963,0.0108588
541,0.2,0.0173013,0.010844
542,0.4,0.0180074,0.010847
543,0.16,0.0182689,0.0108301
544,0.16,0.0185294,0.0108133
545,0.08,0.0186422,0.0107941
546,0.16,0.0189011,0.0107774
547,0.28,0.0193784,0.0107682
548,0.12,0.019562,0.0107501
549,0.04,0.0195993,0.0107306
550,0,0.0195636,0.0107111
551,-0.12,0.0193103,0.0106947
552,-0.04,0.0192029,0.0106758
553,-0.12,0.0189512,0.0106595
554,-0.2,0.018556,0.0106476
555,-0.24,0.0180901,0.0106386
556,-0.28,0.017554,0.0106329
557,-0.08,0.0173788,0.0106153
558,0,0.0173477,0.0105963
559,-0.2,0.0169589,0.0105845
560,-0.08,0.0167857,0.010567
561,-0.24,0.016328,0.010558
562,-0.2,0.0159431,0.0105463
563,-0.16,0.0156306,0.0105321
564,-0.12,0.0153901,0.0105162
565,-0.08,0.0152212,0.0104989
566,-0.2,0.014841,0.0104873
567,-0.08,0.0146737,0.0104701
568,-0.4,0.0139437,0.0104771
569,-0.04,0.0138489,0.0104591
570,0.12,0.0140351,0.0104424
571,0.08,0.0141506,0.0104247
572,0.08,0.0142657,0.0104071
573,0.12,0.0144503,0.0103906
574,0.08,0.0145645,0.0103731
575,0.08,0.0146783,0.0103557
576,0.04,0.0147222,0.0103378
577,0.08,0.0148354,0.0103205
578,-0.04,0.0147405,0.010303
579,-0.04,0.0146459,0.0102856
580,0,0.0146207,0.0102679
581,-0.04,0.0145267,0.0102507
582,-0.12,0.0142955,0.0102357
583,0.04,0.0143396,0.0102182
584,0,0.0143151,0.0102007
585,-0.08,0.0141538,0.0101845
586,0.04,0.014198,0.0101672
587,0.04,0.0142419,0.01015
588,0.04,0.0142857,0.0101328
589,0,0.0142615,0.0101156
590,0,0.0142373,0.0100985
591,-0.32,0.0136717,0.0100972
592,-0.36,0.0130405,0.0100999
593,-0.28,0.0125464,0.010095
594,-0.4,0.0118519,0.0101018
595,-0.12,0.0116303,0.0100873
596,-0.24,0.0112081,0.0100792
597,-0.32,0.0106533,0.0100776
598,-0.08,0.0105017,0.0100619
599,-0.08,0.0103506,0.0100462
600,-0.08,0.0102,0.0100306
601,-0.24,0.00978369,0.0100225
602,-0.2,0.00943522,0.0100119
603,-0.32,0.00888889,0.0100102
604,-0.32,0.00834437,0.0100084
605,-0.32,0.00780165,0.0100066
606,-0.12,0.00759076,0.00999232
607,-0.48,0.00678748,0.0100081
608,-0.4,0.00611842,0.010014
609,-0.28,0.0056486,0.0100086
610,-0.24,0.0052459,0.0100003
611,-0.04,0.00517185,0.00998419
612,-0.08,0.00503268,0.00996884
613,-0.28,0.0045677,0.00996342
614,-0.32,0.00403909,0.00996121
615,-0.32,0.0035122,0.00995895
616,-0.36,0.00292208,0.00996027
617,-0.44,0.00220421,0.00996999
618,-0.12,0.00200647,0.00995581
619,-0.12,0.00180937,0.00994166
620,-0.12,0.0016129,0.00992756
621,-0.2,0.00128824,0.00991688
622,-0.24,0.000900322,0.00990852
623,-0.08,0.000770465,0.00989345
624,0.2,0.00108974,0.00988274
625,0.2,0.001408,0.00987205
626,-0.04,0.00134185,0.00985649
627,-0.12,0.00114833,0.00984266
628,-0.04,0.0010828,0.00982719
629,0.04,0.00114467,0.00981175
630,-0.12,0.000952381,0.00979805
631,0.24,0.00133122,0.00978984
632,0.4,0.00196203,0.00979467
633,0.36,0.00252765,0.00979553
634,0.4,0.00315457,0.00980014
635,0.36,0.00371654,0.00980082
636,0.44,0.00440252,0.00980941
637,0.48,0.00514914,0.00982242
638,0.36,0.00570533,0.00982277
639,0.32,0.00619718,0.00981971
640,0.44,0.006875,0.00982776
641,0.28,0.00730109,0.00982166
642,0.32,0.00778816,0.00981844
643,0.28,0.00821151,0.0098123
644,-0.08,0.00807453,0.00979801
645,0,0.00806202,0.00978281
646,0.24,0.00842105,0.00977425
647,0.28,0.0088408,0.00976816
648,0.04,0.00888889,0.00975319
649,-0.04,0.00881356,0.00973844
650,-0.16,0.00855385,0.00972691
651,0,0.00854071,0.00971197
652,0.12,0.00871166,0.00969857
653,0.32,0.00918836,0.00969543
654,0.32,0.00966361,0.00969226
655,0.04,0.00970992,0.00967756
656,0.04,0.0097561,0.0096629
657,0.4,0.0103501,0.00966645
658,0.52,0.0111246,0.00968278
659,0.56,0.0119575,0.00970388
660,0.2,0.0122424,0.00969336
661,0.08,0.0123449,0.00967923
662,-0.08,0.0122054,0.0096656
663,0.04,0.0122474,0.0096511
664,0.32,0.0127108,0.00964769
665,0.32,0.0131729,0.00964425
666,0.28,0.0135736,0.00963809
667,0.2,0.0138531,0.00962769
668,0.16,0.0140719,0.00961575
669,0.36,0.0145889,0.00961528
670,0.28,0.0149851,0.00960909
671,0.4,0.0155589,0.0096119
672,0.36,0.0160714,0.00961126
673,0.2,0.0163447,0.00960086
674,0.12,0.0164985,0.00958784
675,0.12,0.0166519,0.00957485
676,0.2,0.0169231,0.00956453
677,0.12,0.0170753,0.0095516
678,0.2,0.0173451,0.00954132
679,0.08,0.0174374,0.0095277
680,0.36,0.0179412,0.00952701
681,0.2,0.0182085,0.00951677
682,0.04,0.0182405,0.00950286
683,-0.08,0.0180966,0.00949002
684,-0.04,0.0180117,0.00947652
685,-0.04,0.017927,0.00946305
686,0.12,0.0180758,0.00945042
687,0.08,0.0181659,0.00943708
688,0.12,0.018314,0.00942452
689,0.04,0.0183454,0.00941088
690,-0.04,0.0182609,0.00939761
691,-0.16,0.0180029,0.00938755
692,-0.12,0.0178035,0.0093761
693,0,0.0177778,0.00936259
694,0.04,0.0178098,0.00934915
695,0.24,0.0181295,0.00934116
696,0.08,0.0182184,0.00932815
697,0.04,0.0182496,0.00931481
698,-0.12,0.0180516,0.00930356
699,0,0.0180258,0.00929028
700,0.12,0.0181714,0.00927814
701,0.08,0.0182596,0.00926532
702,-0.08,0.0181197,0.00925317
703,-0.48,0.0174111,0.00926712
704,-0.64,0.0164773,0.00930095
705,-0.6,0.0156028,0.00932882
706,-0.44,0.0149575,0.00933792
707,-0.48,0.0142574,0.00935095
708,-0.4,0.0136723,0.00935604
709,-0.4,0.0130889,0.00936104
710,-0.48,0.0123944,0.00937361
711,-0.24,0.0120394,0.00936714
712,-0.16,0.0117978,0.0093571
713,-0.4,0.0112202,0.0093618
714,-0.28,0.0108123,0.00935757
715,-0.44,0.0101818,0.00936572
716,-0.32,0.00972067,0.00936399
717,-0.08,0.00959554,0.00935176
718,0,0.00958217,0.00933874
719,0.2,0.00984701,0.0093295
720,0.28,0.0102222,0.00932409
721,0.32,0.0106519,0.00932105
722,0.32,0.0110803,0.00931799
723,0.2,0.0113416,0.00930876
724,0.28,0.0117127,0.0093033
725,0.08,0.0118069,0.00929093
726,0.04,0.0118457,0.00927821
727,0.16,0.0120495,0.00926768
728,0.24,0.0123626,0.00926024
729,-0.12,0.0121811,0.00924931
730,-0.32,0.011726,0.00924783
731,-0.44,0.0111081,0.00925582
732,0,0.0110929,0.00924318
733,-0.24,0.0107503,0.00923692
734,-0.36,0.0102452,0.00923814
735,-0.24,0.00990476,0.00923184
736,-0.28,0.00951087,0.0092277
737,-0.2,0.00922659,0.00921956
738,-0.08,0.00910569,0.00920785
739,-0.16,0.00887686,0.00919823
740,-0.16,0.00864865,0.00918863
741,-0.4,0.00809717,0.00919277
742,-0.24,0.0077628,0.00918646
743,-0.32,0.00732167,0.00918469
744,0.16,0.00752688,0.00917463
745,0.08,0.00762416,0.00916283
746,0.16,0.00782842,0.00915281
747,0.24,0.00813922,0.00914584
748,0.24,0.0084492,0.00913886
749,0.24,0.00875834,0.00913188
750,0.08,0.00885333,0.00912019
751,0.12,0.00900133,0.00910924
752,-0.04,0.00893617,0.00909736
753,-0.04,0.00887118,0.0090855
754,0.04,0.00891247,0.00907354
755,0.08,0.00900662,0.009062
756,0.08,0.00910053,0.00905049
757,0.04,0.00914135,0.00903862
758,0.28,0.00949868,0.00903376
759,0.16,0.00969697,0.00902403
760,0,0.00968421,0.00901215
761,0.16,0.00988173,0.00900247
762,0.04,0.00992126,0.00899074
763,0.04,0.00996068,0.00897903
764,-0.08,0.00984293,0.00896804
765,-0.36,0.00935948,0.00896935
766,-0.28,0.00898172,0.0089656
767,-0.4,0.0084485,0.00896976
768,-0.24,0.008125,0.00896392
769,-0.24,0.00780234,0.00895806
770,-0.2,0.00753247,0.00895049
771,-0.32,0.00710765,0.00894896
772,-0.2,0.00683938,0.00894139
773,-0.24,0.00652005,0.00893552
774,-0.28,0.00614987,0.00893165
775,-0.12,0.0059871,0.0089216
776,-0.08,0.00587629,0.00891078
777,-0.04,0.00581725,0.0088995
778,0.08,0.0059126,0.00888857
779,0,0.00590501,0.00887715
780,0.16,0.00610256,0.00886797
781,0.16,0.00629962,0.0088588
782,0.32,0.00670077,0.00885655
783,0.4,0.00720307,0.00885948
784,0.48,0.00780612,0.0088687
785,0.52,0.0084586,0.0088814
786,0.56,0.00916031,0.0088978
787,0.32,0.00955527,0.00889526
788,0.64,0.0103553,0.00891992
789,0.56,0.011052,0.0089358
790,0.4,0.0115443,0.00893806
791,0.48,0.0121365,0.00894637
792,0.52,0.0127778,0.00895805
793,0.56,0.0134678,0.00897332
794,0.56,0.0141562,0.00898841
795,0.4,0.0146415,0.0089902
796,0.44,0.0151759,0.00899479
797,0.44,0.0157089,0.0089993
798,0.24,0.01599,0.0089924
799,0.36,0.0164205,0.00899146
800,0,0.0164,0.00898023
801,0.04,0.0164295,0.00896906
802,-0.2,0.0161596,0.00896194
803,-0.12,0.01599,0.00895238
804,-0.24,0.0156716,0.0089469
805,-0.16,0.0154534,0.00893845
806,0.04,0.0154839,0.0089274
807,-0.08,0.0153656,0.00891712
808,-0.04,0.015297,0.00890634
809,0.08,0.015377,0.00889568
810,-0.16,0.0151605,0.00888733
811,0,0.0151418,0.00887638
812,-0.04,0.0150739,0.00886571
813,0.04,0.0151046,0.00885485
814,0.32,0.0154791,0.00885189
815,0.2,0.0157055,0.00884392
816,0.2,0.0159314,0.00883596
817,0.2,0.0161567,0.00882802
818,0.36,0.016577,0.00882723
819,0.36,0.0169963,0.00882641
820,0.52,0.0176098,0.00883696
821,0.24,0.0178806,0.00883034
822,0.24,0.0181509,0.00882373
823,0.12,0.0182746,0.00881387
824,-0.08,0.0181553,0.00880398
825,-0.2,0.0178909,0.00879728
826,-0.2,0.0176271,0.00879058
827,0,0.0176058,0.00877997
828,0.04,0.0176329,0.0087694
829,-0.04,0.0175633,0.00875909
830,0.04,0.0175904,0.00874857
831,0.04,0.0176173,0.00873808
832,-0.16,0.0174038,0.00873018
833,-0.04,0.0173349,0.00871997
834,0.2,0.017554,0.00871226
835,0.36,0.0179641,0.00871148
836,0.36,0.0183732,0.00871067
837,0.28,0.0186858,0.00870587
838,0,0.0186635,0.0086955
839,0.36,0.0190703,0.00869465
840,0.2,0.0192857,0.00868697
841,0.12,0.0194055,0.00867746
842,0.08,0.0194774,0.00866744
843,0.12,0.0195967,0.00865798
844,-0.04,0.0195261,0.008648
845,-0.04,0.0194556,0.00863805
846,0.04,0.0194799,0.00862787
847,0.2,0.019693,0.00862031
848,0,0.0196698,0.00861017
849,-0.12,0.0195053,0.00860159
850,0,0.0194824,0.0085915
851,0.08,0.0195535,0.00858169
852,0.36,0.0199531,0.00858092
853,0.4,0.0203986,0.00858243
854,0.36,0.0207963,0.00858159
855,0.6,0.0214737,0.00859828
856,0.16,0.0216355,0.00858975
857,0.2,0.0218436,0.00858225
858,0.24,0.0220979,0.00857601
859,0.2,0.022305,0.00856852
860,0.28,0.0226047,0.0085638
861,0.16,0.0227642,0.00855533
862,0.12,0.022877,0.00854615
863,-0.08,0.0227578,0.00853707
864,-0.2,0.0225,0.00853108
865,-0.28,0.0221503,0.00852839
866,-0.2,0.0218938,0.00852239
867,-0.36,0.0214533,0.00852395
868,-0.4,0.0209677,0.00852795
869,-0.28,0.0206214,0.00852517
870,-0.44,0.020092,0.00853181
871,-0.24,0.0197933,0.00852724
872,-0.16,0.0195872,0.00851995
873,-0.12,0.0194273,0.00851169
874,-0.28,0.0190847,0.00850884
875,-0.28,0.0187429,0.00850598
876,-0.2,0.0184932,0.00849994
877,-0.08,0.0183808,0.00849098
878,0,0.0183599,0.00848133
879,0.08,0.01843,0.00847197
880,0.28,0.0187273,0.00846755
881,0.28,0.0190238,0.00846313
882,-0.04,0.0189569,0.0084538
883,-0.12,0.0187995,0.00844569
884,0.12,0.018914,0.0084369
885,0.24,0.0191638,0.00843107
886,0.24,0.0194131,0.00842523
887,0.12,0.0195265,0.00841649
888,0.24,0.0197748,0.00841067
889,0.24,0.0200225,0.00840486
890,0.52,0.0205843,0.00841419
891,0.56,0.0211897,0.00842651
892,0.56,0.0217937,0.00843871
893,0.64,0.022486,0.00845763
894,0.36,0.0228635,0.0084566
895,0.44,0.0233296,0.00845999
896,0.36,0.0237054,0.00845889
897,0.48,0.024214,0.00846476
898,0.28,0.0244989,0.00846012
899,0.2,0.0246941,0.00845296
900,0.08,0.0247556,0.00844379
901,-0.04,0.0246837,0.00843472
902,-0.04,0.024612,0.00842567
903,0.2,0.0248062,0.00841857
904,0.2,0.025,0.00841149
905,0.2,0.0251934,0.00840441
906,0.04,0.0252097,0.00839515
907,0.12,0.0253142,0.00838654
908,0.2,0.0255066,0.0083795
909,0.4,0.0259186,0.00838041
910,0.36,0.0262857,0.00837924
911,0.08,0.0263447,0.00837025
912,0.08,0.0264035,0.00836127
913,0,0.0263746,0.00835216
914,-0.08,0.0262582,0.00834383
915,-0.12,0.0260984,0.00833624
916,-0.12,0.0259389,0.00832866
917,0.04,0.0259542,0.00831959
918,0.08,0.0260131,0.00831073
919,-0.04,0.0259412,0.00830199
920,0,0.025913,0.00829301
921,0.08,0.0259718,0.00828421
922,0.12,0.0260738,0.00827585
923,0.12,0.0261755,0.0082675
924,0.32,0.0264935,0.00826467
925,0.32,0.0268108,0.00826182
926,0.32,0.0271274,0.00825897
927,0.28,0.0274002,0.00825456
928,0.44,0.0278448,0.00825764
929,0.32,0.0281593,0.00825474
930,0.4,0.0285591,0.00825555
931,0.36,0.0289151,0.00825436
932,0.36,0.0292704,0.00825314
933,0.4,0.0296677,0.00825386
934,0.2,0.0298501,0.00824704
935,0.16,0.0299893,0.00823939
936,0.16,0.0301282,0.00823175
937,0,0.0300961,0.00822303
938,-0.24,0.0298081,0.0082193
939,-0.32,0.0294356,0.00821899
940,-0.4,0.0289787,0.00822294
941,-0.48,0.0284378,0.00823199
942,-0.6,0.0277707,0.00825026
943,-0.44,0.0272747,0.00825642
944,-0.32,0.0269068,0.00825587
945,-0.2,0.0266667,0.00825063
946,-0.04,0.0265962,0.0082422
947,0.24,0.0268215,0.00823658
948,0.2,0.0270042,0.00822991
949,0,0.0269758,0.00822128
950,-0.16,0.0267789,0.00821498
951,-0.32,0.0264143,0.00821444
952,-0.48,0.0258824,0.00822303
953,-0.32,0.0255194,0.00822241
954,-0.2,0.025283,0.00821719
955,-0.2,0.0250471,0.00821197
956,-0.12,0.0248954,0.00820477
957,-0.16,0.0247022,0.00819847
958,-0.12,0.0245511,0.0081913
959,0.08,0.024609,0.00818296
960,-0.08,0.0245,0.00817516
961,-0.08,0.0243913,0.00816737
962,-0.16,0.0241996,0.00816113
963,0,0.0241745,0.00815269
964,-0.04,0.0241079,0.0081445
965,-0.16,0.0239171,0.00813829
966,-0.36,0.0235197,0.00813957
967,-0.32,0.0231644,0.00813891
968,-0.32,0.0228099,0.00813822
969,-0.4,0.0223736,0.00814152
970,-0.16,0.0221856,0.00813529
971,0,0.0221627,0.00812694
972,-0.08,0.0220576,0.00811926
973,-0.16,0.0218705,0.00811307
974,-0.32,0.0215195,0.00811233
975,-0.08,0.0214154,0.00810467
976,-0.16,0.0212295,0.0080985
977,0.04,0.0212487,0.00809023
978,0.16,0.0213906,0.0080832
979,-0.2,0.0211645,0.0080781
980,-0.12,0.0210204,0.00807114
981,0.04,0.0210398,0.00806293
982,0.04,0.0210591,0.00805474
983,-0.04,0.0209969,0.00804678
984,-0.04,0.020935,0.00803884
985,-0.04,0.0208731,0.00803091
986,0,0.0208519,0.00802279
987,0.24,0.021074,0.00801773
988,0.28,0.021336,0.0080139
989,0.36,0.0216785,0.00801311
990,0.32,0.0219798,0.00801068
991,0.2,0.0221594,0.00800461
992,0.12,0.0222581,0.00799715
993,0.36,0.0225982,0.00799633
994,0.08,0.0226559,0.00798849
995,0.16,0.022794,0.00798165
996,0.16,0.0229317,0.00797482
997,0.28,0.0231896,0.00797099
998,0.28,0.0234469,0.00796715
999,0.32,0.0237437,0.00796471
1000,0.4,0.02412,0.00796563
