1,-0.32,-0.32,0
2,-0.4,-0.36,0.04
3,-0.52,-0.413333,0.0581187
4,-0.28,-0.38,0.052915
5,-0.56,-0.416,0.0545527
6,-0.44,-0.42,0.0447214
7,-0.32,-0.405714,0.0404061
8,-0.36,-0.4,0.0354562
9,-0.28,-0.386667,0.0339935
10,-0.36,-0.384,0.0305214
11,-0.24,-0.370909,0.0305541
12,-0.16,-0.353333,0.0329677
13,-0.16,-0.338462,0.0337762
14,-0.08,-0.32,0.0363137
15,0,-0.298667,0.0399746
16,-0.12,-0.2875,0.0390246
17,-0.04,-0.272941,0.0394425
18,-0.16,-0.266667,0.0377124
19,-0.2,-0.263158,0.0358445
20,-0.4,-0.27,0.0346866
21,-0.48,-0.28,0.0344757
22,-0.2,-0.276364,0.0330718
23,-0.32,-0.278261,0.0316581
24,-0.44,-0.285,0.0310504
25,-0.36,-0.288,0.0299333
26,-0.4,-0.292308,0.0290798
27,-0.36,-0.294815,0.0280941
28,-0.16,-0.29,0.027497
29,-0.2,-0.286897,0.0267128
30,0.04,-0.276,0.0280131
31,0.04,-0.265806,0.0289485
32,0.08,-0.255,0.0300403
33,0.04,-0.246061,0.0304572
34,0.08,-0.236471,0.0310651
35,0.08,-0.227429,0.0314905
36,0.08,-0.218889,0.0317724
37,0,-0.212973,0.031463
38,-0.08,-0.209474,0.0308231
39,-0.24,-0.210256,0.0300326
40,-0.04,-0.206,0.02958
41,-0.08,-0.202927,0.0290127
42,-0.16,-0.201905,0.0283319
43,-0.08,-0.19907,0.0278101
44,-0.12,-0.197273,0.0272301
45,-0.16,-0.196444,0.026631
46,-0.16,-0.195652,0.0260576
47,-0.2,-0.195745,0.0254974
48,-0.08,-0.193333,0.0250767
49,0.04,-0.188571,0.025017
50,0.04,-0.184,0.0249342
51,0,-0.180392,0.0247053
52,-0.04,-0.177692,0.0243755
53,-0.16,-0.177358,0.0239135
54,-0.08,-0.175556,0.0235356
55,0.12,-0.170182,0.0237204
56,-0.12,-0.169286,0.0233102
57,0.04,-0.165614,0.0231901
58,0.04,-0.162069,0.0230609
59,0.12,-0.157288,0.0231654
60,0.08,-0.153333,0.0231168
61,0,-0.15082,0.0228732
62,0,-0.148387,0.0226324
63,-0.24,-0.149841,0.0223177
64,-0.16,-0.15,0.0219668
65,-0.36,-0.153231,0.0218662
66,-0.44,-0.157576,0.0219663
67,-0.44,-0.161791,0.0220428
68,-0.52,-0.167059,0.022346
69,-0.44,-0.171014,0.0223723
70,-0.44,-0.174857,0.0223827
71,-0.24,-0.175775,0.0220842
72,-0.2,-0.176111,0.0217779
73,-0.16,-0.17589,0.0214787
74,-0.16,-0.175676,0.0211875
75,0.08,-0.172267,0.0211793
76,0.08,-0.168947,0.0211607
77,0.2,-0.164156,0.0214267
78,0.12,-0.160513,0.0214617
79,0.04,-0.157975,0.0213397
80,0.16,-0.154,0.0214429
81,0.08,-0.151111,0.0213726
82,0.12,-0.147805,0.0213677
83,0.16,-0.144096,0.021432
84,0.12,-0.140952,0.0214075
85,-0.04,-0.139765,0.0211874
86,-0.04,-0.138605,0.0209717
87,-0.04,-0.137471,0.0207602
88,0,-0.135909,0.0205823
89,-0.12,-0.13573,0.0203505
90,-0.4,-0.138667,0.0203362
91,-0.32,-0.140659,0.02021
92,-0.16,-0.14087,0.0199902
93,-0.32,-0.142796,0.0198677
94,-0.28,-0.144255,0.0197093
95,-0.44,-0.147368,0.0197477
96,-0.36,-0.149583,0.019666
97,-0.28,-0.150928,0.0195086
98,-0.24,-0.151837,0.0193299
99,-0.2,-0.152323,0.0191398
100,-0.24,-0.1532,0.0189677
101,-0.2,-0.153663,0.0187847
102,-0.08,-0.152941,0.0186137
103,-0.2,-0.153398,0.0184377
104,-0.08,-0.152692,0.0182732
105,0.08,-0.150476,0.0182335
106,-0.04,-0.149434,0.0180907
107,-0.2,-0.149907,0.0179271
108,-0.28,-0.151111,0.0178011
109,-0.36,-0.153028,0.0177409
110,-0.32,-0.154545,0.0176443
111,-0.16,-0.154595,0.0174847
112,-0.08,-0.153929,0.0173406
113,-0.08,-0.153274,0.0171989
114,-0.08,-0.152632,0.0170595
115,-0.16,-0.152696,0.0169106
116,-0.08,-0.152069,0.0167759
117,-0.04,-0.151111,0.0166595
118,0,-0.149831,0.0165673
119,0.12,-0.147563,0.0165832
120,0.16,-0.145,0.016643
121,0.12,-0.14281,0.0166495
122,0.4,-0.138361,0.0171014
123,0.48,-0.133333,0.0176912
124,0.44,-0.12871,0.0181468
125,0.36,-0.1248,0.0184207
126,0.56,-0.119365,0.0190651
127,0.4,-0.115276,0.0193514
128,0.4,-0.11125,0.0196171
129,0.36,-0.107597,0.0198043
130,0.24,-0.104923,0.0198324
131,0.2,-0.102595,0.0198176
132,0.08,-0.101212,0.0197155
133,0.08,-0.0998496,0.0196141
134,0.16,-0.0979104,0.0195635
135,0.24,-0.0954074,0.0195787
136,0.32,-0.0923529,0.0196728
137,0.4,-0.0887591,0.0198566
138,0.32,-0.0857971,0.0199335
139,0.32,-0.0828777,0.0200037
140,0.32,-0.08,0.0200677
141,0.2,-0.0780142,0.0200236
142,0.28,-0.075493,0.0200413
143,0.24,-0.0732867,0.0200226
144,0.32,-0.0705556,0.0200698
145,0.24,-0.0684138,0.0200456
146,0.32,-0.0657534,0.0200848
147,0.2,-0.0639456,0.0200295
148,0.2,-0.0621622,0.0199734
149,0.16,-0.0606711,0.0198949
150,0.08,-0.0597333,0.0197841
151,0.08,-0.0588079,0.0196744
152,0,-0.0584211,0.0195483
153,-0.08,-0.0585621,0.0194207
154,-0.2,-0.0594805,0.019316
155,-0.2,-0.0603871,0.0192124
156,-0.16,-0.0610256,0.0190995
157,-0.04,-0.0608917,0.0189779
158,0,-0.0605063,0.0188614
159,-0.16,-0.0611321,0.0187528
160,-0.08,-0.06125,0.0186356
161,-0.04,-0.061118,0.01852
162,-0.16,-0.0617284,0.0184154
163,-0.2,-0.0625767,0.0183217
164,-0.16,-0.0631707,0.0182194
165,-0.28,-0.0644848,0.0181562
166,-0.32,-0.0660241,0.018112
167,-0.28,-0.0673054,0.0180488
168,-0.24,-0.0683333,0.0179705
169,-0.2,-0.0691124,0.0178808
170,-0.24,-0.0701176,0.0178037
171,-0.24,-0.0711111,0.0177271
172,-0.24,-0.072093,0.0176511
173,-0.04,-0.0719075,0.0175498
174,-0.08,-0.071954,0.0174487
175,-0.04,-0.0717714,0.0173496
176,-0.16,-0.0722727,0.0172581
177,-0.08,-0.0723164,0.0171603
178,-0.04,-0.0721348,0.0170646
179,0.08,-0.0712849,0.0169903
180,0.24,-0.0695556,0.0169839
181,0.2,-0.0680663,0.0169553
182,0.32,-0.0659341,0.0169962
183,0.32,-0.0638251,0.0170341
184,0.2,-0.0623913,0.0170019
185,-0.04,-0.0622703,0.0169102
186,0,-0.0619355,0.0168223
187,-0.04,-0.0618182,0.0167325
188,-0.12,-0.0621277,0.0166462
189,-0.12,-0.0624339,0.0165607
190,-0.12,-0.0627368,0.0164761
191,-0.16,-0.0632461,0.0163975
192,-0.36,-0.0647917,0.0163849
193,-0.32,-0.066114,0.0163534
194,-0.4,-0.0678351,0.0163596
195,-0.4,-0.0695385,0.0163644
196,-0.52,-0.0718367,0.0164421
197,-0.6,-0.0745178,0.0165767
198,-0.48,-0.0765657,0.0166194
199,-0.4,-0.078191,0.0166154
200,-0.52,-0.0804,0.016679
201,-0.36,-0.081791,0.016654
202,-0.32,-0.0829703,0.0166133
203,-0.24,-0.0837438,0.0165493
204,-0.24,-0.0845098,0.0164858
205,-0.32,-0.0856585,0.0164454
206,-0.4,-0.0871845,0.0164363
207,-0.36,-0.0885024,0.0164098
208,-0.64,-0.0911538,0.0165445
209,-0.52,-0.0932057,0.0165925
210,-0.56,-0.0954286,0.0166623
211,-0.6,-0.0978199,0.0167546
212,-0.64,-0.100377,0.0168704
213,-0.64,-0.102911,0.016981
214,-0.72,-0.105794,0.0171457
215,-0.84,-0.109209,0.0174041
216,-0.84,-0.112593,0.0176506
217,-0.84,-0.115945,0.017886
218,-0.8,-0.119083,0.0180782
219,-0.72,-0.121826,0.0182035
220,-0.68,-0.124364,0.0182973
221,-0.72,-0.127059,0.0184126
222,-0.72,-0.12973,0.0185231
223,-0.72,-0.132377,0.0186288
224,-0.72,-0.135,0.0187301
225,-0.56,-0.136889,0.0187421
226,-0.64,-0.139115,0.0187913
227,-0.64,-0.141322,0.018838
228,-0.56,-0.143158,0.0188449
229,-0.52,-0.144803,0.0188345
230,-0.48,-0.146261,0.0188089
231,-0.44,-0.147532,0.0187705
232,-0.4,-0.148621,0.018721
233,-0.48,-0.150043,0.0186947
234,-0.48,-0.151453,0.018668
235,-0.56,-0.153191,0.0186695
236,-0.52,-0.154746,0.0186551
237,-0.48,-0.156118,0.0186268
238,-0.32,-0.156807,0.0185611
239,-0.32,-0.15749,0.0184959
240,-0.32,-0.158167,0.0184311
241,-0.28,-0.158672,0.0183615
242,-0.2,-0.158843,0.0182862
243,-0.24,-0.159177,0.0182139
244,-0.08,-0.158852,0.018142
245,-0.16,-0.158857,0.0180678
246,-0.12,-0.158699,0.0179949
247,-0.08,-0.158381,0.0179247
248,-0.04,-0.157903,0.0178587
249,0.08,-0.156948,0.0178124
250,0.2,-0.15552,0.0177984
251,0.32,-0.153625,0.0178283
252,0.44,-0.15127,0.017913
253,0.32,-0.149407,0.017939
254,0.36,-0.147402,0.0179805
255,0.24,-0.145882,0.0179741
256,0.2,-0.144531,0.0179547
257,0.04,-0.143813,0.0178991
258,-0.04,-0.143411,0.0178341
259,-0.2,-0.143629,0.0177665
260,-0.28,-0.144154,0.0177058
261,-0.16,-0.144215,0.0176379
262,-0.4,-0.145191,0.0175976
263,-0.4,-0.14616,0.0175573
264,-0.52,-0.147576,0.0175479
265,-0.64,-0.149434,0.01758
266,-0.56,-0.150977,0.0175817
267,-0.52,-0.15236,0.0175701
268,-0.52,-0.153731,0.0175581
269,-0.48,-0.154944,0.0175347
270,-0.44,-0.156,0.0175016
271,-0.44,-0.157048,0.0174683
272,-0.48,-0.158235,0.0174444
273,-0.4,-0.159121,0.017403
274,-0.24,-0.159416,0.0173418
275,-0.12,-0.159273,0.0172793
276,-0.16,-0.159275,0.0172165
277,-0.48,-0.160433,0.0171933
278,-0.64,-0.162158,0.017218
279,-0.64,-0.163871,0.0172414
280,-0.48,-0.165,0.0172168
281,-0.48,-0.166121,0.017192
282,-0.52,-0.167376,0.0171768
283,-0.48,-0.168481,0.0171516
284,-0.76,-0.170563,0.0172176
285,-0.76,-0.172632,0.0172813
286,-0.56,-0.173986,0.0172739
287,-0.6,-0.17547,0.0172775
288,-0.6,-0.176944,0.0172804
289,-0.48,-0.177993,0.0172524
290,-0.44,-0.178897,0.0172165
291,-0.44,-0.179794,0.0171807
292,-0.44,-0.180685,0.017145
293,-0.36,-0.181297,0.0170973
294,-0.4,-0.182041,0.0170553
295,-0.2,-0.182102,0.0169975
296,-0.24,-0.182297,0.0169411
297,-0.28,-0.182626,0.0168871
298,-0.4,-0.183356,0.0168462
299,-0.52,-0.184482,0.0168274
300,-0.6,-0.185867,0.0168284
301,-0.52,-0.186977,0.0168091
302,-0.52,-0.188079,0.0167896
303,-0.4,-0.188779,0.0167487
304,-0.44,-0.189605,0.0167139
305,-0.48,-0.190557,0.0166862
306,-0.52,-0.191634,0.0166664
307,-0.4,-0.192313,0.0166259
308,-0.24,-0.192468,0.0165725
309,-0.28,-0.192751,0.0165213
310,-0.24,-0.192903,0.0164686
311,-0.28,-0.193183,0.0164179
312,-0.24,-0.193333,0.0163659
313,-0.28,-0.19361,0.0163159
314,-0.12,-0.193376,0.0162655
315,-0.08,-0.193016,0.0162178
316,-0.04,-0.192532,0.0161737
317,-0.04,-0.19205,0.0161297
318,0.16,-0.190943,0.016117
319,-0.04,-0.19047,0.0160734
320,0,-0.189875,0.0160341
321,0.24,-0.188536,0.0160401
322,0.24,-0.187205,0.0160455
323,0.2,-0.186006,0.0160406
324,0.24,-0.184691,0.016045
325,0.32,-0.183138,0.0160707
326,0.36,-0.181472,0.0161077
327,0.28,-0.180061,0.0161203
328,0.4,-0.178293,0.0161681
329,0.28,-0.1769,0.0161789
330,0.24,-0.175636,0.0161792
331,0.32,-0.174139,0.0161996
332,0.32,-0.172651,0.0162192
333,0.4,-0.170931,0.0162616
334,0.56,-0.168743,0.0163599
335,0.44,-0.166925,0.0164119
336,0.32,-0.165476,0.016427
337,0.4,-0.163798,0.0164639
338,0.56,-0.161657,0.0165542
339,0.64,-0.159292,0.0166739
340,0.48,-0.157412,0.0167307
341,0.72,-0.154839,0.0168789
342,0.72,-0.152281,0.0170227
343,0.6,-0.150087,0.0171142
344,0.6,-0.147907,0.0172031
345,0.6,-0.145739,0.0172896
346,0.6,-0.143584,0.0173738
347,0.4,-0.142017,0.0173943
348,0.64,-0.13977,0.0174892
349,0.72,-0.137307,0.0176122
350,0.72,-0.134857,0.0177318
351,0.8,-0.132194,0.0178807
352,0.52,-0.130341,0.0179258
353,0.28,-0.129178,0.0179127
354,0.16,-0.128362,0.0178807
355,-0.08,-0.128225,0.0178308
356,-0.04,-0.127978,0.0177824
357,0.16,-0.127171,0.0177508
358,0.24,-0.126145,0.0177309
359,0.28,-0.125014,0.0177176
360,0.12,-0.124333,0.0176814
361,0.36,-0.122992,0.0176833
362,0.32,-0.121768,0.0176768
363,0.28,-0.120661,0.0176627
364,0.12,-0.12,0.0176266
365,0.04,-0.119562,0.0175837
366,0,-0.119235,0.0175386
367,-0.2,-0.119455,0.0174921
368,-0.48,-0.120435,0.017472
369,-0.48,-0.121409,0.0174518
370,-0.48,-0.122378,0.0174316
371,-0.56,-0.123558,0.0174245
372,-0.6,-0.124839,0.0174247
373,-0.56,-0.126005,0.0174171
374,-0.68,-0.127487,0.0174335
375,-0.72,-0.129067,0.0174586
376,-0.72,-0.130638,0.0174828
377,-0.76,-0.132308,0.0175161
378,-0.8,-0.134074,0.0175588
379,-0.64,-0.135409,0.0175632
380,-0.68,-0.136842,0.0175755
381,-0.72,-0.138373,0.017596
382,-0.72,-0.139895,0.0176158
383,-0.76,-0.141514,0.0176442
384,-0.72,-0.143021,0.0176625
385,-0.52,-0.144,0.0176438
386,-0.4,-0.144663,0.0176105
387,-0.44,-0.145426,0.0175815
388,-0.52,-0.146392,0.0175627
389,-0.64,-0.147661,0.0175634
390,-0.48,-0.148513,0.017539
391,-0.64,-0.14977,0.0175392
392,-0.52,-0.150714,0.0175199
393,-0.28,-0.151043,0.0174783
394,-0.16,-0.151066,0.0174339
395,-0.16,-0.151089,0.0173897
396,-0.36,-0.151616,0.0173538
397,-0.32,-0.15204,0.0173152
398,-0.32,-0.152462,0.0172768
399,-0.36,-0.152982,0.0172413
400,-0.24,-0.1532,0.0171995
401,-0.12,-0.153117,0.0171568
402,-0.08,-0.152935,0.017115
403,-0.12,-0.152854,0.0170727
404,-0.2,-0.15297,0.0170308
405,-0.16,-0.152988,0.0169887
406,0.16,-0.152217,0.0169643
407,0.12,-0.151548,0.0169358
408,0.2,-0.150686,0.0169162
409,0.16,-0.149927,0.0168919
410,0.04,-0.149463,0.016857
411,-0.24,-0.149684,0.0168174
412,-0.2,-0.149806,0.0167769
413,-0.24,-0.150024,0.0167377
414,-0.28,-0.150338,0.0167002
415,-0.32,-0.150747,0.0166649
416,-0.36,-0.15125,0.0166324
417,-0.4,-0.151847,0.0166032
418,-0.4,-0.15244,0.0165741
419,-0.44,-0.153126,0.0165487
420,-0.52,-0.154,0.0165323
421,-0.6,-0.155059,0.016527
422,-0.6,-0.156114,0.0165215
423,-0.68,-0.157352,0.0165288
424,-0.68,-0.158585,0.0165358
425,-0.6,-0.159624,0.0165295
426,-0.52,-0.160469,0.0165124
427,-0.48,-0.161218,0.0164906
428,-0.48,-0.161963,0.0164689
429,-0.36,-0.162424,0.016437
430,-0.4,-0.162977,0.016408
431,-0.44,-0.163619,0.0163825
432,-0.32,-0.163981,0.0163485
433,-0.2,-0.164065,0.0163109
434,-0.24,-0.16424,0.0162743
435,-0.24,-0.164414,0.0162377
436,-0.2,-0.164495,0.0162007
437,-0.24,-0.164668,0.0161645
438,-0.12,-0.164566,0.0161278
439,-0.2,-0.164647,0.0160913
440,-0.04,-0.164364,0.0160571
441,-0.12,-0.164263,0.016021
442,-0.24,-0.164434,0.0159856
443,-0.44,-0.165056,0.0159616
444,-0.52,-0.165856,0.0159457
445,-0.48,-0.166562,0.0159255
446,-0.4,-0.167085,0.0158984
447,-0.52,-0.167875,0.0158824
448,-0.56,-0.16875,0.015871
449,-0.48,-0.169443,0.0158508
450,-0.32,-0.169778,0.0158191
451,-0.2,-0.169845,0.0157841
452,0.12,-0.169204,0.0157622
453,-0.04,-0.168918,0.01573
454,-0.08,-0.168722,0.0156965
455,-0.04,-0.16844,0.0156645
456,0.12,-0.167807,0.0156429
457,0.04,-0.167352,0.0156153
458,-0.04,-0.167074,0.0155836
459,0.04,-0.166623,0.0155562
460,0.12,-0.166,0.0155348
461,0.12,-0.16538,0.0155135
462,0.28,-0.164416,0.0155099
463,0.08,-0.163888,0.0154853
464,0.12,-0.163276,0.015464
465,0.12,-0.162667,0.0154428
466,0.36,-0.161545,0.0154504
467,0.44,-0.160257,0.015471
468,0.44,-0.158974,0.0154911
469,0.4,-0.157783,0.0155039
470,0.28,-0.156851,0.0154989
471,0.28,-0.155924,0.0154937
472,0.24,-0.155085,0.0154836
473,0.24,-0.154249,0.0154734
474,0.2,-0.153502,0.0154588
475,0.32,-0.152505,0.0154584
476,0.28,-0.151597,0.0154526
477,0.2,-0.15086,0.0154378
478,0.2,-0.150126,0.0154229
479,-0.08,-0.149979,0.0153914
480,-0.16,-0.15,0.0153593
481,-0.08,-0.149854,0.015328
482,-0.12,-0.149793,0.0152963
483,0,-0.149482,0.0152678
484,0,-0.149174,0.0152393
485,-0.12,-0.149113,0.015208
486,-0.08,-0.148971,0.0151773
487,-0.2,-0.149076,0.0151465
488,-0.2,-0.14918,0.0151158
489,-0.16,-0.149202,0.0150849
490,-0.4,-0.149714,0.0150627
491,-0.48,-0.150387,0.0150471
492,-0.44,-0.150976,0.015028
493,-0.48,-0.151643,0.0150123
494,-0.48,-0.152308,0.0149966
495,-0.48,-0.15297,0.0149809
496,-0.52,-0.15371,0.014969
497,-0.48,-0.154366,0.0149533
498,-0.4,-0.154859,0.0149314
499,-0.36,-0.155271,0.0149071
500,-0.4,-0.15576,0.0148853
501,-0.32,-0.156088,0.0148592
502,-0.28,-0.156335,0.0148316
503,-0.32,-0.15666,0.0148057
504,-0.36,-0.157063,0.0147818
505,-0.4,-0.157545,0.0147603
506,-0.4,-0.158024,0.0147389
507,-0.36,-0.158422,0.0147152
508,-0.4,-0.158898,0.0146939
509,-0.4,-0.159371,0.0146726
510,-0.36,-0.159765,0.0146491
511,-0.24,-0.159922,0.0146213
512,-0.36,-0.160312,0.0145979
513,-0.28,-0.160546,0.0145713
514,-0.4,-0.161012,0.0145504
515,-0.44,-0.161553,0.0145322
516,-0.36,-0.161938,0.0145091
517,-0.44,-0.162476,0.014491
518,-0.2,-0.162548,0.0144632
519,-0.16,-0.162543,0.0144353
520,-0.24,-0.162692,0.0144083
521,-0.32,-0.162994,0.0143838
522,-0.28,-0.163218,0.0143579
523,-0.36,-0.163595,0.0143354
524,-0.28,-0.163817,0.0143097
525,-0.32,-0.164114,0.0142855
526,-0.44,-0.164639,0.014268
527,-0.44,-0.165161,0.0142505
528,-0.56,-0.165909,0.0142431
529,-0.48,-0.166503,0.0142286
530,-0.24,-0.166642,0.0142024
531,-0.32,-0.16693,0.0141785
532,-0.36,-0.167293,0.0141565
533,-0.44,-0.167805,0.0141392
534,-0.48,-0.16839,0.0141248
535,-0.64,-0.169271,0.0141259
536,-0.76,-0.170373,0.0141425
537,-0.64,-0.171248,0.0141432
538,-0.64,-0.172119,0.0141438
539,-0.72,-0.173135,0.0141541
540,-0.6,-0.173926,0.0141499
541,-0.72,-0.174935,0.0141598
542,-0.8,-0.176089,0.0141806
543,-0.88,-0.177385,0.0142137
544,-0.96,-0.178824,0.0142603
545,-0.8,-0.179963,0.0142797
546,-0.68,-0.180879,0.0142829
547,-0.64,-0.181718,0.0142814
548,-0.36,-0.182044,0.014259
549,-0.4,-0.182441,0.0142386
550,-0.36,-0.182764,0.0142163
551,-0.28,-0.18294,0.0141916
552,-0.28,-0.183116,0.014167
553,0,-0.182785,0.0141452
554,0,-0.182455,0.0141235
555,-0.08,-0.18227,0.0140992
556,-0.2,-0.182302,0.0140739
557,-0.24,-0.182406,0.014049
558,-0.04,-0.182151,0.0140261
559,-0.2,-0.182182,0.014001
560,-0.08,-0.182,0.0139772
561,-0.12,-0.181889,0.0139527
562,-0.12,-0.181779,0.0139283
563,0.12,-0.181243,0.0139139
564,0.32,-0.180355,0.0139176
565,0.32,-0.179469,0.0139211
566,0.12,-0.17894,0.0139066
567,0.08,-0.178483,0.0138895
568,0,-0.178169,0.0138686
569,0,-0.177856,0.0138478
570,-0.04,-0.177614,0.0138256
571,0.16,-0.177023,0.013814
572,0.32,-0.176154,0.0138172
573,0.32,-0.175288,0.0138202
574,0.44,-0.174216,0.0138377
575,0.36,-0.173287,0.0138448
576,0.44,-0.172222,0.0138617
577,0.32,-0.171369,0.0138639
578,0.36,-0.17045,0.0138704
579,0.48,-0.169326,0.0138919
580,0.4,-0.168345,0.0139026
581,0.32,-0.167504,0.0139041
582,0.16,-0.166942,0.0138916
583,0.24,-0.166244,0.0138853
584,0.44,-0.165205,0.0139003
585,0.36,-0.164308,0.0139056
586,0.44,-0.163276,0.0139201
587,0.36,-0.162385,0.0139249
588,0.52,-0.161224,0.0139496
589,0.36,-0.16034,0.0139539
590,0.52,-0.159186,0.0139779
591,0.52,-0.158037,0.0140015
592,0.48,-0.156959,0.0140193
593,0.36,-0.156088,0.0140228
594,0.2,-0.155488,0.014012
595,0.24,-0.154824,0.0140042
596,0.16,-0.154295,0.0139906
597,0.2,-0.153702,0.0139798
598,0,-0.153445,0.0139588
599,0.12,-0.152988,0.0139429
600,0.28,-0.152267,0.0139383
601,0.16,-0.151747,0.0139248
602,0.28,-0.15103,0.0139202
603,0.28,-0.150315,0.0139154
604,0.4,-0.149404,0.0139222
605,0.56,-0.148231,0.0139486
606,0.44,-0.147261,0.0139593
607,0.52,-0.146161,0.0139796
608,0.48,-0.145132,0.0139945
609,0.72,-0.143711,0.0140436
610,0.8,-0.142164,0.0141056
611,0.96,-0.14036,0.0141976
612,0.8,-0.138824,0.0142574
613,0.84,-0.137227,0.0143234
614,0.68,-0.135896,0.0143619
615,0.64,-0.134634,0.0143939
616,0.68,-0.133312,0.0144312
617,0.56,-0.132188,0.0144516
618,0.56,-0.131068,0.0144716
619,0.64,-0.129822,0.0145018
620,0.56,-0.12871,0.014521
621,0.6,-0.127536,0.0145451
622,0.64,-0.126302,0.014574
623,0.68,-0.125008,0.014608
624,0.52,-0.123974,0.0146212
625,0.6,-0.122816,0.0146437
626,0.48,-0.121853,0.0146519
627,0.44,-0.120957,0.014656
628,0.24,-0.120382,0.0146439
629,0.12,-0.12,0.0146256
630,0.08,-0.119683,0.0146058
631,0.16,-0.119239,0.0145894
632,0.04,-0.118987,0.0145684
633,0,-0.118799,0.0145466
634,0.12,-0.118423,0.0145285
635,0,-0.118236,0.0145068
636,-0.16,-0.118302,0.0144842
637,-0.24,-0.118493,0.0144627
638,-0.28,-0.118746,0.0144422
639,-0.08,-0.118685,0.0144197
640,-0.2,-0.118812,0.0143977
641,-0.08,-0.118752,0.0143754
642,-0.04,-0.118629,0.0143535
643,0.08,-0.11832,0.0143345
644,0,-0.118137,0.0143134
645,-0.12,-0.11814,0.0142912
646,-0.24,-0.118328,0.0142703
647,-0.24,-0.118516,0.0142494
648,-0.12,-0.118519,0.0142274
649,-0.12,-0.118521,0.0142055
650,0.04,-0.118277,0.0141857
651,-0.12,-0.11828,0.0141639
652,0.04,-0.118037,0.0141443
653,0.36,-0.117305,0.0141415
654,0.16,-0.116881,0.0141263
655,-0.08,-0.116824,0.0141048
656,0,-0.116646,0.0140844
657,-0.08,-0.116591,0.0140631
658,-0.2,-0.116717,0.0140422
659,-0.16,-0.116783,0.0140211
660,-0.12,-0.116788,0.0139998
661,-0.12,-0.116793,0.0139786
662,-0.08,-0.116737,0.0139576
663,-0.08,-0.116682,0.0139366
664,0,-0.116506,0.0139167
665,0.12,-0.11615,0.0139004
666,0.16,-0.115736,0.0138857
667,0.12,-0.115382,0.0138693
668,0.04,-0.11515,0.0138505
669,-0.08,-0.115097,0.0138299
670,-0.08,-0.115045,0.0138093
671,-0.16,-0.115112,0.0137889
672,-0.28,-0.115357,0.0137705
673,-0.16,-0.115423,0.0137502
674,-0.28,-0.115668,0.013732
675,-0.24,-0.115852,0.0137129
676,-0.24,-0.116036,0.0136938
677,-0.16,-0.1161,0.0136737
678,-0.08,-0.116047,0.0136536
679,-0.08,-0.115994,0.0136336
680,-0.16,-0.116059,0.0136137
681,-0.12,-0.116065,0.0135937
682,-0.2,-0.116188,0.0135743
683,-0.28,-0.116428,0.0135565
684,-0.44,-0.116901,0.013545
685,-0.44,-0.117372,0.0135334
686,-0.4,-0.117784,0.0135199
687,-0.2,-0.117904,0.0135008
688,-0.12,-0.117907,0.0134811
689,-0.2,-0.118026,0.0134621
690,-0.24,-0.118203,0.0134437
691,-0.44,-0.118669,0.0134323
692,-0.32,-0.11896,0.0134161
693,-0.4,-0.119365,0.0134028
694,-0.24,-0.119539,0.0133846
695,-0.16,-0.119597,0.0133655
696,-0.12,-0.119598,0.0133463
697,-0.24,-0.11977,0.0133282
698,-0.24,-0.119943,0.0133102
699,-0.04,-0.119828,0.0132917
700,-0.32,-0.120114,0.0132757
701,-0.32,-0.120399,0.0132599
702,-0.2,-0.120513,0.0132414
703,-0.24,-0.120683,0.0132237
704,-0.28,-0.120909,0.0132068
705,-0.36,-0.121248,0.0131924
706,-0.36,-0.121586,0.0131781
707,-0.12,-0.121584,0.0131594
708,-0.08,-0.121525,0.013141
709,-0.2,-0.121636,0.0131229
710,-0.12,-0.121634,0.0131044
711,-0.12,-0.121632,0.0130859
712,-0.24,-0.121798,0.0130686
713,-0.16,-0.121851,0.0130504
714,-0.28,-0.122073,0.013034
715,-0.28,-0.122294,0.0130176
716,-0.4,-0.122682,0.0130052
717,-0.28,-0.122901,0.0129889
718,-0.08,-0.122841,0.0129709
719,-0.16,-0.122893,0.012953
720,-0.2,-0.123,0.0129354
721,0.16,-0.122607,0.0129234
722,0.24,-0.122105,0.0129153
723,0.2,-0.12166,0.0129051
724,0.2,-0.121215,0.0128949
725,0.24,-0.120717,0.0128867
726,0.32,-0.12011,0.0128833
727,0.44,-0.11934,0.0128886
728,0.44,-0.118571,0.0128938
729,0.44,-0.117805,0.0128989
730,0.2,-0.11737,0.0128886
731,0.16,-0.11699,0.0128765
732,0.24,-0.116503,0.0128681
733,0.16,-0.116126,0.0128561
734,0.04,-0.115913,0.0128403
735,0.24,-0.115429,0.012832
736,0.28,-0.114891,0.0128258
737,0.16,-0.114518,0.0128138
738,0,-0.114363,0.0127974
739,0.04,-0.114154,0.0127818
740,0,-0.114,0.0127654
741,-0.04,-0.1139,0.0127486
742,0.04,-0.113693,0.0127331
743,0.04,-0.113486,0.0127176
744,0.08,-0.113226,0.0127032
745,0.2,-0.112805,0.0126931
746,-0.04,-0.112708,0.0126764
747,-0.08,-0.112664,0.0126595
748,-0.12,-0.112674,0.0126426
749,-0.08,-0.11263,0.0126258
750,-0.16,-0.112693,0.0126091
751,0,-0.112543,0.0125932
752,-0.08,-0.1125,0.0125765
753,-0.24,-0.112669,0.0125609
754,-0.32,-0.112944,0.0125473
755,-0.16,-0.113007,0.0125308
756,-0.32,-0.11328,0.0125172
757,-0.36,-0.113606,0.0125049
758,-0.24,-0.113773,0.0124895
759,-0.36,-0.114097,0.0124773
760,-0.24,-0.114263,0.0124619
761,-0.36,-0.114586,0.0124497
762,-0.24,-0.114751,0.0124345
763,-0.28,-0.114967,0.01242
764,-0.32,-0.115236,0.0124067
765,-0.36,-0.115556,0.0123946
766,-0.36,-0.115875,0.0123825
767,-0.2,-0.115984,0.0123668
768,-0.16,-0.116042,0.0123509
769,-0.16,-0.116099,0.0123349
770,-0.24,-0.11626,0.0123199
771,-0.12,-0.116265,0.012304
772,-0.28,-0.116477,0.0122898
773,-0.48,-0.116947,0.0122829
774,-0.56,-0.117519,0.0122804
775,-0.56,-0.11809,0.0122778
776,-0.56,-0.11866,0.0122752
777,-0.4,-0.119022,0.0122647
778,-0.44,-0.119434,0.0122559
779,-0.32,-0.119692,0.0122429
780,-0.4,-0.120051,0.0122325
781,-0.48,-0.120512,0.0122255
782,-0.44,-0.120921,0.0122167
783,-0.28,-0.121124,0.0122027
784,-0.28,-0.121327,0.0121889
785,-0.24,-0.121478,0.0121743
786,-0.2,-0.121578,0.0121592
787,0.08,-0.121321,0.0121464
788,0.08,-0.121066,0.0121337
789,0,-0.120913,0.0121193
790,0.04,-0.120709,0.0121056
791,0,-0.120556,0.0120913
792,0,-0.120404,0.012077
793,0.12,-0.120101,0.0120655
794,-0.04,-0.12,0.0120507
795,-0.2,-0.120101,0.012036
796,-0.2,-0.120201,0.0120213
797,-0.08,-0.120151,0.0120063
798,-0.2,-0.120251,0.0119917
799,0,-0.1201,0.0119776
800,0,-0.11995,0.0119635
801,-0.04,-0.11985,0.011949
802,-0.16,-0.1199,0.0119342
803,-0.16,-0.11995,0.0119194
804,-0.16,-0.12,0.0119047
805,-0.08,-0.11995,0.01189
806,0,-0.119801,0.0118762
807,-0.04,-0.119703,0.0118619
808,0,-0.119554,0.0118481
809,0.08,-0.119308,0.011836
810,0.16,-0.118963,0.0118264
811,0.08,-0.118718,0.0118144
812,0.2,-0.118325,0.0118064
813,0.16,-0.117983,0.0117968
814,0.16,-0.117641,0.0117872
815,0.16,-0.117301,0.0117777
816,0.04,-0.117108,0.0117648
817,0.12,-0.116818,0.011754
818,0,-0.116675,0.0117405
819,0.08,-0.116435,0.0117286
820,0.24,-0.116,0.0117224
821,0.2,-0.115615,0.0117144
822,0.16,-0.11528,0.011705
823,0.12,-0.114994,0.0116942
824,0.04,-0.114806,0.0116815
825,0.12,-0.114521,0.0116708
826,0.32,-0.113995,0.0116686
827,0.36,-0.113422,0.0116685
828,0.2,-0.113043,0.0116606
829,0.36,-0.112473,0.0116605
830,0.24,-0.112048,0.0116541
831,0.2,-0.111673,0.0116462
832,0.12,-0.111394,0.0116355
833,0,-0.111261,0.0116223
834,-0.12,-0.111271,0.0116084
835,-0.16,-0.111329,0.0115946
836,-0.24,-0.111483,0.0115817
837,-0.04,-0.111398,0.0115682
838,0.16,-0.111074,0.0115589
839,0.32,-0.11056,0.0115566
840,0.24,-0.110143,0.0115503
841,0.28,-0.109679,0.0115459
842,0.36,-0.109121,0.0115457
843,0.2,-0.108754,0.0115378
844,0.24,-0.108341,0.0115315
845,0.24,-0.107929,0.0115253
846,0.2,-0.107565,0.0115174
847,0.08,-0.107344,0.0115059
848,-0.16,-0.107406,0.0114925
849,-0.12,-0.10742,0.011479
850,0.16,-0.107106,0.0114698
851,0.08,-0.106886,0.0114584
852,0.12,-0.10662,0.011448
853,0.04,-0.106448,0.0114359
854,0.08,-0.10623,0.0114246
855,0.12,-0.105965,0.0114143
856,-0.08,-0.105935,0.011401
857,0.08,-0.105718,0.0113897
858,0.12,-0.105455,0.0113795
859,-0.08,-0.105425,0.0113663
860,0.04,-0.105256,0.0113543
861,0,-0.105134,0.0113418
862,-0.16,-0.105197,0.0113288
863,-0.24,-0.105353,0.0113167
864,-0.44,-0.105741,0.0113103
865,-0.4,-0.106081,0.0113023
866,-0.28,-0.106282,0.011291
867,-0.28,-0.106482,0.0112798
868,-0.32,-0.106728,0.0112695
869,-0.32,-0.106974,0.0112592
870,-0.36,-0.107264,0.01125
871,-0.36,-0.107555,0.0112408
872,-0.28,-0.107752,0.0112296
873,-0.36,-0.108041,0.0112205
874,-0.44,-0.108421,0.0112141
875,-0.4,-0.108754,0.0112062
876,-0.32,-0.108995,0.011196
877,-0.4,-0.109327,0.0111881
878,-0.28,-0.109522,0.0111771
879,-0.2,-0.109625,0.0111648
880,-0.2,-0.109727,0.0111526
881,-0.24,-0.109875,0.0111409
882,-0.12,-0.109887,0.0111283
883,-0.12,-0.109898,0.0111157
884,-0.04,-0.109819,0.0111034
885,0.08,-0.109605,0.0110929
886,0.12,-0.109345,0.0110834
887,0.04,-0.109177,0.0110722
888,0,-0.109054,0.0110604
889,0.04,-0.108886,0.0110492
890,0,-0.108764,0.0110375
891,0.12,-0.108507,0.0110281
892,0.2,-0.108161,0.0110211
893,0.32,-0.107682,0.0110192
894,0.44,-0.107069,0.0110239
895,0.44,-0.106458,0.0110286
896,0.44,-0.105848,0.0110331
897,0.36,-0.105329,0.011033
898,0.24,-0.104944,0.0110274
899,0.16,-0.10465,0.0110191
900,0.16,-0.104356,0.0110108
901,0.28,-0.103929,0.0110068
902,0.28,-0.103503,0.0110029
903,0.28,-0.103079,0.0109989
904,0.08,-0.102876,0.0109886
905,0.16,-0.102586,0.0109803
906,0.24,-0.102208,0.0109747
907,0.28,-0.101786,0.0109706
908,0.44,-0.101189,0.0109748
909,0.36,-0.100682,0.0109744
910,0.32,-0.10022,0.0109721
911,0.44,-0.0996268,0.0109761
912,0.12,-0.099386,0.0109667
913,0.08,-0.0991895,0.0109564
914,0.04,-0.0990372,0.0109455
915,0.16,-0.0987541,0.0109372
916,0.24,-0.0983843,0.0109315
917,0.12,-0.0981461,0.0109222
918,0,-0.0980392,0.0109108
919,0.04,-0.097889,0.0109
920,0.16,-0.0976087,0.0108917
921,0.08,-0.0974159,0.0108816
922,-0.2,-0.0975271,0.0108703
923,-0.12,-0.0975515,0.0108586
924,-0.2,-0.0976623,0.0108474
925,-0.24,-0.0978162,0.0108368
926,-0.24,-0.0979698,0.0108261
927,-0.24,-0.098123,0.0108155
928,-0.32,-0.0983621,0.0108065
929,-0.12,-0.0983854,0.0107949
930,-0.08,-0.0983656,0.0107833
931,-0.2,-0.0984748,0.0107723
932,-0.04,-0.098412,0.0107609
933,-0.16,-0.098478,0.0107496
934,-0.08,-0.0984582,0.0107381
935,-0.2,-0.0985668,0.0107271
936,-0.04,-0.0985043,0.0107158
937,0.08,-0.0983138,0.0107061
938,-0.12,-0.0983369,0.0106947
939,-0.12,-0.09836,0.0106833
940,-0.04,-0.0982979,0.0106721
941,0.04,-0.0981509,0.0106618
942,0.16,-0.0978769,0.010654
943,0.16,-0.0976034,0.0106462
944,0.04,-0.0974576,0.0106359
945,0.08,-0.0972698,0.0106263
946,0,-0.097167,0.0106156
947,-0.08,-0.0971489,0.0106044
948,-0.08,-0.0971308,0.0105932
949,-0.04,-0.0970706,0.0105822
950,-0.28,-0.0972632,0.0105728
951,-0.24,-0.0974132,0.0105628
952,-0.12,-0.097437,0.0105517
953,-0.16,-0.0975026,0.0105408
954,-0.28,-0.0976939,0.0105315
955,-0.16,-0.0977592,0.0105207
956,0.04,-0.0976151,0.0105106
957,-0.08,-0.0975967,0.0104997
958,-0.2,-0.0977035,0.0104892
959,-0.2,-0.0978102,0.0104788
960,-0.16,-0.097875,0.0104681
961,-0.2,-0.0979813,0.0104578
962,-0.36,-0.0982536,0.0104504
963,-0.28,-0.0984424,0.0104413
964,-0.4,-0.0987552,0.0104351
965,-0.24,-0.0989016,0.0104254
966,-0.04,-0.0988406,0.0104147
967,0,-0.0987384,0.0104045
968,-0.08,-0.098719,0.0103937
969,-0.24,-0.0988648,0.010384
970,-0.4,-0.0991753,0.0103779
971,-0.48,-0.0995675,0.0103747
972,-0.52,-0.1,0.010373
973,-0.52,-0.100432,0.0103713
974,-0.4,-0.100739,0.0103652
975,-0.44,-0.101087,0.0103605
976,-0.56,-0.101557,0.0103605
977,-0.48,-0.101945,0.0103571
978,-0.28,-0.102127,0.0103481
979,-0.2,-0.102227,0.0103381
980,-0.12,-0.102245,0.0103275
981,-0.08,-0.102222,0.010317
982,-0.28,-0.102403,0.0103081
983,-0.24,-0.102543,0.0102985
984,-0.44,-0.102886,0.0102938
985,0.12,-0.10266,0.0102858
986,-0.04,-0.102596,0.0102756
987,-0.08,-0.102573,0.0102652
988,-0.2,-0.102672,0.0102553
989,-0.2,-0.10277,0.0102454
990,0,-0.102667,0.0102355
991,0.08,-0.102482,0.0102269
992,0.16,-0.102218,0.01022
993,0.2,-0.101913,0.0102142
994,0.32,-0.101489,0.0102128
995,0.24,-0.101146,0.0102083
996,-0.04,-0.101084,0.0101982
997,0.04,-0.100943,0.0101889
998,0.08,-0.100762,0.0101803
999,0.08,-0.100581,0.0101718
1000,0.16,-0.10032,0.0101649
