1,-0.32,-0.32,0
2,-0.36,-0.34,0.02
3,-0.52,-0.4,0.061101
4,-0.52,-0.43,0.0525991
5,-0.68,-0.48,0.0644981
6,-0.6,-0.5,0.0563323
7,-0.52,-0.502857,0.0476952
8,-0.56,-0.51,0.0419183
9,-0.6,-0.52,0.0382971
10,-0.76,-0.544,0.041825
11,-0.64,-0.552727,0.0388257
12,-0.72,-0.566667,0.0380855
13,-0.6,-0.569231,0.0351273
14,-0.52,-0.565714,0.0327111
15,-0.48,-0.56,0.0309839
16,-0.48,-0.555,0.0294109
17,-0.48,-0.550588,0.0279768
18,-0.52,-0.548889,0.0264314
19,-0.44,-0.543158,0.0256501
20,-0.4,-0.536,0.0253647
21,-0.4,-0.529524,0.0249807
22,-0.32,-0.52,0.0256517
23,-0.28,-0.509565,0.0266397
24,-0.28,-0.5,0.0272402
25,-0.24,-0.4896,0.0281216
26,-0.36,-0.484615,0.0274744
27,-0.28,-0.477037,0.027502
28,-0.28,-0.47,0.0274199
29,-0.32,-0.464828,0.0269584
30,-0.16,-0.454667,0.0279562
31,-0.2,-0.446452,0.0282597
32,-0.16,-0.4375,0.0287894
33,-0.08,-0.426667,0.0299326
34,-0.12,-0.417647,0.0304074
35,-0.04,-0.406857,0.0314356
36,-0.08,-0.397778,0.0318705
37,-0.2,-0.392432,0.0314547
38,-0.2,-0.387368,0.0310318
39,-0.28,-0.384615,0.0303507
40,-0.28,-0.382,0.0296976
41,-0.24,-0.378537,0.0291706
42,-0.24,-0.375238,0.028658
43,-0.28,-0.373023,0.0280711
44,-0.24,-0.37,0.0275919
45,-0.28,-0.368,0.0270458
46,-0.36,-0.367826,0.0264519
47,-0.4,-0.368511,0.025892
48,-0.36,-0.368333,0.0253475
49,-0.32,-0.367347,0.0248444
50,-0.28,-0.3656,0.024405
51,-0.32,-0.364706,0.0239384
52,-0.32,-0.363846,0.0234893
53,-0.28,-0.362264,0.0230961
54,-0.24,-0.36,0.0227771
55,-0.16,-0.356364,0.0226529
56,-0.2,-0.353571,0.0224193
57,-0.2,-0.350877,0.0221867
58,-0.12,-0.346897,0.0221612
59,0.04,-0.340339,0.022748
60,0.04,-0.334,0.0232467
61,0.04,-0.327869,0.0236702
62,0.04,-0.321935,0.0240294
63,0.04,-0.31619,0.0243328
64,0.08,-0.31,0.0247367
65,0.12,-0.303385,0.0252357
66,0.12,-0.29697,0.025665
67,0.08,-0.291343,0.0258976
68,0.08,-0.285882,0.0260918
69,0.08,-0.28058,0.026252
70,0.08,-0.275429,0.026382
71,0.04,-0.270986,0.0263845
72,0.08,-0.266111,0.0264683
73,0.24,-0.259178,0.0270082
74,0.28,-0.251892,0.0276191
75,0.32,-0.244267,0.0282952
76,0.32,-0.236842,0.0288907
77,0.4,-0.228571,0.0296884
78,0.4,-0.220513,0.0303931
79,0.4,-0.212658,0.0310169
80,0.44,-0.2045,0.0316947
81,0.48,-0.196049,0.0324216
82,0.48,-0.187805,0.0330681
83,0.52,-0.179277,0.033762
84,0.56,-0.170476,0.0344991
85,0.52,-0.162353,0.0350452
86,0.52,-0.154419,0.0355325
87,0.52,-0.146667,0.0359671
88,0.52,-0.139091,0.0363541
89,0.48,-0.132135,0.0366102
90,0.4,-0.126222,0.0366808
91,0.4,-0.12044,0.0367335
92,0.32,-0.115652,0.0366461
93,0.32,-0.110968,0.0365513
94,0.4,-0.105532,0.0365667
95,0.4,-0.100211,0.036569
96,0.32,-0.0958333,0.0364498
97,0.4,-0.0907216,0.0364325
98,0.36,-0.0861224,0.0363509
99,0.4,-0.0812121,0.0363154
100,0.32,-0.0772,0.0361736
101,0.36,-0.0728713,0.0360743
102,0.4,-0.0682353,0.0360185
103,0.36,-0.0640777,0.0359085
104,0.4,-0.0596154,0.0358405
105,0.32,-0.056,0.0356811
106,0.2,-0.0535849,0.0354253
107,0.16,-0.0515888,0.0351494
108,0.2,-0.0492593,0.0349003
109,0.24,-0.0466055,0.0346803
110,0.24,-0.044,0.0344622
111,0.28,-0.0410811,0.0342748
112,0.28,-0.0382143,0.0340882
113,0.24,-0.0357522,0.0338748
114,0.2,-0.0336842,0.0336399
115,0.16,-0.032,0.0333886
116,0.2,-0.03,0.0331599
117,0.2,-0.0280342,0.032934
118,0.32,-0.0250847,0.0327866
119,0.28,-0.022521,0.0326109
120,0.4,-0.019,0.0325291
121,0.48,-0.014876,0.0325217
122,0.52,-0.0104918,0.0325506
123,0.6,-0.00552846,0.0326642
124,0.64,-0.000322581,0.0328153
125,0.6,0.00448,0.0329041
126,0.68,0.00984127,0.0330792
127,0.64,0.0148031,0.0331907
128,0.64,0.0196875,0.0332906
129,0.6,0.024186,0.0333365
130,0.56,0.0283077,0.0333348
131,0.6,0.0326718,0.033366
132,0.6,0.0369697,0.0333901
133,0.6,0.041203,0.0334074
134,0.64,0.0456716,0.0334569
135,0.72,0.0506667,0.0335817
136,0.84,0.0564706,0.0338354
137,0.8,0.0618978,0.0340231
138,0.84,0.0675362,0.0342431
139,0.88,0.0733813,0.0344947
140,0.88,0.0791429,0.0347286
141,0.88,0.0848227,0.0349461
142,1,0.0912676,0.0352926
143,0.96,0.0973427,0.0355676
144,0.96,0.103333,0.0358242
145,1,0.109517,0.0361097
146,1,0.115616,0.0363765
147,1,0.121633,0.0366257
148,1,0.127568,0.0368583
149,1,0.133423,0.0370754
150,1,0.1392,0.0372778
151,1,0.144901,0.0374663
152,1,0.150526,0.0376418
153,1,0.156078,0.0378049
154,1,0.161558,0.0379562
155,1,0.166968,0.0380966
156,1,0.172308,0.0382264
157,1,0.17758,0.0383462
158,1,0.182785,0.0384567
159,1,0.187925,0.0385581
160,1,0.193,0.0386511
161,1,0.198012,0.0387359
162,1,0.202963,0.0388131
163,1,0.207853,0.0388829
164,1,0.212683,0.0389458
165,1,0.217455,0.039002
166,1,0.222169,0.0390519
167,1,0.226826,0.0390958
168,1,0.231429,0.039134
169,1,0.235976,0.0391666
170,1,0.240471,0.0391941
171,1,0.244912,0.0392166
172,1,0.249302,0.0392343
173,1,0.253642,0.0392474
174,1,0.257931,0.0392563
175,1,0.262171,0.039261
176,1,0.266364,0.0392617
177,1,0.270508,0.0392587
178,1,0.274607,0.039252
179,1,0.278659,0.039242
180,1,0.282667,0.0392286
181,1,0.28663,0.039212
182,1,0.290549,0.0391925
183,1,0.294426,0.03917
184,1,0.298261,0.0391448
185,1,0.302054,0.039117
186,1,0.305806,0.0390867
187,1,0.309519,0.0390539
188,1,0.313191,0.0390189
189,1,0.316825,0.0389816
190,1,0.320421,0.0389423
191,1,0.323979,0.0389009
192,1,0.3275,0.0388576
193,1,0.330984,0.0388125
194,1,0.334433,0.0387656
195,1,0.337846,0.038717
196,1,0.341224,0.0386669
197,1,0.344569,0.0386151
198,1,0.347879,0.038562
199,1,0.351156,0.0385074
200,1,0.3544,0.0384515
201,1,0.357612,0.0383943
202,1,0.360792,0.0383359
203,1,0.363941,0.0382763
204,1,0.367059,0.0382156
205,1,0.370146,0.0381539
206,1,0.373204,0.0380911
207,1,0.376232,0.0380274
208,1,0.379231,0.0379628
209,1,0.382201,0.0378973
210,1,0.385143,0.0378309
211,1,0.388057,0.0377638
212,1,0.390943,0.0376959
213,1,0.393803,0.0376273
214,1,0.396636,0.0375581
215,1,0.399442,0.0374882
216,1,0.402222,0.0374176
217,1,0.404977,0.0373466
218,1,0.407706,0.0372749
219,1,0.410411,0.0372028
220,1,0.413091,0.0371301
221,1,0.415747,0.037057
222,1,0.418378,0.0369835
223,1,0.420987,0.0369095
224,1,0.423571,0.0368352
225,1,0.426133,0.0367605
226,1,0.428673,0.0366854
227,1,0.431189,0.0366101
228,1,0.433684,0.0365344
229,1,0.436157,0.0364585
230,1,0.438609,0.0363823
231,1,0.441039,0.0363059
232,1,0.443448,0.0362293
233,1,0.445837,0.0361525
234,1,0.448205,0.0360755
235,1,0.450553,0.0359983
236,1,0.452881,0.0359209
237,1,0.45519,0.0358435
238,1,0.457479,0.0357659
239,1,0.459749,0.0356882
240,1,0.462,0.0356104
241,1,0.464232,0.0355325
242,1,0.466446,0.0354546
243,1,0.468642,0.0353766
244,1,0.47082,0.0352985
245,1,0.47298,0.0352205
246,1,0.475122,0.0351424
247,1,0.477247,0.0350642
248,1,0.479355,0.0349861
249,1,0.481446,0.034908
250,1,0.48352,0.0348299
251,1,0.485578,0.0347518
252,1,0.487619,0.0346738
253,1,0.489644,0.0345958
254,1,0.491654,0.0345179
255,1,0.493647,0.03444
256,1,0.495625,0.0343622
257,1,0.497588,0.0342844
258,1,0.499535,0.0342067
259,1,0.501467,0.0341292
260,1,0.503385,0.0340517
261,1,0.505287,0.0339743
262,1,0.507176,0.033897
263,1,0.509049,0.0338198
264,1,0.510909,0.0337427
265,1,0.512755,0.0336658
266,1,0.514586,0.033589
267,1,0.516404,0.0335123
268,1,0.518209,0.0334357
269,1,0.52,0.0333593
270,1,0.521778,0.0332831
271,1,0.523542,0.0332069
272,1,0.525294,0.033131
273,1,0.527033,0.0330552
274,1,0.528759,0.0329795
275,1,0.530473,0.032904
276,1,0.532174,0.0328287
277,1,0.533863,0.0327535
278,1,0.53554,0.0326785
279,1,0.537204,0.0326037
280,1,0.538857,0.0325291
281,1,0.540498,0.0324546
282,1,0.542128,0.0323804
283,1,0.543746,0.0323063
284,1,0.545352,0.0322324
285,1,0.546947,0.0321587
286,1,0.548531,0.0320852
287,1,0.550105,0.0320119
288,1,0.551667,0.0319387
289,1,0.553218,0.0318658
290,1,0.554759,0.0317931
291,1,0.556289,0.0317206
292,1,0.557808,0.0316483
293,1,0.559317,0.0315761
294,1,0.560816,0.0315042
295,1,0.562305,0.0314325
296,1,0.563784,0.031361
297,1,0.565253,0.0312898
298,1,0.566711,0.0312187
299,1,0.568161,0.0311478
300,1,0.5696,0.0310772
301,1,0.57103,0.0310068
302,1,0.57245,0.0309365
303,1,0.573861,0.0308665
304,1,0.575263,0.0307968
305,1,0.576656,0.0307272
306,1,0.578039,0.0306579
307,1,0.579414,0.0305887
308,1,0.580779,0.0305198
309,1,0.582136,0.0304511
310,1,0.583484,0.0303826
311,1,0.584823,0.0303144
312,1,0.586154,0.0302464
313,1,0.587476,0.0301786
314,1,0.58879,0.030111
315,1,0.590095,0.0300436
316,1,0.591392,0.0299764
317,1,0.592681,0.0299095
318,1,0.593962,0.0298428
319,1,0.595235,0.0297763
320,1,0.5965,0.0297101
321,1,0.597757,0.029644
322,1,0.599006,0.0295782
323,1,0.600248,0.0295126
324,1,0.601481,0.0294473
325,1,0.602708,0.0293821
326,1,0.603926,0.0293172
327,1,0.605138,0.0292525
328,1,0.606341,0.029188
329,1,0.607538,0.0291237
330,1,0.608727,0.0290597
331,1,0.609909,0.0289959
332,1,0.611084,0.0289323
333,1,0.612252,0.0288689
334,1,0.613413,0.0288057
335,1,0.614567,0.0287428
336,1,0.615714,0.0286801
337,1,0.616855,0.0286176
338,1,0.617988,0.0285553
339,1,0.619115,0.0284932
340,1,0.620235,0.0284314
341,1,0.621349,0.0283697
342,1,0.622456,0.0283083
343,1,0.623557,0.0282471
344,1,0.624651,0.0281861
345,1,0.625739,0.0281254
346,1,0.626821,0.0280648
347,1,0.627896,0.0280045
348,1,0.628966,0.0279444
349,1,0.630029,0.0278845
350,1,0.631086,0.0278248
351,0.96,0.632023,0.0277612
352,0.96,0.632955,0.0276979
353,0.96,0.633881,0.0276348
354,1,0.634915,0.0275761
355,1,0.635944,0.0275175
356,1,0.636966,0.0274591
357,1,0.637983,0.027401
358,1,0.638994,0.0273431
359,1,0.64,0.0272853
360,1,0.641,0.0272278
361,1,0.641994,0.0271705
362,1,0.642983,0.0271134
363,1,0.643967,0.0270564
364,1,0.644945,0.0269997
365,1,0.645918,0.0269432
366,1,0.646885,0.0268869
367,1,0.647847,0.0268308
368,1,0.648804,0.0267749
369,1,0.649756,0.0267192
370,1,0.650703,0.0266637
371,1,0.651644,0.0266084
372,1,0.652581,0.0265533
373,1,0.653512,0.0264984
374,1,0.654439,0.0264437
375,1,0.65536,0.0263892
376,1,0.656277,0.0263348
377,1,0.657188,0.0262807
378,1,0.658095,0.0262268
379,1,0.658997,0.026173
380,1,0.659895,0.0261195
381,1,0.660787,0.0260661
382,1,0.661675,0.026013
383,1,0.662559,0.02596
384,1,0.663438,0.0259072
385,1,0.664312,0.0258546
386,1,0.665181,0.0258022
387,1,0.666047,0.02575
388,1,0.666907,0.0256979
389,1,0.667763,0.0256461
390,1,0.668615,0.0255944
391,1,0.669463,0.025543
392,1,0.670306,0.0254917
393,1,0.671145,0.0254406
394,1,0.67198,0.0253896
395,1,0.67281,0.0253389
396,1,0.673636,0.0252883
397,1,0.674458,0.0252379
398,1,0.675276,0.0251877
399,1,0.67609,0.0251377
400,1,0.6769,0.0250878
401,1,0.677706,0.0250382
402,1,0.678507,0.0249887
403,1,0.679305,0.0249393
404,1,0.680099,0.0248902
405,1,0.680889,0.0248412
406,1,0.681675,0.0247924
407,1,0.682457,0.0247438
408,1,0.683235,0.0246953
409,1,0.68401,0.0246471
410,1,0.68478,0.024599
411,1,0.685547,0.024551
412,1,0.686311,0.0245032
413,1,0.68707,0.0244556
414,1,0.687826,0.0244082
415,1,0.688578,0.0243609
416,1,0.689327,0.0243138
417,1,0.690072,0.0242669
418,1,0.690813,0.0242201
419,1,0.691551,0.0241735
420,1,0.692286,0.0241271
421,1,0.693017,0.0240808
422,1,0.693744,0.0240347
423,0.92,0.694279,0.0239837
424,1,0.695,0.023938
425,1,0.695718,0.0238924
426,1,0.696432,0.0238469
427,1,0.697143,0.0238016
428,1,0.69785,0.0237565
429,1,0.698555,0.0237115
430,1,0.699256,0.0236667
431,1,0.699954,0.023622
432,1,0.700648,0.0235775
433,1,0.701339,0.0235331
434,1,0.702028,0.0234889
435,1,0.702713,0.0234449
436,1,0.703394,0.023401
437,1,0.704073,0.0233572
438,1,0.704749,0.0233136
439,1,0.705421,0.0232702
440,1,0.706091,0.0232269
441,1,0.706757,0.0231838
442,1,0.707421,0.0231408
443,1,0.708081,0.0230979
444,1,0.708739,0.0230552
445,1,0.709393,0.0230126
446,1,0.710045,0.0229702
447,1,0.710694,0.022928
448,1,0.711339,0.0228858
449,1,0.711982,0.0228439
450,1,0.712622,0.022802
451,1,0.713259,0.0227603
452,1,0.713894,0.0227188
453,1,0.714525,0.0226774
454,1,0.715154,0.0226361
455,1,0.71578,0.022595
456,1,0.716404,0.022554
457,1,0.717024,0.0225131
458,1,0.717642,0.0224724
459,1,0.718257,0.0224318
460,1,0.71887,0.0223914
461,1,0.719479,0.0223511
462,1,0.720087,0.0223109
463,1,0.720691,0.0222709
464,1,0.721293,0.022231
465,1,0.721892,0.0221912
466,1,0.722489,0.0221516
467,1,0.723084,0.0221121
468,1,0.723675,0.0220727
469,1,0.724264,0.0220335
470,1,0.724851,0.0219944
471,1,0.725435,0.0219554
472,1,0.726017,0.0219166
473,1,0.726596,0.0218779
474,1,0.727173,0.0218393
475,1,0.727747,0.0218008
476,1,0.728319,0.0217625
477,1,0.728889,0.0217243
478,1,0.729456,0.0216862
479,1,0.730021,0.0216483
480,1,0.730583,0.0216104
481,1,0.731143,0.0215727
482,1,0.731701,0.0215351
483,1,0.732257,0.0214977
484,1,0.73281,0.0214604
485,1,0.733361,0.0214231
486,1,0.733909,0.0213861
487,1,0.734456,0.0213491
488,1,0.735,0.0213122
489,1,0.735542,0.0212755
490,1,0.736082,0.0212389
491,1,0.736619,0.0212024
492,1,0.737154,0.0211661
493,1,0.737688,0.0211298
494,1,0.738219,0.0210937
495,1,0.738747,0.0210577
496,1,0.739274,0.0210218
497,1,0.739799,0.020986
498,1,0.740321,0.0209503
499,1,0.740842,0.0209148
500,1,0.74136,0.0208793
501,1,0.741876,0.020844
502,1,0.74239,0.0208088
503,1,0.742903,0.0207737
504,1,0.743413,0.0207387
505,1,0.743921,0.0207038
506,1,0.744427,0.0206691
507,1,0.744931,0.0206344
508,1,0.745433,0.0205999
509,1,0.745933,0.0205655
510,1,0.746431,0.0205312
511,1,0.746928,0.0204969
512,1,0.747422,0.0204628
513,1,0.747914,0.0204288
514,1,0.748405,0.020395
515,1,0.748893,0.0203612
516,1,0.74938,0.0203275
517,1,0.749865,0.0202939
518,1,0.750347,0.0202605
519,1,0.750829,0.0202271
520,1,0.751308,0.0201939
521,1,0.751785,0.0201607
522,1,0.752261,0.0201277
523,1,0.752734,0.0200948
524,1,0.753206,0.0200619
525,1,0.753676,0.0200292
526,1,0.754144,0.0199966
527,1,0.754611,0.019964
528,1,0.755076,0.0199316
529,1,0.755539,0.0198993
530,1,0.756,0.019867
531,1,0.75646,0.0198349
532,1,0.756917,0.0198029
533,1,0.757373,0.019771
534,1,0.757828,0.0197391
535,1,0.75828,0.0197074
536,1,0.758731,0.0196758
537,1,0.759181,0.0196442
538,1,0.759628,0.0196128
539,1,0.760074,0.0195815
540,1,0.760519,0.0195502
541,1,0.760961,0.0195191
542,1,0.761402,0.019488
543,1,0.761842,0.019457
544,1,0.762279,0.0194262
545,1,0.762716,0.0193954
546,1,0.76315,0.0193647
547,1,0.763583,0.0193341
548,1,0.764015,0.0193037
549,1,0.764444,0.0192733
550,1,0.764873,0.0192429
551,1,0.765299,0.0192127
552,1,0.765725,0.0191826
553,1,0.766148,0.0191526
554,1,0.76657,0.0191226
555,1,0.766991,0.0190928
556,1,0.76741,0.019063
557,1,0.767828,0.0190333
558,1,0.768244,0.0190038
559,1,0.768658,0.0189743
560,1,0.769071,0.0189448
561,1,0.769483,0.0189155
562,1,0.769893,0.0188863
563,1,0.770302,0.0188571
564,1,0.770709,0.0188281
565,1,0.771115,0.0187991
566,1,0.771519,0.0187702
567,1,0.771922,0.0187414
568,1,0.772324,0.0187127
569,1,0.772724,0.0186841
570,1,0.773123,0.0186555
571,1,0.77352,0.0186271
572,1,0.773916,0.0185987
573,1,0.774311,0.0185704
574,1,0.774704,0.0185422
575,1,0.775096,0.0185141
576,1,0.775486,0.018486
577,1,0.775875,0.018458
578,1,0.776263,0.0184302
579,1,0.776649,0.0184024
580,1,0.777034,0.0183746
581,1,0.777418,0.018347
582,1,0.777801,0.0183194
583,1,0.778182,0.018292
584,1,0.778562,0.0182646
585,1,0.77894,0.0182373
586,1,0.779317,0.01821
587,1,0.779693,0.0181828
588,1,0.780068,0.0181558
589,1,0.780441,0.0181288
590,1,0.780814,0.0181018
591,1,0.781184,0.018075
592,1,0.781554,0.0180482
593,1,0.781922,0.0180215
594,1,0.78229,0.0179949
595,1,0.782655,0.0179684
596,1,0.78302,0.0179419
597,1,0.783384,0.0179155
598,1,0.783746,0.0178892
599,1,0.784107,0.0178629
600,1,0.784467,0.0178368
601,1,0.784825,0.0178107
602,1,0.785183,0.0177847
603,1,0.785539,0.0177587
604,1,0.785894,0.0177328
605,1,0.786248,0.017707
606,1,0.786601,0.0176813
607,1,0.786952,0.0176557
608,1,0.787303,0.0176301
609,1,0.787652,0.0176046
610,1,0.788,0.0175791
611,1,0.788347,0.0175538
612,1,0.788693,0.0175285
613,1,0.789038,0.0175033
614,1,0.789381,0.0174781
615,1,0.789724,0.017453
616,1,0.790065,0.017428
617,1,0.790405,0.0174031
618,1,0.790744,0.0173782
619,1,0.791082,0.0173534
620,1,0.791419,0.0173287
621,1,0.791755,0.017304
622,1,0.79209,0.0172794
623,1,0.792424,0.0172549
624,1,0.792756,0.0172304
625,1,0.793088,0.017206
626,1,0.793419,0.0171817
627,1,0.793748,0.0171574
628,1,0.794076,0.0171332
629,1,0.794404,0.0171091
630,1,0.79473,0.017085
631,1,0.795055,0.017061
632,1,0.79538,0.0170371
633,1,0.795703,0.0170132
634,1,0.796025,0.0169894
635,1,0.796346,0.0169657
636,1,0.796667,0.016942
637,1,0.796986,0.0169184
638,1,0.797304,0.0168949
639,1,0.797621,0.0168714
640,1,0.797937,0.016848
641,1,0.798253,0.0168246
642,1,0.798567,0.0168014
643,1,0.79888,0.0167781
644,1,0.799193,0.016755
645,1,0.799504,0.0167319
646,1,0.799814,0.0167088
647,1,0.800124,0.0166859
648,1,0.800432,0.0166629
649,1,0.80074,0.0166401
650,1,0.801046,0.0166173
651,1,0.801352,0.0165946
652,1,0.801656,0.0165719
653,1,0.80196,0.0165493
654,1,0.802263,0.0165267
655,1,0.802565,0.0165042
656,1,0.802866,0.0164818
657,1,0.803166,0.0164594
658,1,0.803465,0.0164371
659,0.96,0.803703,0.0164139
660,1,0.804,0.0163917
661,1,0.804297,0.0163696
662,1,0.804592,0.0163475
663,1,0.804887,0.0163255
664,1,0.805181,0.0163035
665,1,0.805474,0.0162816
666,1,0.805766,0.0162598
667,1,0.806057,0.016238
668,1,0.806347,0.0162163
669,1,0.806637,0.0161946
670,1,0.806925,0.016173
671,1,0.807213,0.0161514
672,1,0.8075,0.0161299
673,1,0.807786,0.0161085
674,1,0.808071,0.0160871
675,1,0.808356,0.0160658
676,1,0.808639,0.0160445
677,1,0.808922,0.0160233
678,1,0.809204,0.0160021
679,1,0.809485,0.015981
680,1,0.809765,0.0159599
681,1,0.810044,0.0159389
682,1,0.810323,0.015918
683,1,0.8106,0.0158971
684,1,0.810877,0.0158762
685,1,0.811153,0.0158554
686,1,0.811429,0.0158347
687,1,0.811703,0.015814
688,1,0.811977,0.0157934
689,1,0.81225,0.0157728
690,1,0.812522,0.0157523
691,1,0.812793,0.0157318
692,1,0.813064,0.0157114
693,1,0.813333,0.015691
694,1,0.813602,0.0156707
695,1,0.813871,0.0156504
696,1,0.814138,0.0156302
697,1,0.814405,0.01561
698,1,0.81467,0.0155899
699,1,0.814936,0.0155699
700,1,0.8152,0.0155499
701,1,0.815464,0.0155299
702,1,0.815726,0.01551
703,1,0.815989,0.0154901
704,1,0.81625,0.0154703
705,1,0.816511,0.0154506
706,1,0.816771,0.0154308
707,1,0.81703,0.0154112
708,1,0.817288,0.0153916
709,1,0.817546,0.015372
710,1,0.817803,0.0153525
711,1,0.818059,0.015333
712,1,0.818315,0.0153136
713,1,0.818569,0.0152942
714,0.96,0.818768,0.0152741
715,0.96,0.818965,0.015254
716,1,0.819218,0.0152348
717,1,0.81947,0.0152156
718,1,0.819721,0.0151965
719,1,0.819972,0.0151774
720,1,0.820222,0.0151584
721,1,0.820472,0.0151394
722,1,0.82072,0.0151204
723,1,0.820968,0.0151015
724,1,0.821215,0.0150827
725,1,0.821462,0.0150639
726,1,0.821708,0.0150451
727,1,0.821953,0.0150264
728,1,0.822198,0.0150078
729,1,0.822442,0.0149892
730,1,0.822685,0.0149706
731,1,0.822927,0.0149521
732,1,0.823169,0.0149336
733,1,0.823411,0.0149151
734,1,0.823651,0.0148968
735,1,0.823891,0.0148784
736,1,0.82413,0.0148601
737,1,0.824369,0.0148418
738,1,0.824607,0.0148236
739,1,0.824844,0.0148055
740,1,0.825081,0.0147873
741,1,0.825317,0.0147693
742,1,0.825553,0.0147512
743,1,0.825787,0.0147332
744,1,0.826022,0.0147153
745,1,0.826255,0.0146974
746,1,0.826488,0.0146795
747,1,0.82672,0.0146617
748,1,0.826952,0.0146439
749,1,0.827183,0.0146261
750,1,0.827413,0.0146084
751,1,0.827643,0.0145908
752,1,0.827872,0.0145732
753,1,0.828101,0.0145556
754,1,0.828329,0.0145381
755,1,0.828556,0.0145206
756,1,0.828783,0.0145031
757,1,0.829009,0.0144857
758,1,0.829235,0.0144684
759,1,0.82946,0.014451
760,1,0.829684,0.0144338
761,1,0.829908,0.0144165
762,1,0.830131,0.0143993
763,1,0.830354,0.0143822
764,1,0.830576,0.014365
765,1,0.830797,0.014348
766,1,0.831018,0.0143309
767,1,0.831239,0.0143139
768,1,0.831458,0.014297
769,1,0.831678,0.01428
770,1,0.831896,0.0142632
771,1,0.832114,0.0142463
772,1,0.832332,0.0142295
773,1,0.832549,0.0142127
774,1,0.832765,0.014196
775,1,0.832981,0.0141793
776,1,0.833196,0.0141627
777,1,0.833411,0.0141461
778,1,0.833625,0.0141295
779,1,0.833838,0.014113
780,1,0.834051,0.0140965
781,1,0.834264,0.01408
782,1,0.834476,0.0140636
783,1,0.834687,0.0140472
784,1,0.834898,0.0140309
785,1,0.835108,0.0140146
786,1,0.835318,0.0139983
787,1,0.835527,0.0139821
788,1,0.835736,0.0139659
789,1,0.835944,0.0139497
790,1,0.836152,0.0139336
791,1,0.836359,0.0139175
792,1,0.836566,0.0139014
793,1,0.836772,0.0138854
794,1,0.836977,0.0138695
795,1,0.837182,0.0138535
796,1,0.837387,0.0138376
797,1,0.837591,0.0138218
798,1,0.837794,0.0138059
799,1,0.837997,0.0137901
800,1,0.8382,0.0137744
801,1,0.838402,0.0137586
802,1,0.838603,0.013743
803,1,0.838804,0.0137273
804,1,0.839005,0.0137117
805,1,0.839205,0.0136961
806,1,0.839404,0.0136805
807,1,0.839603,0.013665
808,1,0.839802,0.0136496
809,1,0.84,0.0136341
810,1,0.840198,0.0136187
811,1,0.840395,0.0136033
812,1,0.840591,0.013588
813,1,0.840787,0.0135727
814,1,0.840983,0.0135574
815,1,0.841178,0.0135422
816,1,0.841373,0.013527
817,1,0.841567,0.0135118
818,1,0.84176,0.0134966
819,1,0.841954,0.0134815
820,1,0.842146,0.0134665
821,1,0.842339,0.0134514
822,1,0.84253,0.0134364
823,1,0.842722,0.0134215
824,1,0.842913,0.0134065
825,1,0.843103,0.0133916
826,1,0.843293,0.0133767
827,1,0.843482,0.0133619
828,1,0.843671,0.0133471
829,1,0.84386,0.0133323
830,1,0.844048,0.0133176
831,1,0.844236,0.0133029
832,1,0.844423,0.0132882
833,1,0.84461,0.0132735
834,1,0.844796,0.0132589
835,1,0.844982,0.0132443
836,1,0.845167,0.0132298
837,1,0.845352,0.0132153
838,1,0.845537,0.0132008
839,1,0.845721,0.0131863
840,1,0.845905,0.0131719
841,1,0.846088,0.0131575
842,1,0.846271,0.0131431
843,1,0.846453,0.0131288
844,1,0.846635,0.0131145
845,1,0.846817,0.0131002
846,1,0.846998,0.013086
847,1,0.847178,0.0130718
848,1,0.847358,0.0130576
849,1,0.847538,0.0130434
850,1,0.847718,0.0130293
851,1,0.847897,0.0130152
852,1,0.848075,0.0130012
853,1,0.848253,0.0129871
854,1,0.848431,0.0129731
855,1,0.848608,0.0129592
856,1,0.848785,0.0129452
857,1,0.848961,0.0129313
858,1,0.849138,0.0129174
859,1,0.849313,0.0129036
860,1,0.849488,0.0128898
861,1,0.849663,0.012876
862,1,0.849838,0.0128622
863,1,0.850012,0.0128485
864,1,0.850185,0.0128348
865,1,0.850358,0.0128211
866,1,0.850531,0.0128074
867,1,0.850704,0.0127938
868,1,0.850876,0.0127802
869,1,0.851047,0.0127667
870,1,0.851218,0.0127531
871,1,0.851389,0.0127396
872,1,0.85156,0.0127261
873,1,0.85173,0.0127127
874,1,0.851899,0.0126993
875,1,0.852069,0.0126859
876,1,0.852237,0.0126725
877,1,0.852406,0.0126592
878,1,0.852574,0.0126459
879,1,0.852742,0.0126326
880,1,0.852909,0.0126193
881,1,0.853076,0.0126061
882,1,0.853243,0.0125929
883,1,0.853409,0.0125797
884,1,0.853575,0.0125666
885,1,0.85374,0.0125535
886,1,0.853905,0.0125404
887,1,0.85407,0.0125273
888,1,0.854234,0.0125143
889,1,0.854398,0.0125013
890,1,0.854562,0.0124883
891,1,0.854725,0.0124753
892,1,0.854888,0.0124624
893,1,0.85505,0.0124495
894,1,0.855213,0.0124366
895,1,0.855374,0.0124238
896,1,0.855536,0.012411
897,1,0.855697,0.0123982
898,1,0.855857,0.0123854
899,1,0.856018,0.0123726
900,1,0.856178,0.0123599
901,1,0.856337,0.0123472
902,1,0.856497,0.0123346
903,1,0.856656,0.0123219
904,1,0.856814,0.0123093
905,1,0.856972,0.0122967
906,1,0.85713,0.0122842
907,1,0.857288,0.0122716
908,1,0.857445,0.0122591
909,1,0.857602,0.0122466
910,1,0.857758,0.0122341
911,1,0.857914,0.0122217
912,1,0.85807,0.0122093
913,1,0.858226,0.0121969
914,1,0.858381,0.0121845
915,1,0.858536,0.0121722
916,1,0.85869,0.0121599
917,1,0.858844,0.0121476
918,1,0.858998,0.0121353
919,1,0.859151,0.0121231
920,1,0.859304,0.0121109
921,1,0.859457,0.0120987
922,1,0.85961,0.0120865
923,1,0.859762,0.0120744
924,1,0.859913,0.0120622
925,1,0.860065,0.0120501
926,1,0.860216,0.0120381
927,1,0.860367,0.012026
928,1,0.860517,0.012014
929,1,0.860667,0.012002
930,1,0.860817,0.01199
931,1,0.860967,0.0119781
932,1,0.861116,0.0119661
933,1,0.861265,0.0119542
934,1,0.861413,0.0119424
935,1,0.861561,0.0119305
936,1,0.861709,0.0119187
937,1,0.861857,0.0119069
938,1,0.862004,0.0118951
939,1,0.862151,0.0118833
940,1,0.862298,0.0118716
941,1,0.862444,0.0118598
942,1,0.86259,0.0118481
943,1,0.862736,0.0118365
944,1,0.862881,0.0118248
945,1,0.863026,0.0118132
946,1,0.863171,0.0118016
947,1,0.863316,0.01179
948,1,0.86346,0.0117784
949,1,0.863604,0.0117669
950,1,0.863747,0.0117554
951,1,0.863891,0.0117439
952,1,0.864034,0.0117324
953,1,0.864176,0.011721
954,1,0.864319,0.0117095
955,1,0.864461,0.0116981
956,1,0.864603,0.0116868
957,1,0.864744,0.0116754
958,1,0.864885,0.0116641
959,1,0.865026,0.0116527
960,1,0.865167,0.0116414
961,1,0.865307,0.0116302
962,1,0.865447,0.0116189
963,1,0.865587,0.0116077
964,1,0.865726,0.0115965
965,1,0.865865,0.0115853
966,0.88,0.86588,0.0115733
967,0.84,0.865853,0.0115614
968,0.8,0.865785,0.0115496
969,0.8,0.865717,0.0115379
970,0.8,0.865649,0.0115262
971,0.72,0.865499,0.0115153
972,0.76,0.865391,0.0115039
973,0.76,0.865283,0.0114926
974,0.76,0.865175,0.0114813
975,0.72,0.865026,0.0114705
976,0.72,0.864877,0.0114597
977,0.76,0.86477,0.0114485
978,0.76,0.864663,0.0114373
979,0.88,0.864678,0.0114256
980,0.84,0.864653,0.011414
981,0.88,0.864669,0.0114023
982,0.92,0.864725,0.0113908
983,0.96,0.864822,0.0113797
984,0.96,0.864919,0.0113685
985,0.96,0.865015,0.0113574
986,1,0.865152,0.0113467
987,1,0.865289,0.011336
988,1,0.865425,0.0113253
989,1,0.865561,0.0113147
990,1,0.865697,0.0113041
991,1,0.865832,0.0112935
992,1,0.865968,0.0112829
993,1,0.866103,0.0112723
994,1,0.866237,0.0112618
995,1,0.866372,0.0112513
996,1,0.866506,0.0112408
997,1,0.86664,0.0112303
998,1,0.866774,0.0112198
999,1,0.866907,0.0112094
1000,1,0.86704,0.011199
