1,-0.2,-0.2,0
2,0.12,-0.04,0.16
3,0.04,-0.0133333,0.096148
4,0.12,0.02,0.0757188
5,0.08,0.032,0.0598665
6,-0.04,0.02,0.0503322
7,0.08,0.0285714,0.0433935
8,0.12,0.04,0.0392792
9,0.12,0.0488889,0.0357633
10,0.04,0.048,0.032
11,0.12,0.0545455,0.0296759
12,0.12,0.06,0.027634
13,0.2,0.0707692,0.0276067
14,0.32,0.0885714,0.0311476
15,0.28,0.101333,0.0316809
16,0.28,0.1125,0.0316689
17,0.28,0.122353,0.031337
18,0.4,0.137778,0.033329
19,0.52,0.157895,0.0373976
20,0.56,0.178,0.0407793
21,0.64,0.2,0.0445934
22,0.6,0.218182,0.0462425
23,0.64,0.236522,0.0478412
24,0.64,0.253333,0.0487922
25,0.64,0.2688,0.0492893
26,0.68,0.284615,0.0499268
27,0.68,0.299259,0.0502244
28,0.64,0.311429,0.0499039
29,0.6,0.321379,0.0491698
30,0.52,0.328,0.0479617
31,0.52,0.334194,0.0468004
32,0.48,0.33875,0.0455428
33,0.56,0.345455,0.0446474
34,0.48,0.349412,0.0434947
35,0.52,0.354286,0.042514
36,0.52,0.358889,0.0415718
37,0.44,0.361081,0.0404921
38,0.44,0.363158,0.0394668
39,0.52,0.367179,0.0386513
40,0.56,0.372,0.0379798
41,0.6,0.377561,0.0374569
42,0.56,0.381905,0.0368114
43,0.76,0.390698,0.037005
44,0.72,0.398182,0.0369207
45,0.68,0.404444,0.0366302
46,0.72,0.411304,0.0364759
47,0.76,0.418723,0.0364543
48,0.92,0.429167,0.0371835
49,1,0.440816,0.0382347
50,0.88,0.4496,0.0384782
51,0.88,0.458039,0.0386488
52,0.84,0.465385,0.0386035
53,0.8,0.471698,0.0383908
54,0.8,0.477778,0.0381606
55,0.8,0.483636,0.0379157
56,0.76,0.488571,0.0375581
57,0.8,0.494035,0.0372957
58,0.88,0.50069,0.0372463
59,0.88,0.507119,0.0371698
60,0.84,0.512667,0.0369638
61,0.76,0.516721,0.0365782
62,0.68,0.519355,0.0360796
63,0.52,0.519365,0.0355023
64,0.48,0.51875,0.0349486
65,0.56,0.519385,0.0344126
66,0.64,0.521212,0.0339364
67,0.64,0.522985,0.033473
68,0.76,0.526471,0.0331608
69,0.8,0.530435,0.0329163
70,0.76,0.533714,0.0326079
71,0.76,0.536901,0.032303
72,0.8,0.540556,0.0320601
73,0.88,0.545205,0.031958
74,0.76,0.548108,0.0316565
75,0.84,0.552,0.0314731
76,0.92,0.556842,0.0314315
77,0.92,0.561558,0.0313771
78,0.96,0.566667,0.0313906
79,0.96,0.571646,0.0313881
80,1,0.577,0.0314524
81,1,0.582222,0.0314976
82,1,0.587317,0.0315255
83,1,0.592289,0.0315378
84,1,0.597143,0.0315358
85,1,0.601882,0.031521
86,1,0.606512,0.0314944
87,1,0.611034,0.0314571
88,1,0.615455,0.0314101
89,1,0.619775,0.0313543
90,1,0.624,0.0312905
91,1,0.628132,0.0312194
92,1,0.632174,0.0311416
93,1,0.636129,0.0310578
94,1,0.64,0.0309685
95,0.84,0.642105,0.030713
96,0.8,0.64375,0.0304359
97,0.92,0.646598,0.0302548
98,0.84,0.648571,0.0300095
99,0.72,0.649293,0.0297136
100,0.72,0.65,0.0294234
101,0.68,0.650297,0.0291322
102,0.68,0.650588,0.0288466
103,0.68,0.650874,0.0285666
104,0.56,0.65,0.0283041
105,0.64,0.649905,0.0280334
106,0.48,0.648302,0.0278139
107,0.44,0.646355,0.0276214
108,0.48,0.644815,0.0274078
109,0.48,0.643303,0.0271972
110,0.48,0.641818,0.0269897
111,0.64,0.641802,0.0267454
112,0.64,0.641786,0.0265056
113,0.64,0.64177,0.02627
114,0.64,0.641754,0.0260385
115,0.64,0.641739,0.0258111
116,0.68,0.642069,0.0255898
117,0.72,0.642735,0.0253788
118,0.76,0.643729,0.0251825
119,0.76,0.644706,0.0249891
120,0.64,0.644667,0.02478
121,0.64,0.644628,0.0245743
122,0.64,0.64459,0.0243721
123,0.64,0.644553,0.0241732
124,0.6,0.644194,0.0239801
125,0.64,0.64416,0.0237876
126,0.72,0.644762,0.0236057
127,0.76,0.645669,0.0234366
128,0.8,0.646875,0.0232841
129,0.84,0.648372,0.0231513
130,0.84,0.649846,0.0230198
131,0.72,0.650382,0.0228497
132,0.64,0.650303,0.022676
133,0.56,0.649624,0.0225151
134,0.64,0.649552,0.0223466
135,0.56,0.648889,0.0221904
136,0.48,0.647647,0.0220616
137,0.56,0.647007,0.0219093
138,0.6,0.646667,0.0217526
139,0.56,0.646043,0.0216045
140,0.52,0.645143,0.0214686
141,0.68,0.64539,0.0213172
142,0.64,0.645352,0.0211666
143,0.64,0.645315,0.0210181
144,0.56,0.644722,0.02088
145,0.56,0.644138,0.0207437
146,0.56,0.643562,0.0206092
147,0.6,0.643265,0.0204707
148,0.68,0.643514,0.0203334
149,0.68,0.643758,0.020198
150,0.68,0.644,0.0200643
151,0.72,0.644503,0.0199374
152,0.72,0.645,0.019812
153,0.72,0.64549,0.0196882
154,0.64,0.645455,0.0195599
155,0.68,0.645677,0.0194346
156,0.72,0.646154,0.0193155
157,0.72,0.646624,0.0191979
158,0.76,0.647342,0.0190895
159,0.8,0.648302,0.0189933
160,0.84,0.6495,0.0189122
161,0.8,0.650435,0.0188176
162,0.88,0.651852,0.0187547
163,0.8,0.652761,0.0186614
164,0.84,0.653902,0.0185824
165,0.84,0.65503,0.0185038
166,0.88,0.656386,0.0184419
167,0.88,0.657725,0.01838
168,0.88,0.659048,0.0183181
169,0.8,0.659882,0.0182285
170,0.8,0.660706,0.0181396
171,0.84,0.661754,0.0180637
172,0.88,0.663023,0.0180032
173,0.8,0.663815,0.0179163
174,0.72,0.664138,0.017816
175,0.68,0.664229,0.0177141
176,0.6,0.663864,0.0176169
177,0.56,0.663277,0.0175269
178,0.56,0.662697,0.0174379
179,0.6,0.662346,0.0173437
180,0.64,0.662222,0.0172475
181,0.68,0.66232,0.0171522
182,0.52,0.661538,0.0170757
183,0.48,0.660546,0.017011
184,0.52,0.659783,0.0169356
185,0.6,0.659459,0.0168469
186,0.56,0.658925,0.0167646
187,0.56,0.658396,0.0166831
188,0.56,0.657872,0.0166024
189,0.56,0.657354,0.0165224
190,0.68,0.657474,0.0164356
191,0.72,0.657801,0.0163526
192,0.68,0.657917,0.0162677
193,0.64,0.657824,0.0161834
194,0.64,0.657732,0.0161001
195,0.6,0.657436,0.01602
196,0.6,0.657143,0.0159408
197,0.56,0.65665,0.0158673
198,0.52,0.65596,0.015802
199,0.56,0.655477,0.0157298
200,0.44,0.6544,0.015688
201,0.52,0.653731,0.0156241
202,0.44,0.652673,0.0155825
203,0.56,0.652217,0.0155123
204,0.44,0.651176,0.0154711
205,0.32,0.649561,0.0154799
206,0.32,0.647961,0.0154875
207,0.4,0.646763,0.0154589
208,0.36,0.645385,0.0154461
209,0.2,0.643254,0.015519
210,0.44,0.642286,0.0154752
211,0.56,0.641896,0.0154067
212,0.64,0.641887,0.0153338
213,0.6,0.64169,0.0152629
214,0.6,0.641495,0.0151927
215,0.56,0.641116,0.0151266
216,0.52,0.640556,0.0150668
217,0.52,0.64,0.0150075
218,0.44,0.639083,0.0149667
219,0.52,0.638539,0.0149081
220,0.56,0.638182,0.0148445
221,0.52,0.637647,0.0147868
222,0.56,0.637297,0.0147242
223,0.52,0.636771,0.0146675
224,0.52,0.63625,0.0146112
225,0.4,0.6352,0.0145839
226,0.44,0.634336,0.0145449
227,0.48,0.633656,0.0144967
228,0.64,0.633684,0.014433
229,0.6,0.633537,0.0143705
230,0.64,0.633565,0.014308
231,0.64,0.633593,0.0142459
232,0.6,0.633448,0.0141851
233,0.52,0.632961,0.0141325
234,0.56,0.63265,0.0140754
235,0.52,0.63217,0.0140236
236,0.6,0.632034,0.0139647
237,0.6,0.631899,0.0139063
238,0.52,0.631429,0.0138557
239,0.52,0.630962,0.0138055
240,0.52,0.6305,0.0137557
241,0.52,0.630041,0.0137061
242,0.52,0.629587,0.0136569
243,0.52,0.629136,0.0136081
244,0.52,0.628689,0.0135596
245,0.56,0.628408,0.013507
246,0.52,0.627967,0.0134592
247,0.48,0.627368,0.013418
248,0.52,0.626935,0.0133708
249,0.56,0.626667,0.0133197
250,0.56,0.6264,0.013269
251,0.64,0.626454,0.0132162
252,0.64,0.626508,0.0131637
253,0.64,0.626561,0.0131117
254,0.64,0.626614,0.0130601
255,0.68,0.626824,0.0130104
256,0.64,0.626875,0.0129596
257,0.56,0.626615,0.0129117
258,0.64,0.626667,0.0128617
259,0.64,0.626718,0.012812
260,0.64,0.626769,0.0127628
261,0.64,0.62682,0.0127139
262,0.68,0.627023,0.0126669
263,0.64,0.627072,0.0126187
264,0.56,0.626818,0.0125734
265,0.48,0.626264,0.0125381
266,0.6,0.626165,0.0124913
267,0.52,0.625768,0.0124508
268,0.68,0.62597,0.0124059
269,0.68,0.626171,0.0123613
270,0.56,0.625926,0.0123179
271,0.64,0.625978,0.0122724
272,0.72,0.626324,0.0122321
273,0.76,0.626813,0.0121971
274,0.72,0.627153,0.0121572
275,0.76,0.627636,0.0121226
276,0.72,0.627971,0.0120832
277,0.8,0.628592,0.0120555
278,0.76,0.629065,0.0120213
279,0.64,0.629104,0.0119782
280,0.72,0.629429,0.0119398
281,0.64,0.629466,0.0118973
282,0.76,0.629929,0.0118641
283,0.72,0.630247,0.0118264
284,0.68,0.630423,0.0117859
285,0.6,0.630316,0.011745
286,0.6,0.63021,0.0117043
287,0.56,0.629965,0.0116661
288,0.64,0.63,0.0116255
289,0.64,0.630035,0.0115853
290,0.56,0.629793,0.0115478
291,0.6,0.629691,0.0115085
292,0.64,0.629726,0.0114691
293,0.72,0.630034,0.011434
294,0.76,0.630476,0.0114036
295,0.84,0.631186,0.0113871
296,0.68,0.631351,0.0113497
297,0.84,0.632054,0.0113333
298,0.76,0.632483,0.0113033
299,0.56,0.632241,0.0112681
300,0.68,0.6324,0.0112316
301,0.76,0.632824,0.0112022
302,0.72,0.633113,0.0111688
303,0.68,0.633267,0.0111329
304,0.6,0.633158,0.0110968
305,0.64,0.63318,0.0110604
306,0.72,0.633464,0.0110278
307,0.76,0.633876,0.0109996
308,0.8,0.634416,0.0109771
309,0.72,0.634693,0.010945
310,0.68,0.634839,0.0109106
311,0.64,0.634855,0.0108755
312,0.76,0.635256,0.010848
313,0.72,0.635527,0.0108166
314,0.68,0.635669,0.0107831
315,0.68,0.63581,0.0107497
316,0.68,0.635949,0.0107165
317,0.64,0.635962,0.0106827
318,0.64,0.635975,0.0106491
319,0.6,0.635862,0.0106162
320,0.6,0.63575,0.0105836
321,0.64,0.635763,0.0105506
322,0.64,0.635776,0.0105178
323,0.56,0.635542,0.0104878
324,0.56,0.635309,0.010458
325,0.52,0.634954,0.0104318
326,0.44,0.634356,0.0104169
327,0.48,0.633884,0.0103957
328,0.6,0.63378,0.0103645
329,0.52,0.633435,0.0103387
330,0.6,0.633333,0.0103078
331,0.64,0.633353,0.0102767
332,0.72,0.633614,0.010249
333,0.72,0.633874,0.0102215
334,0.64,0.633892,0.0101908
335,0.6,0.633791,0.0101609
336,0.6,0.63369,0.0101311
337,0.64,0.633709,0.010101
338,0.64,0.633728,0.0100711
339,0.64,0.633746,0.0100413
340,0.6,0.633647,0.0100123
341,0.56,0.633431,0.00998519
342,0.48,0.632982,0.00996605
343,0.4,0.632303,0.00996014
344,0.4,0.631628,0.00995408
345,0.44,0.631072,0.00994072
346,0.48,0.630636,0.00992156
347,0.52,0.630317,0.00989806
348,0.64,0.630345,0.00986962
349,0.56,0.630143,0.00984336
350,0.68,0.630286,0.00981623
351,0.84,0.630883,0.00980644
352,0.84,0.631477,0.00979657
353,0.88,0.632181,0.00979412
354,0.88,0.632881,0.00979147
355,0.8,0.633352,0.00977519
356,0.8,0.63382,0.00975893
357,0.8,0.634286,0.00974268
358,0.88,0.634972,0.00973964
359,0.88,0.635655,0.00973642
360,0.92,0.636444,0.00974141
361,0.88,0.637119,0.00973779
362,0.8,0.637569,0.00972127
363,0.8,0.638017,0.00970478
364,0.84,0.638571,0.00969397
365,0.8,0.639014,0.00967749
366,0.72,0.639235,0.00965355
367,0.72,0.639455,0.00962972
368,0.8,0.639891,0.00961342
369,0.76,0.640217,0.00959286
370,0.76,0.640541,0.00957237
371,0.84,0.641078,0.00956166
372,0.8,0.641505,0.00954549
373,0.68,0.641609,0.00952043
374,0.72,0.641818,0.00949725
375,0.72,0.642027,0.00947418
376,0.8,0.642447,0.00945829
377,0.8,0.642865,0.00944242
378,0.8,0.64328,0.00942658
379,0.76,0.643588,0.00940671
380,0.72,0.643789,0.00938408
381,0.72,0.64399,0.00936156
382,0.68,0.644084,0.00933749
383,0.76,0.644386,0.009318
384,0.68,0.644479,0.00929416
385,0.68,0.644571,0.00927045
386,0.64,0.64456,0.00924641
387,0.48,0.644134,0.00923228
388,0.48,0.643711,0.00921817
389,0.48,0.64329,0.00920407
390,0.56,0.643077,0.00918292
391,0.56,0.642864,0.00916187
392,0.6,0.642755,0.00913912
393,0.52,0.642443,0.00912119
394,0.32,0.641624,0.00913474
395,0.48,0.641215,0.00912077
396,0.52,0.640909,0.00910286
397,0.48,0.640504,0.00908894
398,0.52,0.640201,0.00907113
399,0.64,0.640201,0.00904837
400,0.64,0.6402,0.00902572
401,0.64,0.6402,0.00900318
402,0.64,0.640199,0.00898076
403,0.68,0.640298,0.00895899
404,0.68,0.640396,0.00893733
405,0.72,0.640593,0.0089174
406,0.88,0.641182,0.00891493
407,0.96,0.641966,0.00892743
408,1,0.642843,0.00894865
409,0.92,0.643521,0.00895243
410,0.88,0.644098,0.00894918
411,0.88,0.644672,0.00894581
412,0.84,0.645146,0.00893665
413,0.84,0.645617,0.00892746
414,0.88,0.646184,0.00892385
415,0.92,0.646843,0.00892674
416,1,0.647692,0.00894563
417,1,0.648537,0.00896405
418,1,0.649378,0.00898202
419,1,0.650215,0.00899955
420,1,0.651048,0.00901664
421,1,0.651876,0.0090333
422,1,0.652701,0.00904955
423,1,0.653522,0.00906539
424,1,0.65434,0.00908083
425,1,0.655153,0.00909587
426,1,0.655962,0.00911053
427,1,0.656768,0.00912481
428,1,0.65757,0.00913872
429,1,0.658368,0.00915226
430,1,0.659163,0.00916545
431,1,0.659954,0.00917829
432,1,0.660741,0.00919079
433,1,0.661524,0.00920296
434,1,0.662304,0.00921479
435,1,0.66308,0.0092263
436,1,0.663853,0.00923749
437,1,0.664622,0.00924837
438,1,0.665388,0.00925895
439,1,0.66615,0.00926923
440,1,0.666909,0.00927921
441,1,0.667664,0.0092889
442,1,0.668416,0.00929831
443,1,0.669165,0.00930745
444,1,0.66991,0.00931631
445,1,0.670652,0.0093249
446,1,0.67139,0.00933322
447,0.96,0.672036,0.00933468
448,0.96,0.672679,0.00933597
449,1,0.673408,0.00934364
450,1,0.674133,0.00935106
451,1,0.674856,0.00935824
452,1,0.675575,0.00936518
453,1,0.676291,0.00937188
454,1,0.677004,0.00937836
455,1,0.677714,0.00938461
456,1,0.678421,0.00939065
457,1,0.679125,0.00939646
458,1,0.679825,0.00940206
459,1,0.680523,0.00940745
460,1,0.681217,0.00941264
461,0.96,0.681822,0.00941164
462,1,0.682511,0.00941647
463,1,0.683197,0.0094211
464,1,0.683879,0.00942553
465,1,0.684559,0.00942978
466,1,0.685236,0.00943384
467,1,0.68591,0.00943771
468,1,0.686581,0.00944141
469,1,0.687249,0.00944493
470,1,0.687915,0.00944827
471,1,0.688577,0.00945145
472,1,0.689237,0.00945445
473,1,0.689894,0.00945729
474,1,0.690549,0.00945997
475,1,0.6912,0.00946248
476,1,0.691849,0.00946484
477,1,0.692495,0.00946705
478,1,0.693138,0.0094691
479,1,0.693779,0.009471
480,1,0.694417,0.00947276
481,1,0.695052,0.00947437
482,1,0.695685,0.00947583
483,1,0.696315,0.00947716
484,1,0.696942,0.00947835
485,1,0.697567,0.0094794
486,1,0.698189,0.00948033
487,1,0.698809,0.00948111
488,1,0.699426,0.00948178
489,1,0.700041,0.00948231
490,1,0.700653,0.00948272
491,1,0.701263,0.009483
492,1,0.70187,0.00948317
493,1,0.702475,0.00948321
494,1,0.703077,0.00948314
495,1,0.703677,0.00948295
496,1,0.704274,0.00948265
497,1,0.704869,0.00948224
498,1,0.705462,0.00948172
499,1,0.706052,0.00948109
500,1,0.70664,0.00948036
501,1,0.707226,0.00947952
502,1,0.707809,0.00947857
503,1,0.70839,0.00947753
504,1,0.708968,0.00947639
505,1,0.709545,0.00947515
506,1,0.710119,0.00947381
507,1,0.71069,0.00947237
508,0.92,0.711102,0.00946268
509,0.88,0.711434,0.0094499
510,0.96,0.711922,0.00944394
511,1,0.712485,0.00944229
512,1,0.713047,0.00944054
513,1,0.713606,0.00943871
514,1,0.714163,0.00943679
515,1,0.714718,0.00943479
516,1,0.715271,0.00943271
517,1,0.715822,0.00943054
518,1,0.716371,0.00942829
519,1,0.716917,0.00942596
520,1,0.717462,0.00942355
521,1,0.718004,0.00942107
522,1,0.718544,0.00941851
523,1,0.719082,0.00941588
524,1,0.719618,0.00941317
525,1,0.720152,0.00941039
526,1,0.720684,0.00940754
527,1,0.721214,0.00940461
528,1,0.721742,0.00940162
529,1,0.722268,0.00939857
530,0.92,0.722642,0.00938823
531,0.92,0.723013,0.0093779
532,1,0.723534,0.00937473
533,1,0.724053,0.00937149
534,1,0.724569,0.00936819
535,1,0.725084,0.00936482
536,1,0.725597,0.00936139
537,1,0.726108,0.00935791
538,1,0.726617,0.00935436
539,1,0.727124,0.00935075
540,1,0.72763,0.00934709
541,1,0.728133,0.00934337
542,1,0.728635,0.0093396
543,1,0.729134,0.00933577
544,0.88,0.729412,0.00932272
545,0.76,0.729468,0.00930576
546,0.76,0.729524,0.00928887
547,0.76,0.72958,0.00927204
548,0.68,0.729489,0.00925555
549,0.56,0.72918,0.00924383
550,0.6,0.728945,0.00923
551,0.52,0.728566,0.00922103
552,0.48,0.728116,0.00921532
553,0.6,0.727884,0.00920156
554,0.6,0.727653,0.00918783
555,0.56,0.727351,0.00917624
556,0.6,0.727122,0.00916258
557,0.48,0.726679,0.00915687
558,0.44,0.726165,0.00915488
559,0.36,0.72551,0.00916193
560,0.28,0.724714,0.00918009
561,0.32,0.723993,0.00919207
562,0.4,0.723416,0.00919379
563,0.32,0.7227,0.00920537
564,0.32,0.721986,0.00921674
565,0.4,0.721416,0.00921804
566,0.32,0.720707,0.00922903
567,0.36,0.720071,0.00923468
568,0.36,0.719437,0.00924018
569,0.32,0.718735,0.0092506
570,0.28,0.717965,0.00926638
571,0.36,0.717338,0.00927135
572,0.36,0.716713,0.00927619
573,0.44,0.71623,0.00927257
574,0.48,0.715819,0.00926555
575,0.48,0.715409,0.00925851
576,0.44,0.714931,0.00925478
577,0.36,0.714315,0.00925918
578,0.36,0.713702,0.00926345
579,0.36,0.713092,0.0092676
580,0.28,0.712345,0.00928169
581,0.16,0.711394,0.00931434
582,0.08,0.710309,0.0093614
583,0.24,0.709503,0.00938008
584,0.16,0.708562,0.00941116
585,0.28,0.707829,0.00942358
586,0.32,0.707167,0.00943074
587,0.36,0.706576,0.00943321
588,0.4,0.706054,0.00943158
589,0.2,0.705195,0.00945467
590,0.16,0.704271,0.00948376
591,0.04,0.703147,0.00953418
592,0.04,0.702027,0.00958375
593,0.04,0.700911,0.00963249
594,0.08,0.699865,0.00967291
595,0.04,0.698756,0.00972011
596,0.04,0.697651,0.00976654
597,0.04,0.696549,0.0098122
598,-0.04,0.695318,0.0098729
599,0.04,0.694224,0.00991694
600,0,0.693067,0.00996778
601,0.16,0.69218,0.00999063
602,0.08,0.691163,0.0100257
603,0.16,0.690282,0.0100478
604,0.16,0.689404,0.0100695
605,0.2,0.688595,0.0100853
606,0.16,0.687723,0.0101064
607,0.12,0.686787,0.010133
608,0.2,0.685987,0.0101479
609,0.16,0.685123,0.010168
610,0.16,0.684262,0.0101877
611,0.2,0.68347,0.0102019
612,0.16,0.682614,0.010221
613,0.12,0.681697,0.0102456
614,0.04,0.680651,0.0102821
615,0,0.679545,0.0103249
616,0.08,0.678571,0.0103539
617,0.08,0.677601,0.0103826
618,0.08,0.676634,0.0104108
619,0.12,0.675735,0.0104327
620,0.04,0.67471,0.0104663
621,0.12,0.673816,0.0104875
622,0.12,0.672926,0.0105084
623,0.08,0.671974,0.0105346
624,-0.08,0.670769,0.0105865
625,-0.16,0.66944,0.0106528
626,-0.12,0.668179,0.0107103
627,-0.2,0.666794,0.0107825
628,-0.2,0.665414,0.0108534
629,0,0.664356,0.0108877
630,-0.04,0.663238,0.0109277
631,0.08,0.662314,0.0109495
632,0,0.661266,0.0109822
633,-0.08,0.660095,0.0110272
634,-0.12,0.658864,0.0110784
635,-0.08,0.657701,0.0111219
636,-0.16,0.656415,0.0111786
637,-0.24,0.655008,0.0112494
638,-0.24,0.653605,0.0113191
639,-0.2,0.652269,0.01138
640,-0.2,0.650938,0.01144
641,-0.2,0.64961,0.011499
642,-0.16,0.648349,0.0115501
643,-0.16,0.647092,0.0116005
644,-0.2,0.645776,0.0116569
645,-0.2,0.644465,0.0117124
646,-0.2,0.643158,0.0117671
647,-0.16,0.641917,0.0118143
648,-0.24,0.640556,0.0118743
649,-0.28,0.639137,0.0119406
650,-0.36,0.6376,0.0120209
651,-0.32,0.636129,0.0120922
652,-0.32,0.634663,0.0121624
653,-0.28,0.633262,0.0122242
654,-0.28,0.631865,0.0122852
655,-0.28,0.630473,0.0123451
656,-0.32,0.629024,0.0124112
657,-0.28,0.627641,0.0124693
658,-0.24,0.626322,0.0125199
659,-0.2,0.625068,0.0125636
660,-0.24,0.623758,0.0126129
661,-0.16,0.622572,0.0126495
662,-0.16,0.62139,0.0126856
663,-0.2,0.620151,0.0127268
664,-0.16,0.618976,0.0127619
665,-0.12,0.617865,0.012791
666,-0.08,0.616817,0.0128147
667,-0.12,0.615712,0.0128431
668,-0.16,0.614551,0.0128763
669,-0.08,0.613513,0.0128989
670,-0.08,0.612478,0.0129212
671,-0.04,0.611505,0.0129385
672,-0.12,0.610417,0.012965
673,-0.16,0.609272,0.0129962
674,-0.2,0.608071,0.0130324
675,-0.16,0.606933,0.0130627
676,-0.16,0.605799,0.0130926
677,-0.2,0.604609,0.0131273
678,-0.16,0.603481,0.0131564
679,-0.16,0.602356,0.013185
680,-0.16,0.601235,0.0132133
681,-0.04,0.600294,0.0132274
682,-0.04,0.599355,0.0132413
683,-0.08,0.59836,0.0132593
684,-0.2,0.597193,0.0132912
685,-0.2,0.596029,0.0133227
686,-0.16,0.594927,0.0133489
687,-0.2,0.59377,0.0133796
688,-0.12,0.592733,0.0134003
689,-0.12,0.591698,0.0134208
690,-0.08,0.590725,0.0134366
691,-0.12,0.589696,0.0134565
692,-0.08,0.588728,0.0134719
693,-0.12,0.587706,0.0134912
694,-0.16,0.586628,0.0135148
695,-0.24,0.585439,0.0135476
696,-0.24,0.584253,0.0135801
697,-0.24,0.58307,0.013612
698,-0.28,0.581834,0.0136486
699,-0.28,0.580601,0.0136847
700,-0.32,0.579314,0.0137256
701,-0.28,0.578088,0.0137607
702,-0.2,0.57698,0.0137857
703,-0.16,0.575932,0.013806
704,0,0.575114,0.0138106
705,0.08,0.574411,0.0138089
706,0,0.573598,0.0138133
707,0,0.572786,0.0138176
708,0,0.571977,0.0138217
709,0.08,0.571283,0.0138197
710,0.16,0.570704,0.0138123
711,0.12,0.57007,0.0138075
712,0.04,0.569326,0.0138081
713,0.08,0.56864,0.0138058
714,0.12,0.568011,0.0138008
715,0.12,0.567385,0.0137957
716,0.2,0.566872,0.013786
717,0.2,0.56636,0.0137762
718,0.24,0.565905,0.0137645
719,0.2,0.565396,0.0137548
720,0.2,0.564889,0.0137451
721,0.24,0.564438,0.0137334
722,0.24,0.563989,0.0137217
723,0.32,0.563651,0.0137069
724,0.28,0.56326,0.0136935
725,0.28,0.562869,0.0136802
726,0.32,0.562534,0.0136654
727,0.32,0.562201,0.0136507
728,0.24,0.561758,0.0136391
729,0.2,0.561262,0.0136294
730,0.2,0.560767,0.0136198
731,0.08,0.560109,0.013617
732,0.16,0.559563,0.0136094
733,0.12,0.558963,0.013604
734,0.16,0.55842,0.0135963
735,0.16,0.557878,0.0135886
736,0.08,0.557228,0.0135857
737,0,0.556472,0.0135883
738,-0.04,0.555664,0.0135939
739,-0.12,0.55475,0.0136063
740,-0.16,0.553784,0.0136222
741,-0.12,0.552874,0.0136341
742,-0.08,0.552022,0.0136424
743,0,0.551279,0.0136443
744,0.24,0.55086,0.0136324
745,0.24,0.550443,0.0136204
746,0.32,0.550134,0.0136057
747,0.2,0.549665,0.0135955
748,0.2,0.549198,0.0135854
749,0.24,0.548785,0.0135735
750,0.12,0.548213,0.0135675
751,0.28,0.547856,0.0135541
752,0.16,0.54734,0.0135459
753,0.2,0.546879,0.0135357
754,0.2,0.546419,0.0135256
755,0.24,0.546013,0.0135138
756,0.16,0.545503,0.0135055
757,0.12,0.544941,0.0134994
758,0.12,0.54438,0.0134932
759,0.08,0.543768,0.0134893
760,0.12,0.543211,0.0134831
761,0.24,0.542812,0.0134712
762,0.28,0.542467,0.013458
763,0.32,0.542176,0.0134435
764,0.36,0.541937,0.013428
765,0.24,0.541542,0.0134162
766,0.24,0.541149,0.0134045
767,0.24,0.540756,0.0133928
768,0.24,0.540365,0.013381
769,0.2,0.539922,0.013371
770,0.28,0.539584,0.0133579
771,0.36,0.539351,0.0133425
772,0.44,0.539223,0.0133259
773,0.44,0.539094,0.0133092
774,0.4,0.538915,0.0132933
775,0.44,0.538787,0.0132767
776,0.52,0.538763,0.0132596
777,0.48,0.538687,0.0132427
778,0.52,0.538663,0.0132257
779,0.44,0.538537,0.0132094
780,0.44,0.53841,0.013193
781,0.56,0.538438,0.0131761
782,0.56,0.538465,0.0131593
783,0.64,0.538595,0.0131431
784,0.64,0.538724,0.013127
785,0.64,0.538854,0.0131109
786,0.68,0.539033,0.0130954
787,0.72,0.539263,0.0130808
788,0.68,0.539442,0.0130654
789,0.52,0.539417,0.0130489
790,0.48,0.539342,0.0130326
791,0.44,0.539216,0.0130167
792,0.44,0.539091,0.0130008
793,0.48,0.539016,0.0129846
794,0.36,0.538791,0.0129702
795,0.28,0.538465,0.012958
796,0.28,0.538141,0.0129458
797,0.36,0.537917,0.0129315
798,0.4,0.537744,0.0129164
799,0.52,0.537722,0.0129002
800,0.48,0.53765,0.0128843
801,0.4,0.537478,0.0128694
802,0.52,0.537456,0.0128533
803,0.64,0.537584,0.0128379
804,0.64,0.537711,0.0128226
805,0.52,0.537689,0.0128067
806,0.64,0.537816,0.0127914
807,0.56,0.537844,0.0127756
808,0.64,0.53797,0.0127604
809,0.68,0.538146,0.0127458
810,0.64,0.538272,0.0127307
811,0.64,0.538397,0.0127156
812,0.6,0.538473,0.0127002
813,0.6,0.538549,0.0126848
814,0.64,0.538673,0.0126698
815,0.64,0.538798,0.0126548
816,0.56,0.538824,0.0126393
817,0.52,0.5388,0.0126239
818,0.48,0.538729,0.0126086
819,0.44,0.538608,0.0125938
820,0.48,0.538537,0.0125787
821,0.52,0.538514,0.0125633
822,0.56,0.53854,0.0125481
823,0.52,0.538518,0.0125328
824,0.56,0.538544,0.0125176
825,0.48,0.538473,0.0125027
826,0.48,0.538402,0.0124877
827,0.56,0.538428,0.0124726
828,0.52,0.538406,0.0124576
829,0.52,0.538384,0.0124426
830,0.48,0.538313,0.0124278
831,0.48,0.538243,0.012413
832,0.4,0.538077,0.0123992
833,0.44,0.537959,0.0123849
834,0.48,0.53789,0.0123702
835,0.44,0.537772,0.0123559
836,0.44,0.537656,0.0123417
837,0.52,0.537634,0.012327
838,0.48,0.537566,0.0123124
839,0.52,0.537545,0.0122978
840,0.52,0.537524,0.0122831
841,0.6,0.537598,0.0122687
842,0.6,0.537672,0.0122544
843,0.64,0.537794,0.0122404
844,0.68,0.537962,0.0122271
845,0.68,0.53813,0.0122138
846,0.6,0.538203,0.0121995
847,0.56,0.538229,0.0121852
848,0.6,0.538302,0.012171
849,0.52,0.53828,0.0121567
850,0.48,0.538212,0.0121426
851,0.44,0.538096,0.0121288
852,0.44,0.537981,0.0121151
853,0.52,0.53796,0.0121009
854,0.48,0.537892,0.012087
855,0.48,0.537825,0.012073
856,0.48,0.537757,0.0120591
857,0.52,0.537736,0.012045
858,0.52,0.537716,0.012031
859,0.44,0.537602,0.0120175
860,0.32,0.537349,0.0120062
861,0.28,0.53705,0.011996
862,0.32,0.536798,0.0119847
863,0.28,0.536501,0.0119745
864,0.16,0.536065,0.0119686
865,0.2,0.535676,0.011961
866,0.32,0.535427,0.0119498
867,0.32,0.535179,0.0119386
868,0.32,0.534931,0.0119274
869,0.52,0.534914,0.0119137
870,0.36,0.534713,0.0119017
871,0.24,0.534374,0.0118928
872,0.28,0.534083,0.0118828
873,0.32,0.533837,0.0118717
874,0.36,0.533638,0.0118597
875,0.36,0.53344,0.0118479
876,0.36,0.533242,0.011836
877,0.32,0.532999,0.011825
878,0.32,0.532756,0.011814
879,0.2,0.532378,0.0118066
880,0.24,0.532045,0.0117979
881,0.28,0.531759,0.0117879
882,0.2,0.531383,0.0117806
883,0.12,0.530917,0.0117764
884,0.08,0.530407,0.0117742
885,0.16,0.529989,0.0117683
886,0.2,0.529616,0.0117609
887,0.12,0.529154,0.0117567
888,0.04,0.528604,0.0117564
889,0.04,0.528054,0.011756
890,0.04,0.527506,0.0117556
891,0.04,0.526958,0.0117551
892,-0.12,0.526233,0.0117643
893,-0.04,0.525599,0.0117682
894,0,0.525011,0.0117698
895,0,0.524425,0.0117712
896,-0.04,0.523795,0.0117749
897,0,0.523211,0.0117763
898,0,0.522628,0.0117776
899,0,0.522047,0.0117788
900,0,0.521467,0.01178
901,0,0.520888,0.0117812
902,0.12,0.520443,0.0117765
903,0.16,0.520044,0.0117702
904,0.24,0.519735,0.0117613
905,0.28,0.51947,0.0117513
906,0.24,0.519161,0.0117423
907,0.24,0.518853,0.0117334
908,0.08,0.51837,0.0117304
909,0.08,0.517888,0.0117274
910,0,0.517319,0.0117284
911,0.04,0.516795,0.0117272
912,0.04,0.516272,0.011726
913,0,0.515706,0.0117268
914,-0.04,0.515098,0.0117297
915,0,0.514536,0.0117304
916,0.12,0.514105,0.0117255
917,0.16,0.513719,0.0117191
918,0.12,0.51329,0.0117142
919,0.12,0.512862,0.0117092
920,0.24,0.512565,0.0117003
921,0.24,0.512269,0.0116913
922,0.32,0.512061,0.0116805
923,0.36,0.511896,0.011669
924,0.36,0.511732,0.0116575
925,0.4,0.511611,0.0116455
926,0.48,0.511577,0.011633
927,0.56,0.511629,0.0116205
928,0.6,0.511724,0.0116084
929,0.64,0.511862,0.0115967
930,0.64,0.512,0.0115851
931,0.72,0.512223,0.0115748
932,0.88,0.512618,0.0115691
933,0.84,0.512969,0.011562
934,0.84,0.513319,0.0115549
935,0.84,0.513668,0.0115478
936,0.84,0.514017,0.0115408
937,0.88,0.514408,0.011535
938,0.92,0.51484,0.0115309
939,0.88,0.515229,0.0115251
940,0.96,0.515702,0.0115226
941,0.92,0.516132,0.0115183
942,0.92,0.516561,0.0115141
943,1,0.517073,0.0115133
944,1,0.517585,0.0115125
945,1,0.518095,0.0115116
946,1,0.518605,0.0115107
947,1,0.519113,0.0115098
948,1,0.51962,0.0115088
949,1,0.520126,0.0115078
950,1,0.520632,0.0115068
951,1,0.521136,0.0115057
952,1,0.521639,0.0115046
953,1,0.522141,0.0115035
954,1,0.522642,0.0115024
955,1,0.523141,0.0115012
956,0.96,0.523598,0.0114982
957,0.96,0.524054,0.0114953
958,0.96,0.524509,0.0114923
959,0.92,0.524922,0.0114877
960,0.88,0.525292,0.0114817
961,0.88,0.525661,0.0114756
962,0.88,0.526029,0.0114696
963,0.96,0.52648,0.0114666
964,0.96,0.526929,0.0114635
965,0.96,0.527378,0.0114604
966,0.96,0.527826,0.0114573
967,1,0.528314,0.0114558
968,1,0.528802,0.0114544
969,1,0.529288,0.0114529
970,1,0.529773,0.0114513
971,1,0.530257,0.0114498
972,1,0.530741,0.0114482
973,1,0.531223,0.0114466
974,1,0.531704,0.011445
975,1,0.532185,0.0114433
976,1,0.532664,0.0114416
977,1,0.533142,0.0114399
978,1,0.53362,0.0114382
979,1,0.534096,0.0114364
980,1,0.534571,0.0114346
981,1,0.535046,0.0114328
982,0.96,0.535479,0.0114294
983,1,0.535951,0.0114275
984,1,0.536423,0.0114256
985,1,0.536893,0.0114237
986,1,0.537363,0.0114218
987,1,0.537832,0.0114198
988,1,0.5383,0.0114178
989,1,0.538766,0.0114158
990,1,0.539232,0.0114138
991,1,0.539697,0.0114118
992,1,0.540161,0.0114097
993,1,0.540624,0.0114076
994,1,0.541087,0.0114055
995,1,0.541548,0.0114034
996,1,0.542008,0.0114012
997,1,0.542467,0.011399
998,1,0.542926,0.0113968
999,1,0.543383,0.0113946
1000,1,0.54384,0.0113923
