1,-3.52e-05,-3.52e-05,0
2,-0.00058,-0.0003076,0.0002724
3,0.0001588,-0.000152133,0.000221142
4,0.0017412,0.0003212,0.000498494
5,0.0021392,0.0006848,0.00053038
6,0.0023092,0.000955533,0.000510717
7,0.001502,0.0010336,0.000438637
8,-0.00375,0.00043565,0.000708411
9,0.0005272,0.000445822,0.000624843
10,0.0009836,0.0004996,0.000561458
11,0.003656,0.000786545,0.000583316
12,8.84e-05,0.000728367,0.000535661
13,0.0028756,0.000893538,0.000519683
14,-0.0004912,0.000794629,0.000491195
15,-0.0025812,0.000569573,0.000509659
16,-0.0007172,0.00048915,0.000483478
17,-0.0017268,0.0003588,0.000472485
18,0.0010468,0.000397022,0.0004471
19,0.0002376,0.000388632,0.000422998
20,-0.0019248,0.00027296,0.000417629
1,0.0018932,0.0018932,0
2,0.0040552,0.0029742,0.001081
3,0.0002664,0.0020716,0.00109736
4,0.0009276,0.0017856,0.000826982
5,0.002692,0.00196688,0.000665734
6,0.0007044,0.00175647,0.000582874
7,0.0008228,0.00162309,0.000510356
8,0.0006436,0.00150065,0.000458626
9,-0.0026972,0.00103422,0.000617374
10,0.002938,0.0012246,0.000584093
11,-0.0010048,0.00102193,0.000565872
12,0.0003576,0.000966567,0.000519526
13,0.0002056,0.000908031,0.000481466
14,0.0018132,0.000972686,0.000450415
15,-0.0019728,0.00077632,0.000463016
16,0.0004044,0.000753075,0.000433735
17,-3.76e-05,0.000706565,0.000410069
18,0.001632,0.000757978,0.000390021
19,0.0006932,0.000754568,0.000368938
20,-0.0040796,0.00051286,0.000425355
1,-0.0013356,-0.0013356,0
2,0.002914,0.0007892,0.0021248
3,0.0046456,0.00207467,0.00177689
4,-0.0013372,0.0012217,0.00151863
5,-0.0035712,0.00026312,0.00151744
6,0.0025664,0.000647,0.00129709
7,-0.001026,0.000408,0.00112199
8,0.0011996,0.00050695,0.000976698
9,-0.00369,4.06222e-05,0.000979497
10,-0.0035572,-0.00031916,0.000947087
11,-0.0018568,-0.000458945,0.000868002
12,0.0031172,-0.000160933,0.000846562
13,-0.003518,-0.000419169,0.000820425
14,-0.002264,-0.000550943,0.000770911
15,-0.0003512,-0.000537627,0.000717803
16,-0.0013672,-0.000589475,0.000673442
17,0.0003764,-0.000532659,0.000635135
18,0.0007868,-0.000459356,0.000603281
19,-0.0007912,-0.000476821,0.000570914
20,-0.0003704,-0.0004715,0.000541643
1,-0.0021048,-0.0021048,0
2,0.000274,-0.0009154,0.0011894
3,-0.0022056,-0.00134547,0.000810256
4,0.0028324,-0.000301,0.00119129
5,0.0022832,0.00021584,0.00105765
6,-0.0021124,-0.0001722,0.000946744
7,0.0003384,-9.92571e-05,0.000803463
8,0.001304,7.615e-05,0.000717588
9,0.0023068,0.000324,0.000679656
10,-0.0031784,-2.624e-05,0.00070158
11,0.0012352,8.84364e-05,0.000644881
12,-0.0010956,-1.02333e-05,0.000596905
13,0.0003264,1.56615e-05,0.000549683
14,-0.0006828,-3.42286e-05,0.000511347
15,-0.0009316,-9.40533e-05,0.000479782
16,-0.0009212,-0.00014575,0.000451763
17,-0.0030876,-0.0003188,0.000458285
18,0.0024088,-0.000167267,0.000457877
19,0.0018832,-5.93474e-05,0.000446352
20,0.0016976,2.85e-05,0.000432463
1,0.0007356,0.0007356,0
2,-0.0014516,-0.000358,0.0010936
3,0.000106,-0.000203333,0.000650058
4,0.0027328,0.0005307,0.000866079
5,-0.0001212,0.00040032,0.000683414
6,0.0015612,0.0005938,0.000590596
7,0.000802,0.000623543,0.00050003
8,0.0011544,0.0006899,0.000438094
9,-0.0026396,0.000319956,0.000534916
10,-0.0012648,0.00016148,0.000504006
11,-0.0034984,-0.000171236,0.00056439
12,0.0005512,-0.000111033,0.000518721
13,0.0008436,-3.76e-05,0.000482772
14,-0.0014928,-0.000141543,0.000458887
15,0.0003424,-0.00010928,0.000428417
16,0.0011616,-2.985e-05,0.000408543
17,0.0024976,0.000118824,0.000411552
18,-0.0046144,-0.000144133,0.000468724
19,-0.00363,-0.0003276,0.000479829
20,0.003014,-0.00016052,0.0004849
1,0.0023492,0.0023492,0
2,-0.0015824,0.0003834,0.0019658
3,0.0015068,0.000757867,0.00119514
4,0.0031116,0.0013463,0.00102977
5,0.0008224,0.00124152,0.00080451
6,0.0002396,0.00107453,0.000677772
7,0.0022948,0.00124886,0.00059876
8,0.0016836,0.0013032,0.000521381
9,-2.4e-06,0.00115813,0.000482156
10,-0.0021152,0.0008308,0.000541412
11,0.0020476,0.000941418,0.000502063
12,0.002216,0.00104763,0.000470465
13,0.0017764,0.00110369,0.000436381
14,8.72e-05,0.00103109,0.000410483
15,0.001154,0.00103928,0.000382226
16,0.0004528,0.00100263,0.000359414
17,-0.0019064,0.000831506,0.000378501
18,-0.0001336,0.000777889,0.000360859
19,-0.0013604,0.000665347,0.000359413
20,0.0015548,0.00070982,0.000343857
1,0.0012056,0.0012056,0
2,-0.0013832,-8.88e-05,0.0012944
3,0.0016352,0.000485867,0.000942726
4,-0.0019324,-0.0001187,0.000899926
5,-0.0039992,-0.0008948,0.00104319
6,-0.002848,-0.00122033,0.000911851
7,-0.0013852,-0.00124389,0.000771015
8,-0.0049788,-0.00171075,0.000814745
9,0.001704,-0.00133133,0.00081256
10,-0.0004444,-0.00124264,0.000732168
11,0.0024484,-0.000907091,0.000742425
12,0.0015768,-0.0007001,0.000708643
13,-0.0007484,-0.000703815,0.000651867
14,0.0018796,-0.000519286,0.000631093
15,-0.003976,-0.000749733,0.000631094
16,-0.0031944,-0.000902525,0.000609787
17,0.0021432,-0.000723365,0.000600161
18,-0.002426,-0.000817956,0.000573689
19,0.00539,-0.000491221,0.000633427
20,0.0052496,-0.00020418,0.000665958
1,-0.0042732,-0.0042732,0
2,0.000928,-0.0016726,0.0026006
3,0.000988,-0.000785733,0.00174382
4,-0.0044476,-0.0017012,0.00153575
5,0.0018792,-0.00098512,0.00138848
6,0.0028612,-0.000344067,0.00130239
7,0.002194,1.85143e-05,0.0011589
8,0.0045744,0.000588,0.00115395
9,0.0021536,0.000761956,0.00103245
10,0.002838,0.00096956,0.000946497
11,0.0033128,0.00118258,0.000882243
12,0.0004972,0.00112547,0.000807396
13,-0.0003724,0.00101025,0.000751581
14,0.001182,0.00102251,0.000695937
15,-0.0024948,0.000788027,0.000689011
16,0.0026632,0.000905225,0.000655079
17,0.000392,0.000875035,0.00061608
18,-0.0037636,0.000617333,0.000635447
19,0.0021956,0.0007004,0.000606785
20,0.0041796,0.00087436,0.000601358
1,-0.0003512,-0.0003512,0
2,-0.0013152,-0.0008332,0.000482
3,0.0001564,-0.000503333,0.000431571
4,0.0002584,-0.0003129,0.00035971
5,0.0012008,-1.016e-05,0.000411444
6,0.0042972,0.000707733,0.000792609
7,-0.003856,5.57714e-05,0.000934767
8,0.0014608,0.0002314,0.000828364
9,-0.0004996,0.000150178,0.00073505
10,-0.0020248,-6.732e-05,0.000692491
11,-0.000762,-0.000130473,0.000629557
12,0.0012872,-1.23333e-05,0.000586722
13,0.0009204,5.94154e-05,0.000544454
14,0.0027208,0.000249514,0.000538721
15,0.0018,0.00035288,0.000512063
16,-0.0055264,-1.4575e-05,0.000603702
17,0.0015396,7.68471e-05,0.000574401
18,0.002112,0.000189911,0.000553227
19,0.0029832,0.000336926,0.00054356
20,0.0070688,0.00067352,0.000615798
1,0.0009164,0.0009164,0
2,-0.0003324,0.000292,0.0006244
3,0.0014512,0.0006784,0.000528454
4,-0.0025016,-0.0001166,0.00087844
5,0.0043632,0.00077936,0.00112505
6,0.0053248,0.00153693,0.00119069
7,0.0017404,0.001566,0.00100674
8,-0.0035872,0.00092185,0.00108401
9,-0.0029728,0.000489111,0.00104938
10,0.0021832,0.00065852,0.000953763
11,0.0059244,0.00113724,0.00098663
12,-0.0005912,0.0009932,0.000912111
13,-0.0006676,0.000865446,0.00084869
14,-0.0022972,0.000639543,0.000817564
15,-0.00158,0.000491573,0.000775361
16,-0.0007948,0.000411175,0.000729726
17,-0.0078876,-7.69882e-05,0.00084152
18,0.001652,1.90667e-05,0.000799187
19,-0.0046956,-0.000229074,0.000795639
20,0.0015096,-0.00014214,0.000759799
1,-0.0035816,-0.0035816,0
2,0.0012252,-0.0011782,0.0024034
3,0.0002652,-0.000697067,0.00146865
4,0.006746,0.0011637,0.00213094
5,-0.002626,0.00040576,0.00181632
6,0.007558,0.0015978,0.00190271
7,0.0062648,0.00226451,0.00174082
8,-0.0011476,0.001838,0.00156676
9,0.001816,0.00183556,0.00138176
10,0.0038644,0.00203844,0.00125242
11,-0.0047844,0.00141818,0.00129155
12,0.002594,0.00151617,0.00118308
13,0.0002004,0.00141495,0.00109297
14,-0.0017304,0.00119029,0.00103654
15,-0.0035176,0.000876427,0.00101472
16,-0.0002568,0.0008056,0.000951824
17,0.0011364,0.000825059,0.000894295
18,-0.0034152,0.000589489,0.000875439
19,0.0004448,0.000581874,0.000828118
20,0.0039588,0.00075072,0.000803561
1,0.0078664,0.0078664,0
2,0.0045912,0.0062288,0.0016376
3,0.0110508,0.00783613,0.00186479
4,-0.0015856,0.0054807,0.0026994
5,-0.001484,0.00408776,0.00251244
6,-0.014796,0.000940467,0.00375682
7,-0.0033336,0.000329886,0.00323327
8,0.0035392,0.00073105,0.00282868
9,0.0027784,0.000958533,0.00250501
10,-0.0038116,0.00048152,0.00229077
11,-0.004632,1.66545e-05,0.00212358
12,0.0020088,0.000182667,0.00194565
13,-0.0088608,-0.000512985,0.00192018
14,0.0050036,-0.000118943,0.00182089
15,-0.0021376,-0.00025352,0.00170049
16,-0.0063944,-0.000637325,0.00163631
17,-0.0041944,-0.000846565,0.00155122
18,-0.0008448,-0.000846467,0.00146251
19,0.0001636,-0.000793305,0.00138441
20,-0.0023016,-0.00086872,0.00131553
1,-0.001952,-0.001952,0
2,-0.0017448,-0.0018484,0.0001036
3,0.002476,-0.000406933,0.00144271
4,0.0015568,8.4e-05,0.00113213
5,-0.0005024,-3.328e-05,0.000884751
6,-0.0021832,-0.0003916,0.000806381
7,0.005148,0.000399771,0.00104438
8,0.0013352,0.0005167,0.000911988
9,0.0070576,0.00124347,0.00108401
10,0.0081036,0.00192948,0.00118772
11,0.0047624,0.00218702,0.00110477
12,-0.002464,0.00179943,0.00108043
13,-0.0027012,0.00145323,0.00105242
14,0.00135,0.00144586,0.000974381
15,-0.0039236,0.00108789,0.000975175
16,-0.0015112,0.00092545,0.000926544
17,0.0088728,0.00139294,0.000987944
18,-0.0056936,0.000999244,0.00101123
19,0.0011484,0.00100709,0.000956558
20,-0.001846,0.00086444,0.000918615
1,0.000762,0.000762,0
2,-0.0028548,-0.0010464,0.0018084
3,0.000862,-0.000410267,0.00122261
4,-0.0059752,-0.0018015,0.00163796
5,0.0064588,-0.00014944,0.00208304
6,0.0013992,0.000108667,0.00172027
7,-8e-06,9.2e-05,0.00145399
8,-0.0012324,-7.355e-05,0.00127003
9,-0.0028316,-0.00038,0.00116122
10,-0.0032584,-0.00066784,0.00107778
11,0.0040892,-0.000235382,0.0010665
12,0.0167252,0.001178,0.00171625
13,-0.0070896,0.000542031,0.001702
14,0.0048144,0.0008472,0.00160502
15,-0.00192,0.00066272,0.00150554
16,-0.0089396,6.2575e-05,0.00153085
17,-0.0060168,-0.000295035,0.00148178
18,-0.0108952,-0.000883933,0.00151609
19,-0.0106552,-0.00139821,0.0015235
20,-0.0016772,-0.00141216,0.00144538
1,0.0062268,0.0062268,0
2,-0.0059064,0.0001602,0.0060666
3,-0.0096468,-0.0031088,0.00479106
4,0.0080924,-0.0003085,0.00439532
5,-0.0091204,-0.00207088,0.0038337
6,-0.0053052,-0.00260993,0.00317628
7,0.0130076,-0.000378857,0.00349055
8,-0.0024704,-0.0006403,0.00303419
9,0.0027232,-0.000266578,0.00270188
10,0.0168276,0.00144284,0.0029601
11,-0.0130144,0.000128545,0.00298269
12,0.0059892,0.000616933,0.00276627
13,-0.0013656,0.000464431,0.00254916
14,-0.0001456,0.000420857,0.00236047
15,0.0081596,0.000936773,0.00225723
16,0.0087412,0.00142455,0.00216705
17,-0.0014032,0.00125821,0.00204238
18,0.0069024,0.00157178,0.00195093
19,-0.0022572,0.00137025,0.00185637
20,0.0048412,0.0015438,0.00176964
1,-0.0049852,-0.0049852,0
2,-0.003446,-0.0042156,0.0007696
3,-0.015142,-0.00785773,0.00366914
4,-0.003502,-0.0067688,0.00281373
5,0.0036736,-0.00468032,0.00301861
6,0.0038944,-0.0032512,0.00284904
7,0.0030072,-0.00235714,0.00256851
8,-0.0115576,-0.0035072,0.00250411
9,-0.0076124,-0.00396333,0.00225503
10,-0.0077124,-0.00433824,0.00205151
11,0.0049888,-0.00349033,0.0020402
12,0.0031084,-0.00294043,0.00194192
13,0.006532,-0.00221178,0.0019292
14,0.0110068,-0.0012676,0.0020203
15,-0.0058908,-0.00157581,0.00190589
16,0.00697,-0.0010417,0.00186108
17,0.0122076,-0.000262329,0.00191404
18,-0.020912,-0.00140953,0.00213836
19,0.0001556,-0.00132716,0.00202436
20,0.0076604,-0.00087778,0.00197235
1,-0.007016,-0.007016,0
2,-0.007966,-0.007491,0.000475
3,-0.0024456,-0.0058092,0.00170401
4,-0.0205528,-0.0094951,0.00387785
5,0.0041944,-0.0067572,0.00406432
6,0.0030264,-0.0051266,0.00369748
7,-0.0203372,-0.00729954,0.00380617
8,0.0036656,-0.0059289,0.00356985
9,0.0055284,-0.00465587,0.00339595
10,0.0017196,-0.00401832,0.00310362
11,-0.0396336,-0.00725607,0.00428534
12,0.0128856,-0.0055776,0.00425684
13,0.00575,-0.00470625,0.00401151
14,-0.011892,-0.00521951,0.00374923
15,0.0177676,-0.00368704,0.00381195
16,-0.0014244,-0.00354563,0.00356856
17,-0.0065064,-0.00371979,0.0033566
18,0.00993,-0.00296147,0.00325422
19,-0.02244,-0.00398665,0.00324441
20,-0.0095672,-0.00426568,0.00309054
1,0.0091692,0.0091692,0
2,0.0067004,0.0079348,0.0012344
3,-0.0019972,0.00462413,0.00338651
4,0.0297744,0.0109117,0.00672813
5,-0.0069256,0.00734424,0.00631565
6,0.0008572,0.00626307,0.00526883
7,-0.0332556,0.000617543,0.00719033
8,0.0154692,0.002474,0.00649785
9,-0.014048,0.000638222,0.00601743
10,0.0329896,0.00387336,0.00627963
11,-0.0254232,0.00121004,0.00627353
12,-0.02912,-0.00131747,0.00625987
13,0.0223004,0.000499292,0.00603804
14,0.0069588,0.000960686,0.00560915
15,0.0040208,0.00116469,0.00522582
16,-0.0180892,-3.8675e-05,0.00503425
17,0.0143652,0.000808612,0.00480416
18,-0.005452,0.0004608,0.00454274
19,0.0335124,0.00220036,0.00463576
20,0.0113216,0.00265642,0.00442145
1,-0.0057824,-0.0057824,0
2,-0.0049536,-0.005368,0.0004144
3,3.2e-06,-0.0035776,0.00180632
4,-0.0067212,-0.0043635,0.00149968
5,0.0053076,-0.00242928,0.00225624
6,0.0460064,0.00564333,0.00828015
7,-0.0530504,-0.00274149,0.0109214
8,0.0159728,-0.0004022,0.00974321
9,0.0094064,0.000687644,0.00866154
10,0.0225932,0.0028782,0.00805086
11,-0.071572,-0.00389,0.00994184
12,-0.052562,-0.007946,0.00994072
13,0.0201488,-0.00578486,0.00939605
14,0.017262,-0.00413866,0.00885344
15,-0.0442792,-0.00681469,0.00866565
16,-0.0377764,-0.0087498,0.00833375
17,0.0305908,-0.00643565,0.00816309
18,-0.047912,-0.00873989,0.00803377
19,-0.03866,-0.0103146,0.00776064
20,0.0094368,-0.00932706,0.00742833
1,-0.0031204,-0.0031204,0
2,0.093088,0.0449838,0.0481042
3,0.100046,0.0633377,0.0332897
4,-0.0066912,0.0458305,0.0293361
5,0.008322,0.0383288,0.0239299
6,-0.0081968,0.0305745,0.0210211
7,0.0376432,0.0315843,0.0177948
8,-0.032994,0.023512,0.0173969
9,0.021086,0.0232425,0.015345
10,-0.0406764,0.0168506,0.0151404
11,-0.074034,0.00858836,0.0159943
12,0.0315704,0.0105035,0.0147258
13,0.0754428,0.0154989,0.0144375
14,0.0086832,0.015012,0.0133754
15,0.003222,0.014226,0.0124766
16,-0.0488472,0.0102839,0.0123186
17,0.0472052,0.0124558,0.0117733
18,-0.0555168,0.00867953,0.0117248
19,-0.01809,0.00727061,0.0111797
20,0.009158,0.00736498,0.0106064
1,0.0606944,0.0606944,0
2,0.150159,0.105427,0.0447322
3,0.108976,0.10661,0.0258532
4,0.0099204,0.0824375,0.0303067
5,0.273889,0.120728,0.0449138
6,-0.0537584,0.0916468,0.0468032
7,0.246688,0.113796,0.0453348
8,0.164081,0.120081,0.039761
9,-0.0386104,0.102449,0.0392495
10,-0.0080796,0.091396,0.0368047
11,0.131614,0.0950522,0.0334912
12,-0.0303744,0.0846,0.0323105
13,-0.152504,0.0663612,0.0348714
14,0.0044804,0.0619411,0.0325858
15,-0.050842,0.0544223,0.0312536
16,0.0138924,0.0518892,0.0293446
17,0.129302,0.0564428,0.0279381
18,0.096856,0.058688,0.0264358
19,0.0858152,0.0601157,0.0250465
20,-0.231943,0.0455128,0.0278898
