1,1.36799,1.36799,0
2,1.38861,1.3783,0.010307
3,1.37916,1.37859,0.0059577
4,1.38693,1.38067,0.00470096
5,1.38325,1.38119,0.00367778
6,1.3618,1.37796,0.00441137
7,1.38189,1.37852,0.00377041
8,1.38494,1.37932,0.00336234
9,1.37692,1.37905,0.00297729
10,1.37205,1.37835,0.00275358
11,1.38666,1.37911,0.00260271
12,1.38605,1.37969,0.00244542
13,1.35881,1.37808,0.00276393
14,1.3613,1.37688,0.00282589
15,1.38579,1.37748,0.00269692
16,1.39319,1.37846,0.0027072
17,1.36402,1.37761,0.00268098
18,1.37731,1.37759,0.00252771
19,1.388,1.37814,0.00245295
20,1.36517,1.37749,0.00241579
1,1.49535,1.49535,0
2,1.50481,1.50008,0.00473122
3,1.50363,1.50126,0.00297766
4,1.49718,1.50024,0.00233981
5,1.47921,1.49604,0.00457977
6,1.48699,1.49453,0.00403172
7,1.48829,1.49364,0.00352208
8,1.49653,1.494,0.00307163
9,1.4801,1.49246,0.00311816
10,1.48237,1.49145,0.0029659
11,1.49014,1.49133,0.0026854
12,1.48362,1.49069,0.00253423
13,1.46214,1.48849,0.0032027
14,1.4741,1.48746,0.0031383
15,1.48928,1.48758,0.00292411
16,1.49341,1.48795,0.00275944
17,1.48884,1.488,0.00259258
18,1.47404,1.48722,0.00256433
19,1.49678,1.48773,0.00247717
20,1.48828,1.48775,0.00235021
1,1.61487,1.61487,0
2,1.61107,1.61297,0.00190205
3,1.60944,1.6118,0.00160859
4,1.60948,1.61122,0.00127587
5,1.62167,1.61331,0.00231217
6,1.60732,1.61231,0.00213548
7,1.62741,1.61447,0.00281314
8,1.6084,1.61371,0.0025515
9,1.61243,1.61357,0.00225471
10,1.62365,1.61458,0.0022545
11,1.61556,1.61466,0.00204123
12,1.60767,1.61408,0.00195251
13,1.60634,1.61349,0.00189216
14,1.62042,1.61398,0.00182038
15,1.61882,1.6143,0.00172515
16,1.633,1.61547,0.00199248
17,1.61572,1.61549,0.00187166
18,1.62059,1.61577,0.00178728
19,1.62543,1.61628,0.00176531
20,1.61232,1.61608,0.00168639
1,1.76226,1.76226,0
2,1.76673,1.76449,0.00223504
3,1.7493,1.75943,0.00522608
4,1.77796,1.76406,0.00592604
5,1.7468,1.76061,0.00574425
6,1.76892,1.76199,0.00489035
7,1.75385,1.76083,0.00429362
8,1.75545,1.76016,0.00377868
9,1.7658,1.76079,0.00339087
10,1.76679,1.76139,0.00309176
11,1.79234,1.7642,0.00396712
12,1.7643,1.76421,0.00362148
13,1.775,1.76504,0.0034332
14,1.76962,1.76537,0.00319535
15,1.75444,1.76464,0.00306252
16,1.79254,1.76638,0.00335393
17,1.76587,1.76635,0.00315061
18,1.78463,1.76737,0.00313917
19,1.78345,1.76821,0.00308771
20,1.78413,1.76901,0.00303539
1,1.96674,1.96674,0
2,1.93522,1.95098,0.0157624
3,1.93471,1.94556,0.0105941
4,1.91246,1.93728,0.0111617
5,1.92942,1.93571,0.00878765
6,1.93302,1.93526,0.00718907
7,1.95367,1.93789,0.00662057
8,1.95248,1.93971,0.00601682
9,1.96558,1.94259,0.00603452
10,1.96302,1.94463,0.00577106
11,1.98664,1.94845,0.00646794
12,1.93994,1.94774,0.00594687
13,1.9322,1.94655,0.00559938
14,1.93515,1.94573,0.00524758
15,1.92476,1.94433,0.00508136
16,1.94293,1.94425,0.00475399
17,1.95543,1.9449,0.00451377
18,1.94821,1.94509,0.00425959
19,1.92537,1.94405,0.00416069
20,1.95782,1.94474,0.00400681
1,2.15333,2.15333,0
2,2.14164,2.14749,0.00584738
3,2.13078,2.14192,0.00651103
4,2.13486,2.14015,0.00493059
5,2.16868,2.14586,0.00686631
6,2.16932,2.14977,0.00683503
7,2.17517,2.1534,0.00682144
8,2.17746,2.15641,0.00662945
9,2.14261,2.15487,0.00604415
10,2.15266,2.15465,0.00541058
11,2.17726,2.15671,0.00530828
12,2.16312,2.15724,0.00487512
13,2.15469,2.15704,0.00448877
14,2.17515,2.15834,0.00435231
15,2.11478,2.15543,0.00498505
16,2.14524,2.1548,0.00470643
17,2.19003,2.15687,0.00488254
18,2.18231,2.15828,0.00481542
19,2.15929,2.15834,0.00455524
20,2.17495,2.15917,0.00440059
1,2.38423,2.38423,0
2,2.39051,2.38737,0.00314297
3,2.41025,2.395,0.00783898
4,2.3876,2.39315,0.00584314
5,2.42725,2.39997,0.00818599
6,2.41174,2.40193,0.00696583
7,2.38281,2.3992,0.00648963
8,2.40103,2.39943,0.00562485
9,2.45034,2.40508,0.00752373
10,2.4114,2.40572,0.00675904
11,2.41574,2.40663,0.00618131
12,2.37528,2.40402,0.006218
13,2.41948,2.40521,0.0058422
14,2.41625,2.40599,0.00546601
15,2.43481,2.40791,0.00543909
16,2.42722,2.40912,0.00522896
17,2.44067,2.41098,0.00525068
18,2.40592,2.4107,0.00495836
19,2.35843,2.40795,0.00543736
20,2.42878,2.40899,0.00526244
1,2.72043,2.72043,0
2,2.72739,2.72391,0.00348149
3,2.69063,2.71282,0.0112738
4,2.71343,2.71297,0.00797326
5,2.70633,2.71164,0.00631717
6,2.71349,2.71195,0.00516716
7,2.70006,2.71025,0.00468588
8,2.6933,2.70813,0.00457812
9,2.72671,2.7102,0.00453454
10,2.69252,2.70843,0.00442442
11,2.772,2.71421,0.00702988
12,2.74655,2.7169,0.00696019
13,2.64718,2.71154,0.00835205
14,2.70542,2.7111,0.00774483
15,2.68939,2.70966,0.00735386
16,2.69927,2.70901,0.00690945
17,2.74579,2.71117,0.00684146
18,2.72919,2.71217,0.00652742
19,2.69554,2.7113,0.00623605
20,2.70796,2.71113,0.00591839
1,3.09,3.09,0
2,3.07614,3.08307,0.006932
3,3.04022,3.06879,0.0148321
4,3.06854,3.06873,0.010488
5,3.07949,3.07088,0.00840454
6,3.04406,3.06641,0.0081895
7,3.06526,3.06625,0.00692333
8,3.06456,3.06604,0.00599948
9,3.07796,3.06736,0.00545436
10,3.09234,3.06986,0.00548072
11,3.08688,3.07141,0.0051935
12,3.10912,3.07455,0.00568791
13,3.02962,3.07109,0.00627039
14,3.07421,3.07131,0.00580952
15,3.0779,3.07175,0.00542615
16,3.05613,3.07078,0.00516874
17,3.1678,3.07648,0.00749292
18,3.15565,3.08088,0.00832159
19,3.04918,3.07921,0.00804633
20,3.04082,3.07729,0.0078711
1,3.54663,3.54663,0
2,3.55242,3.54952,0.00289509
3,3.63222,3.57709,0.0276161
4,3.43244,3.54093,0.0410975
5,3.61442,3.55563,0.0350638
6,3.56353,3.55694,0.0286598
7,3.54783,3.55564,0.024257
8,3.56753,3.55713,0.0210597
9,3.53789,3.55499,0.0186954
10,3.58103,3.55759,0.0169232
11,3.57894,3.55953,0.0154301
12,3.53702,3.55766,0.0142101
13,3.53539,3.55595,0.0131831
14,3.64621,3.56239,0.0138033
15,3.61787,3.56609,0.0133718
16,3.52702,3.56365,0.0127443
17,3.55711,3.56327,0.0119773
18,3.55371,3.56273,0.0113048
19,3.53451,3.56125,0.010796
20,3.58155,3.56226,0.0102922
1,4.12394,4.12394,0
2,4.19556,4.15975,0.0358131
3,4.12179,4.1471,0.0242404
4,4.1222,4.14087,0.018236
5,4.18167,4.14903,0.016313
6,4.15265,4.14964,0.0133331
7,4.1766,4.15349,0.0119085
8,4.12752,4.15024,0.0108118
9,4.18243,4.15382,0.0101839
10,4.11227,4.14966,0.0100114
11,4.2177,4.15585,0.0109662
12,4.19938,4.15948,0.0106477
13,4.26422,4.16753,0.0126825
14,4.24397,4.17299,0.0129489
15,4.1859,4.17385,0.0120854
16,4.21975,4.17672,0.0116632
17,4.15056,4.17518,0.0110632
18,4.28137,4.18108,0.0119832
19,4.11183,4.17744,0.0119066
20,4.09074,4.1731,0.0120988
1,4.86321,4.86321,0
2,4.96463,4.91392,0.0507088
3,5.08173,4.96986,0.0631348
4,5.03046,4.98501,0.0471435
5,4.99882,4.98777,0.0366216
6,4.97313,4.98533,0.0300008
7,4.96521,4.98246,0.0255177
8,4.96758,4.9806,0.0221771
9,4.96724,4.97911,0.0196146
10,4.94658,4.97586,0.0178428
11,4.87819,4.96698,0.0184204
12,5.0659,4.97522,0.0187274
13,5.01504,4.97829,0.0174969
14,4.93213,4.97499,0.016531
15,4.83111,4.9654,0.018134
16,5.03306,4.96963,0.0174821
17,4.88234,4.96449,0.0172055
18,4.9498,4.96368,0.0162421
19,4.95263,4.96309,0.0153745
20,4.94721,4.9623,0.0146071
1,6.08244,6.08244,0
2,6.07837,6.08041,0.00203455
3,6.13354,6.09812,0.0177498
4,5.96465,6.06475,0.0356484
5,5.95522,6.04285,0.0352473
6,6.06237,6.0461,0.0289626
7,6.15687,6.06192,0.0291478
8,6.15597,6.07368,0.0278457
9,6.04546,6.07054,0.024757
10,6.04485,6.06797,0.0222919
11,5.92348,6.05484,0.024065
12,6.10174,6.05875,0.0223132
13,6.25668,6.07397,0.0255558
14,6.08276,6.0746,0.0236684
15,5.93551,6.06533,0.0239058
16,6.04953,6.06434,0.0223836
17,6.19639,6.07211,0.0224148
18,6.1008,6.0737,0.0211929
19,6.00801,6.07024,0.0203425
20,6.05297,6.06938,0.0193179
1,7.51166,7.51166,0
2,7.65139,7.58153,0.0698658
3,7.82704,7.66336,0.0912381
4,7.62145,7.65289,0.0653603
5,7.65387,7.65308,0.0506283
6,7.4676,7.62217,0.0516184
7,7.59429,7.61819,0.0438069
8,7.64266,7.62125,0.038061
9,7.507,7.60855,0.0358867
10,7.5592,7.60362,0.0324752
11,7.78754,7.62034,0.0338002
12,7.8344,7.63818,0.0356407
13,8.0287,7.66822,0.0444661
14,7.72887,7.67255,0.0413949
15,7.42721,7.65619,0.0418639
16,7.61301,7.65349,0.039253
17,7.75878,7.65969,0.0373882
18,7.37743,7.64401,0.0385804
19,7.54577,7.63884,0.0368579
20,7.85625,7.64971,0.0366173
1,9.53418,9.53418,0
2,9.85505,9.69461,0.160435
3,9.97146,9.7869,0.130751
4,9.89493,9.81391,0.0963197
5,9.86697,9.82452,0.07536
6,9.43186,9.75908,0.089827
7,9.81365,9.76687,0.0763169
8,9.58687,9.74437,0.0698174
9,9.83294,9.75421,0.0623547
10,9.74296,9.75309,0.0557831
11,9.80437,9.75775,0.0506726
12,9.90219,9.76979,0.047798
13,10.0089,9.78818,0.0476599
14,9.59427,9.77433,0.0462472
15,9.74542,9.7724,0.0430969
16,9.86236,9.77802,0.0407037
17,9.87298,9.78361,0.0386403
18,9.71951,9.78005,0.036604
19,9.68854,9.77523,0.0349573
20,9.97662,9.7853,0.0346584
1,13.203,13.203,0
2,12.9085,13.0557,0.147249
3,12.5742,12.8952,0.18164
4,13.1732,12.9647,0.146033
5,12.8562,12.943,0.115179
6,12.9303,12.9409,0.0940671
7,12.9782,12.9462,0.0796799
8,13.3154,12.9924,0.0830132
9,13.1482,13.0097,0.0752296
10,12.659,12.9746,0.0758747
11,13.3815,13.0116,0.0779657
12,13.1621,13.0241,0.0722686
13,13.3837,13.0518,0.0720025
14,13.2554,13.0663,0.0682289
15,12.9541,13.0589,0.0639566
16,12.9985,13.0551,0.0599446
17,13.7973,13.0987,0.0712517
18,12.5994,13.071,0.0726804
19,13.042,13.0695,0.0687657
20,13.6203,13.097,0.0708121
1,18.6714,18.6714,0
2,18.5117,18.5916,0.07985
3,18.4232,18.5354,0.0726306
4,19.5082,18.7786,0.248565
5,18.2862,18.6801,0.216266
6,18.4968,18.6496,0.179206
7,18.64,18.6482,0.151463
8,19.6149,18.7691,0.178346
9,17.4858,18.6265,0.212292
10,18.6907,18.6329,0.189988
11,18.7124,18.6401,0.172002
12,18.8358,18.6564,0.15786
13,19.1336,18.6931,0.149777
14,18.6692,18.6914,0.138677
15,18.3846,18.671,0.130712
16,18.7293,18.6746,0.122324
17,19.2132,18.7063,0.119191
18,18.677,18.7047,0.112386
19,18.6869,18.7037,0.106311
20,19.1133,18.7242,0.102913
1,28.4976,28.4976,0
2,28.4068,28.4522,0.0454074
3,26.915,27.9398,0.513056
4,27.4252,27.8112,0.38492
5,28.1187,27.8727,0.304436
6,28.2678,27.9385,0.257145
7,28.3236,27.9935,0.22418
8,28.8833,28.1047,0.223747
9,27.0323,27.9856,0.230517
10,27.0268,27.8897,0.227382
11,29.0628,27.9963,0.231678
12,27.2674,27.9356,0.220042
13,28.8935,28.0093,0.215403
14,27.9,28.0015,0.199577
15,27.7109,27.9821,0.186803
16,27.8727,27.9753,0.174872
17,29.0556,28.0388,0.176127
18,27.8106,28.0261,0.166538
19,27.2739,27.9865,0.162428
20,27.56,27.9652,0.155562
1,41.1307,41.1307,0
2,41.7031,41.4169,0.286201
3,40.9747,41.2695,0.221424
4,42.9497,41.6896,0.448271
5,43.0011,41.9519,0.43517
6,42.4905,42.0416,0.36648
7,42.554,42.1148,0.318264
8,43.956,42.345,0.35908
9,42.0982,42.3176,0.317863
10,42.1245,42.2983,0.284961
11,44.41,42.4902,0.321392
12,43.5937,42.5822,0.307462
13,43.7464,42.6718,0.296664
14,43.1072,42.7029,0.276413
15,44.1914,42.8021,0.275799
16,42.1421,42.7608,0.261263
17,43.2154,42.7876,0.246866
18,43.0762,42.8036,0.233299
19,44.5793,42.8971,0.239653
20,41.9587,42.8502,0.232146
1,62.9389,62.9389,0
2,65.6505,64.2947,1.35577
3,63.536,64.0418,0.822595
4,63.8359,63.9903,0.583935
5,65.7558,64.3434,0.573812
6,64.2293,64.3244,0.468901
7,65.4325,64.4827,0.426741
8,67.0325,64.8014,0.488021
9,65.5652,64.8863,0.438681
10,63.2821,64.7259,0.423895
11,66.4855,64.8858,0.41546
12,65.4813,64.9355,0.382494
13,64.549,64.9057,0.353097
14,65.2124,64.9276,0.327637
15,66.2639,65.0167,0.317758
16,64.8253,65.0048,0.297476
17,64.5866,64.9802,0.28051
18,63.9625,64.9236,0.270443
19,65.4126,64.9494,0.257105
20,63.7563,64.8897,0.2511
1,89.1672,89.1672,0
2,89.3302,89.2487,0.0814808
3,90.2666,89.588,0.342555
4,91.6284,90.0981,0.564683
5,90.9687,90.2722,0.470786
6,89.4066,90.128,0.410578
7,90.3338,90.1574,0.348246
8,90.0883,90.1487,0.301713
9,91.2588,90.2721,0.293281
10,89.8079,90.2256,0.266393
11,89.9646,90.2019,0.242128
12,91.1222,90.2786,0.233957
13,89.9809,90.2557,0.216424
14,91.211,90.3239,0.21167
15,91.0395,90.3716,0.202746
16,90.8303,90.4003,0.191805
17,89.9304,90.3727,0.182277
18,91.4594,90.433,0.182149
19,92.0611,90.5187,0.192426
20,89.792,90.4824,0.186133
