1,0.197704,0.197704,0
2,0.195866,0.196785,0.000918962
3,0.198001,0.19719,0.000667715
4,0.196415,0.196996,0.000510381
5,0.196471,0.196891,0.000409084
6,0.195862,0.19672,0.000375491
7,0.194781,0.196443,0.000421173
8,0.194738,0.19623,0.00042244
9,0.196514,0.196261,0.000373894
10,0.197125,0.196348,0.000345387
11,0.195928,0.196309,0.000314731
12,0.195518,0.196244,0.000294774
13,0.196632,0.196273,0.000272791
14,0.197265,0.196344,0.00026229
15,0.195484,0.196287,0.000250822
16,0.197416,0.196357,0.000245013
17,0.196343,0.196357,0.000230151
18,0.196407,0.196359,0.000217007
19,0.196304,0.196357,0.000205289
20,0.197058,0.196392,0.00019789
1,0.209401,0.209401,0
2,0.20898,0.20919,0.000210059
3,0.209475,0.209285,0.000154054
4,0.20651,0.208592,0.000702283
5,0.20814,0.208501,0.000551449
6,0.208356,0.208477,0.000450905
7,0.207187,0.208293,0.000423337
8,0.207279,0.208166,0.000387883
9,0.208722,0.208228,0.000347613
10,0.208747,0.20828,0.000315225
11,0.207752,0.208232,0.000289134
12,0.207481,0.208169,0.000271263
13,0.208085,0.208163,0.00024961
14,0.208017,0.208152,0.000231329
15,0.207073,0.20808,0.000227052
16,0.207389,0.208037,0.000216741
17,0.207196,0.207988,0.000209518
18,0.207429,0.207957,0.000199962
19,0.208078,0.207963,0.000189253
20,0.207614,0.207946,0.000180387
1,0.221068,0.221068,0
2,0.221217,0.221143,7.42332e-05
3,0.223733,0.222006,0.000864667
4,0.22037,0.221597,0.000735578
5,0.221537,0.221585,0.000569905
6,0.220715,0.22144,0.000487427
7,0.220802,0.221349,0.000421908
8,0.220445,0.221236,0.000382465
9,0.220654,0.221171,0.000343447
10,0.22066,0.22112,0.000311407
11,0.22232,0.221229,0.000302062
12,0.220073,0.221133,0.000292091
13,0.22144,0.221157,0.000269717
14,0.222416,0.221247,0.000265429
15,0.220959,0.221227,0.000247842
16,0.218989,0.221087,0.000270761
17,0.221085,0.221087,0.000254336
18,0.220623,0.221062,0.000241174
19,0.221285,0.221073,0.00022843
20,0.220025,0.221021,0.000222951
1,0.234565,0.234565,0
2,0.234518,0.234542,2.37927e-05
3,0.236573,0.235219,0.000677322
4,0.232568,0.234556,0.000817715
5,0.235822,0.234809,0.000682099
6,0.235612,0.234943,0.000572775
7,0.23432,0.234854,0.00049219
8,0.232881,0.234607,0.000492445
9,0.233961,0.234536,0.000440188
10,0.236341,0.234716,0.000433144
11,0.23424,0.234673,0.000394173
12,0.234511,0.234659,0.000360084
13,0.235941,0.234758,0.000345579
14,0.234098,0.234711,0.000323401
15,0.233791,0.234649,0.000307248
16,0.233493,0.234577,0.000296357
17,0.235659,0.234641,0.000285556
18,0.232801,0.234539,0.000287975
19,0.236422,0.234638,0.000289876
20,0.232785,0.234545,0.000290179
1,0.247674,0.247674,0
2,0.247176,0.247425,0.000249156
3,0.251714,0.248855,0.00143703
4,0.247949,0.248628,0.00104107
5,0.249596,0.248822,0.000829289
6,0.25097,0.24918,0.000765929
7,0.249063,0.249163,0.000647542
8,0.248817,0.24912,0.000562454
9,0.249361,0.249147,0.000496757
10,0.249639,0.249196,0.000447033
11,0.248451,0.249128,0.000409983
12,0.247392,0.248984,0.000401249
13,0.249247,0.249004,0.000369651
14,0.250072,0.24908,0.000350637
15,0.248747,0.249058,0.000327179
16,0.249203,0.249067,0.000306182
17,0.248465,0.249032,0.000289782
18,0.248718,0.249014,0.000273765
19,0.249392,0.249034,0.000259718
20,0.249628,0.249064,0.000248173
1,0.264428,0.264428,0
2,0.263997,0.264212,0.000215625
3,0.266135,0.264853,0.000652825
4,0.265059,0.264905,0.00046448
5,0.26685,0.265294,0.000529916
6,0.265745,0.265369,0.000439173
7,0.262711,0.264989,0.000531047
8,0.26308,0.264751,0.00051811
9,0.265114,0.264791,0.00045871
10,0.264251,0.264737,0.00041382
11,0.265763,0.26483,0.000385756
12,0.263706,0.264737,0.000364388
13,0.266568,0.264878,0.000363593
14,0.264445,0.264847,0.000338033
15,0.264365,0.264815,0.000316325
16,0.265265,0.264843,0.000297231
17,0.265074,0.264856,0.000279532
18,0.264262,0.264823,0.000265604
19,0.263614,0.26476,0.00025917
20,0.265036,0.264774,0.000246258
1,0.278962,0.278962,0
2,0.282213,0.280588,0.00162599
3,0.284257,0.281811,0.00154183
4,0.282206,0.28191,0.00109472
5,0.284321,0.282392,0.00097551
6,0.280262,0.282037,0.000871995
7,0.281564,0.281969,0.000740064
8,0.281676,0.281933,0.000641963
9,0.281153,0.281846,0.000572749
10,0.279885,0.28165,0.000548535
11,0.280154,0.281514,0.000514467
12,0.281616,0.281522,0.000469718
13,0.284081,0.281719,0.000474785
14,0.279584,0.281567,0.000465272
15,0.281533,0.281564,0.000433151
16,0.280573,0.281502,0.000409886
17,0.281344,0.281493,0.000385134
18,0.281626,0.2815,0.000363183
19,0.281468,0.281499,0.000343541
20,0.282736,0.281561,0.00033173
1,0.298404,0.298404,0
2,0.299079,0.298742,0.000337539
3,0.299836,0.299106,0.000413567
4,0.296669,0.298497,0.000675775
5,0.30048,0.298894,0.000656704
6,0.300292,0.299127,0.00058463
7,0.298929,0.299098,0.000494911
8,0.300595,0.299286,0.000467667
9,0.299585,0.299319,0.000413782
10,0.300418,0.299429,0.000386072
11,0.299334,0.29942,0.000349321
12,0.299202,0.299402,0.000319403
13,0.301757,0.299583,0.000345183
14,0.299064,0.299546,0.000321724
15,0.300213,0.29959,0.000302796
16,0.296977,0.299427,0.000326955
17,0.300078,0.299465,0.000309498
18,0.298363,0.299404,0.000298155
19,0.297876,0.299324,0.000293267
20,0.298422,0.299279,0.000281844
1,0.315238,0.315238,0
2,0.317884,0.316561,0.00132268
3,0.318515,0.317213,0.00100371
4,0.316417,0.317014,0.00073707
5,0.321005,0.317812,0.000981432
6,0.317253,0.317719,0.000806725
7,0.316623,0.317562,0.000699541
8,0.319613,0.317819,0.000657822
9,0.316183,0.317637,0.000607933
10,0.318449,0.317718,0.000549781
11,0.31868,0.317806,0.000504921
12,0.31859,0.317871,0.000465541
13,0.319877,0.318025,0.000455177
14,0.316027,0.317883,0.000444916
15,0.317083,0.317829,0.000417608
16,0.317688,0.31782,0.000390736
17,0.320409,0.317973,0.000397361
18,0.316322,0.317881,0.000385691
19,0.318371,0.317907,0.000365738
20,0.319707,0.317997,0.00035845
1,0.334976,0.334976,0
2,0.338814,0.336895,0.00191906
3,0.336132,0.336641,0.00113685
4,0.335386,0.336327,0.000862888
5,0.344233,0.337908,0.00171663
6,0.339571,0.338185,0.00142876
7,0.337758,0.338124,0.00120907
8,0.34092,0.338474,0.00110385
9,0.334948,0.338082,0.00104936
10,0.339373,0.338211,0.000947413
11,0.336641,0.338069,0.00086877
12,0.339565,0.338193,0.000802824
13,0.339962,0.338329,0.000750914
14,0.335816,0.33815,0.000718024
15,0.338806,0.338194,0.000669874
16,0.339729,0.33829,0.000633917
17,0.336247,0.338169,0.000607464
18,0.337079,0.338109,0.000575918
19,0.341131,0.338268,0.000567519
20,0.33775,0.338242,0.000539018
1,0.360613,0.360613,0
2,0.358303,0.359458,0.00115487
3,0.358769,0.359228,0.000705223
4,0.357803,0.358872,0.000612803
5,0.361411,0.35938,0.000695114
6,0.362802,0.35995,0.000804688
7,0.355204,0.359272,0.000960376
8,0.358085,0.359124,0.000844846
9,0.356674,0.358851,0.000793249
10,0.356052,0.358572,0.00076274
11,0.355465,0.358289,0.000745501
12,0.358003,0.358265,0.000680965
13,0.361665,0.358527,0.000678812
14,0.354719,0.358255,0.00068479
15,0.359706,0.358351,0.000644801
16,0.356279,0.358222,0.00061691
17,0.35836,0.35823,0.000579543
18,0.359124,0.35828,0.000548653
19,0.362279,0.35849,0.000560025
20,0.358752,0.358503,0.000531448
1,0.377883,0.377883,0
2,0.377102,0.377493,0.000390407
3,0.380462,0.378483,0.00101504
4,0.378165,0.378403,0.000722132
5,0.381683,0.379059,0.000862047
6,0.377139,0.378739,0.000773196
7,0.376367,0.3784,0.000736096
8,0.378594,0.378424,0.000637937
9,0.379064,0.378495,0.00056708
10,0.37696,0.378342,0.000529949
11,0.379245,0.378424,0.000486339
12,0.377838,0.378375,0.000446644
13,0.379804,0.378485,0.000425309
14,0.378564,0.378491,0.0003938
15,0.380307,0.378612,0.00038608
16,0.37352,0.378293,0.00048135
17,0.37834,0.378296,0.000452158
18,0.374353,0.378077,0.000479297
19,0.383244,0.378349,0.00052866
20,0.379635,0.378413,0.000505635
1,0.395102,0.395102,0
2,0.396874,0.395988,0.000885901
3,0.398405,0.396794,0.000954382
4,0.406493,0.399218,0.00251687
5,0.398224,0.39902,0.00195967
6,0.398772,0.398978,0.0016006
7,0.393415,0.398184,0.00156891
8,0.397717,0.398125,0.00135996
9,0.398944,0.398216,0.00120282
10,0.396796,0.398074,0.00108516
11,0.398884,0.398148,0.000984319
12,0.401929,0.398463,0.000952213
13,0.399751,0.398562,0.000881498
14,0.398022,0.398523,0.000817021
15,0.399964,0.398619,0.000766647
16,0.395576,0.398429,0.000741927
17,0.39613,0.398294,0.000709917
18,0.393866,0.398048,0.000713098
19,0.397657,0.398027,0.000674837
20,0.397535,0.398003,0.000640681
1,0.413106,0.413106,0
2,0.415928,0.414517,0.00141099
3,0.415213,0.414749,0.000846948
4,0.42134,0.416397,0.00175312
5,0.416869,0.416491,0.00136125
6,0.414732,0.416198,0.00114946
7,0.409887,0.415297,0.00132537
8,0.414305,0.415173,0.00115448
9,0.41354,0.414991,0.00103419
10,0.41786,0.415278,0.000968462
11,0.416808,0.415417,0.000886985
12,0.411588,0.415098,0.000870306
13,0.418844,0.415386,0.000850848
14,0.417121,0.41551,0.000797424
15,0.413414,0.41537,0.000755394
16,0.409088,0.414978,0.000808366
17,0.417658,0.415135,0.000775516
18,0.409696,0.414833,0.00079115
19,0.418812,0.415043,0.000777095
20,0.416876,0.415134,0.000742896
1,0.426524,0.426524,0
2,0.431267,0.428895,0.00237132
3,0.431064,0.429618,0.00154829
4,0.433777,0.430658,0.00150982
5,0.428616,0.43025,0.00123875
6,0.435006,0.431042,0.00128507
7,0.432398,0.431236,0.00110322
8,0.430813,0.431183,0.000956878
9,0.436013,0.43172,0.00100004
10,0.425974,0.431145,0.00106313
11,0.426197,0.430695,0.00106166
12,0.422971,0.430052,0.00116346
13,0.428126,0.429903,0.00108043
14,0.426982,0.429695,0.00102183
15,0.433667,0.42996,0.000987446
16,0.423872,0.429579,0.000998963
17,0.438043,0.430077,0.00106226
18,0.425956,0.429848,0.00102734
19,0.4299,0.429851,0.000971772
20,0.426352,0.429676,0.000938358
1,0.439725,0.439725,0
2,0.438877,0.439301,0.000424277
3,0.431182,0.436595,0.0027174
4,0.445547,0.438833,0.00294966
5,0.43955,0.438976,0.00228929
6,0.442427,0.439551,0.00195567
7,0.443265,0.440082,0.00173591
8,0.436795,0.439671,0.00155847
9,0.435856,0.439247,0.00143833
10,0.433984,0.438721,0.00138998
11,0.441437,0.438968,0.0012813
12,0.430327,0.438248,0.00137352
13,0.447831,0.438985,0.0014628
14,0.434693,0.438678,0.00138855
15,0.439143,0.438709,0.00129305
16,0.433804,0.438403,0.00124778
17,0.439789,0.438484,0.00117492
18,0.429624,0.437992,0.00121218
19,0.43775,0.437979,0.00114668
20,0.438214,0.437991,0.0010879
1,0.451091,0.451091,0
2,0.447344,0.449218,0.00187369
3,0.435803,0.444746,0.00460037
4,0.446703,0.445235,0.00328952
5,0.43722,0.443632,0.00301035
6,0.439201,0.442894,0.0025665
7,0.429541,0.440986,0.00288853
8,0.433649,0.440069,0.00266435
9,0.447215,0.440863,0.00248026
10,0.446181,0.441395,0.00228127
11,0.437371,0.441029,0.00209566
12,0.434561,0.44049,0.00198756
13,0.437419,0.440254,0.00184349
14,0.434572,0.439848,0.00175433
15,0.439971,0.439856,0.00163321
16,0.433513,0.43946,0.00157833
17,0.442949,0.439665,0.00149672
18,0.438147,0.439581,0.00141364
19,0.438168,0.439506,0.00133924
20,0.435569,0.439309,0.00128567
1,0.445946,0.445946,0
2,0.447411,0.446678,0.0007325
3,0.423392,0.438916,0.00777362
4,0.434166,0.437729,0.00562363
5,0.440034,0.43819,0.00438039
6,0.43272,0.437278,0.00369091
7,0.423857,0.435361,0.00366153
8,0.444313,0.43648,0.00336262
9,0.440482,0.436925,0.00299871
10,0.444049,0.437637,0.00277513
11,0.441865,0.438021,0.00253946
12,0.42791,0.437179,0.00246657
13,0.43631,0.437112,0.0022699
14,0.434273,0.436909,0.00211128
15,0.42808,0.436321,0.00205174
16,0.432643,0.436091,0.00193294
17,0.446655,0.436712,0.00191908
18,0.432332,0.436469,0.00182562
19,0.428717,0.436061,0.00177441
20,0.428551,0.435685,0.00172473
1,0.444125,0.444125,0
2,0.433592,0.438858,0.00526632
3,0.430554,0.43609,0.00411175
4,0.435033,0.435826,0.00291945
5,0.427052,0.434071,0.00286235
6,0.424403,0.43246,0.00283874
7,0.426018,0.43154,0.0025696
8,0.423954,0.430591,0.00241894
9,0.433919,0.430961,0.00216511
10,0.433112,0.431176,0.00194843
11,0.433845,0.431419,0.00177905
12,0.424212,0.430818,0.00173153
13,0.435998,0.431217,0.00164186
14,0.430226,0.431146,0.00152171
15,0.432014,0.431204,0.00141782
16,0.409099,0.429822,0.00191511
17,0.434287,0.430085,0.00181801
18,0.417111,0.429364,0.00185942
19,0.432632,0.429536,0.00176723
20,0.435891,0.429854,0.00170638
1,0.423057,0.423057,0
2,0.410218,0.416638,0.00641927
3,0.416354,0.416543,0.00370737
4,0.414662,0.416073,0.00266334
5,0.416844,0.416227,0.00206877
6,0.415627,0.416127,0.00169211
7,0.415997,0.416108,0.00143021
8,0.415863,0.416078,0.00123898
9,0.402594,0.41458,0.00185433
10,0.419098,0.415031,0.001719
11,0.411537,0.414714,0.00158702
12,0.419108,0.41508,0.00149431
13,0.414885,0.415065,0.00137465
14,0.40898,0.41463,0.00134486
15,0.417863,0.414846,0.00127041
16,0.403452,0.414134,0.00138537
17,0.412277,0.414025,0.00130591
18,0.40713,0.413641,0.00128943
19,0.420758,0.414016,0.0012759
20,0.417428,0.414187,0.00122239
1,0.341055,0.341055,0
2,0.329286,0.335171,0.00588478
3,0.320226,0.330189,0.00602995
4,0.324538,0.328776,0.0044918
5,0.337222,0.330465,0.00386768
6,0.339841,0.332028,0.00352341
7,0.333074,0.332177,0.00298157
8,0.334805,0.332506,0.00260292
9,0.315534,0.33062,0.00297083
10,0.317024,0.32926,0.00298483
11,0.31129,0.327627,0.00315564
12,0.344763,0.329055,0.00321521
13,0.305756,0.327262,0.00345821
14,0.308109,0.325894,0.00348175
15,0.329203,0.326115,0.00324883
16,0.329661,0.326337,0.00304707
17,0.317636,0.325825,0.00290763
18,0.330344,0.326076,0.00275281
19,0.33063,0.326316,0.0026149
20,0.325991,0.326299,0.00248077
