1,-0.461722,-0.461722,0
2,-0.462768,-0.462245,0.0005232
3,-0.462121,-0.462203,0.000304884
4,-0.462145,-0.462189,0.000216084
5,-0.462245,-0.4622,0.000167752
6,-0.461519,-0.462087,0.000177863
7,-0.462159,-0.462097,0.00015068
8,-0.462314,-0.462124,0.000133274
9,-0.462518,-0.462168,0.000125409
10,-0.461662,-0.462117,0.000123027
11,-0.462624,-0.462163,0.000120442
12,-0.461649,-0.46212,0.000118011
13,-0.461993,-0.462111,0.000108998
14,-0.46291,-0.462168,0.000115961
15,-0.46163,-0.462132,0.000113759
16,-0.463083,-0.462191,0.000121897
17,-0.462182,-0.462191,0.000114504
18,-0.46233,-0.462198,0.000108231
19,-0.462462,-0.462212,0.000103314
20,-0.46191,-0.462197,9.91684e-05
1,-0.477489,-0.477489,0
2,-0.477358,-0.477424,6.52e-05
3,-0.47735,-0.477399,4.50051e-05
4,-0.477608,-0.477451,6.11926e-05
5,-0.478062,-0.477573,0.000130959
6,-0.476703,-0.477428,0.000180173
7,-0.476898,-0.477353,0.00017005
8,-0.478061,-0.477441,0.000171829
9,-0.478102,-0.477515,0.000168413
10,-0.47715,-0.477478,0.000154973
11,-0.47796,-0.477522,0.000146863
12,-0.477399,-0.477512,0.000134457
13,-0.477599,-0.477518,0.000123865
14,-0.47827,-0.477572,0.000126631
15,-0.476611,-0.477508,0.000134171
16,-0.477626,-0.477516,0.000125723
17,-0.477479,-0.477513,0.000118115
18,-0.477946,-0.477537,0.00011392
19,-0.477577,-0.477539,0.000107777
20,-0.477431,-0.477534,0.00010239
1,-0.493806,-0.493806,0
2,-0.493037,-0.493422,0.0003848
3,-0.493062,-0.493302,0.000252375
4,-0.493798,-0.493426,0.000217384
5,-0.493193,-0.493379,0.000174725
6,-0.492494,-0.493232,0.000205295
7,-0.493785,-0.493311,0.000190648
8,-0.493762,-0.493367,0.000174492
9,-0.493458,-0.493377,0.000154215
10,-0.492931,-0.493333,0.000144967
11,-0.493943,-0.493388,0.000142391
12,-0.493691,-0.493413,0.000132415
13,-0.493622,-0.493429,0.000122861
14,-0.49487,-0.493532,0.000153362
15,-0.492813,-0.493484,0.000150615
16,-0.493958,-0.493514,0.000143959
17,-0.493775,-0.493529,0.000136096
18,-0.493877,-0.493549,0.000129757
19,-0.493403,-0.493541,0.000122976
20,-0.493377,-0.493533,0.000116954
1,-0.510186,-0.510186,0
2,-0.509904,-0.510045,0.0001412
3,-0.510222,-0.510104,0.000100515
4,-0.511452,-0.510441,0.000344413
5,-0.510222,-0.510397,0.000270366
6,-0.509819,-0.510301,0.000240851
7,-0.510456,-0.510323,0.000204761
8,-0.511091,-0.510419,0.00020166
9,-0.51061,-0.51044,0.000179114
10,-0.510919,-0.510488,0.00016721
11,-0.51189,-0.510616,0.000197756
12,-0.510826,-0.510633,0.000181379
13,-0.510722,-0.51064,0.000166985
14,-0.511427,-0.510696,0.000164506
15,-0.509925,-0.510645,0.000161552
16,-0.511474,-0.510697,0.000159749
17,-0.510519,-0.510686,0.000150421
18,-0.510784,-0.510692,0.000141922
19,-0.510334,-0.510673,0.000135555
20,-0.510577,-0.510668,0.000128688
1,-0.52823,-0.52823,0
2,-0.527637,-0.527933,0.0002964
3,-0.527498,-0.527788,0.000224427
4,-0.529574,-0.528234,0.000473769
5,-0.528745,-0.528336,0.000380912
6,-0.527266,-0.528158,0.000358587
7,-0.528394,-0.528192,0.000304925
8,-0.528966,-0.528288,0.000281236
9,-0.528569,-0.52832,0.000249976
10,-0.52845,-0.528333,0.000223967
11,-0.52989,-0.528474,0.000247176
12,-0.528526,-0.528479,0.000225681
13,-0.529069,-0.528524,0.000212503
14,-0.529297,-0.528579,0.000204337
15,-0.527852,-0.528531,0.000196308
16,-0.529302,-0.528579,0.000189844
17,-0.528438,-0.528571,0.000178521
18,-0.529639,-0.52863,0.000178475
19,-0.528318,-0.528614,0.000169619
20,-0.528918,-0.528629,0.000161635
1,-0.547854,-0.547854,0
2,-0.547262,-0.547558,0.0002956
3,-0.547651,-0.547589,0.000173469
4,-0.547714,-0.54762,0.0001266
5,-0.548566,-0.54781,0.000213104
6,-0.546786,-0.547639,0.000243633
7,-0.547678,-0.547645,0.000205981
8,-0.547817,-0.547666,0.000179679
9,-0.548437,-0.547752,0.00018012
10,-0.54777,-0.547754,0.000161114
11,-0.548761,-0.547845,0.000172115
12,-0.547486,-0.547815,0.000159937
13,-0.548542,-0.547871,0.000157396
14,-0.548832,-0.54794,0.000161074
15,-0.546857,-0.547868,0.000166428
16,-0.548589,-0.547913,0.000162073
17,-0.548242,-0.547932,0.000153472
18,-0.548123,-0.547943,0.000145084
19,-0.548197,-0.547956,0.000137886
20,-0.548497,-0.547983,0.000133575
1,-0.568447,-0.568447,0
2,-0.568688,-0.568568,0.0001204
3,-0.568218,-0.568451,0.000135577
4,-0.568416,-0.568442,9.62702e-05
5,-0.56975,-0.568704,0.000271867
6,-0.56779,-0.568552,0.000269168
7,-0.567973,-0.568469,0.000242049
8,-0.568508,-0.568474,0.000209678
9,-0.568842,-0.568515,0.0001894
10,-0.568258,-0.568489,0.000171333
11,-0.56905,-0.56854,0.000163138
12,-0.568128,-0.568506,0.000152831
13,-0.567861,-0.568456,0.000149081
14,-0.569458,-0.568528,0.000155458
15,-0.567438,-0.568455,0.00016192
16,-0.568833,-0.568479,0.000153292
17,-0.568787,-0.568497,0.000145132
18,-0.569003,-0.568525,0.000139694
19,-0.568492,-0.568523,0.000132149
20,-0.568694,-0.568532,0.000125659
1,-0.59025,-0.59025,0
2,-0.589982,-0.590116,0.0001344
3,-0.589878,-0.590037,0.000110877
4,-0.590338,-0.590112,0.000108775
5,-0.591106,-0.590311,0.000215955
6,-0.589702,-0.59021,0.000203423
7,-0.590309,-0.590224,0.000172507
8,-0.590902,-0.590308,0.00017175
9,-0.590469,-0.590326,0.000152513
10,-0.590264,-0.59032,0.000136554
11,-0.590712,-0.590356,0.000128554
12,-0.589409,-0.590277,0.000141415
13,-0.589486,-0.590216,0.000143617
14,-0.591811,-0.59033,0.000175109
15,-0.58968,-0.590287,0.000168677
16,-0.590004,-0.590269,0.000158768
17,-0.590261,-0.590268,0.000149137
18,-0.591229,-0.590322,0.000150391
19,-0.590011,-0.590305,0.000143191
20,-0.589882,-0.590284,0.000137486
1,-0.613219,-0.613219,0
2,-0.612718,-0.612968,0.0002508
3,-0.612392,-0.612776,0.000240587
4,-0.613181,-0.612877,0.000197912
5,-0.614432,-0.613188,0.000346659
6,-0.613406,-0.613225,0.00028537
7,-0.61338,-0.613247,0.000242201
8,-0.613111,-0.61323,0.000210436
9,-0.612963,-0.6132,0.000187938
10,-0.613673,-0.613248,0.000174612
11,-0.613975,-0.613314,0.000171237
12,-0.612874,-0.613277,0.000160562
13,-0.613032,-0.613258,0.000148893
14,-0.614145,-0.613321,0.0001517
15,-0.613014,-0.613301,0.000142701
16,-0.611302,-0.613176,0.000182816
17,-0.613542,-0.613198,0.000173072
18,-0.614267,-0.613257,0.000173656
19,-0.613426,-0.613266,0.000164504
20,-0.612864,-0.613246,0.000157351
1,-0.638546,-0.638546,0
2,-0.638052,-0.638299,0.0002472
3,-0.637015,-0.637871,0.000451169
4,-0.637298,-0.637728,0.000349772
5,-0.639036,-0.637989,0.000376643
6,-0.637681,-0.637938,0.0003118
7,-0.638511,-0.63802,0.000275948
8,-0.63768,-0.637977,0.000242726
9,-0.637623,-0.637938,0.000217651
10,-0.637843,-0.637929,0.000194904
11,-0.637607,-0.637899,0.000178702
12,-0.636613,-0.637792,0.000195209
13,-0.637324,-0.637756,0.000183141
14,-0.638696,-0.637823,0.000182362
15,-0.637574,-0.637807,0.000170579
16,-0.636649,-0.637734,0.000175205
17,-0.638107,-0.637756,0.000166032
18,-0.639004,-0.637826,0.000171199
19,-0.637913,-0.63783,0.000162003
20,-0.637123,-0.637795,0.000157702
1,-0.664706,-0.664706,0
2,-0.664114,-0.66441,0.0002964
3,-0.664465,-0.664428,0.000172099
4,-0.664082,-0.664342,0.000149399
5,-0.665062,-0.664486,0.000184738
6,-0.663802,-0.664372,0.000188991
7,-0.664105,-0.664334,0.000164216
8,-0.664074,-0.664301,0.000145859
9,-0.663768,-0.664242,0.000141623
10,-0.664476,-0.664265,0.000128815
11,-0.664943,-0.664327,0.000131809
12,-0.664064,-0.664305,0.000122304
13,-0.663666,-0.664256,0.000122762
14,-0.664454,-0.66427,0.000114529
15,-0.662873,-0.664177,0.000141581
16,-0.663106,-0.66411,0.0001484
17,-0.664569,-0.664137,0.000141987
18,-0.665498,-0.664213,0.000153735
19,-0.663286,-0.664164,0.000153384
20,-0.663106,-0.664111,0.000154819
1,-0.691906,-0.691906,0
2,-0.691733,-0.69182,8.68e-05
3,-0.692754,-0.692131,0.000315341
4,-0.691366,-0.69194,0.000293687
5,-0.691476,-0.691847,0.000245674
6,-0.692086,-0.691887,0.000204494
7,-0.691761,-0.691869,0.000173764
8,-0.691581,-0.691833,0.00015473
9,-0.691562,-0.691803,0.000139747
10,-0.691625,-0.691785,0.000126252
11,-0.691153,-0.691727,0.000127841
12,-0.691078,-0.691673,0.000128626
13,-0.691337,-0.691647,0.000121118
14,-0.690809,-0.691588,0.000127131
15,-0.690912,-0.691543,0.000126632
16,-0.69046,-0.691475,0.000136413
17,-0.692058,-0.691509,0.000132656
18,-0.693187,-0.691602,0.00015599
19,-0.691054,-0.691574,0.000150344
20,-0.691461,-0.691568,0.000142741
1,-0.721386,-0.721386,0
2,-0.720067,-0.720727,0.0006596
3,-0.72116,-0.720871,0.000407278
4,-0.72067,-0.720821,0.000292366
5,-0.720591,-0.720775,0.000231074
6,-0.720173,-0.720675,0.000213697
7,-0.720338,-0.720626,0.000186911
8,-0.720457,-0.720605,0.000163252
9,-0.71941,-0.720472,0.000195899
10,-0.720464,-0.720472,0.000175219
11,-0.720721,-0.720494,0.000160104
12,-0.720398,-0.720486,0.000146372
13,-0.720358,-0.720476,0.000135005
14,-0.72051,-0.720479,0.000125014
15,-0.719693,-0.720426,0.000127633
16,-0.720746,-0.720446,0.000121054
17,-0.721946,-0.720535,0.000143931
18,-0.72142,-0.720584,0.000144339
19,-0.720794,-0.720595,0.000136981
20,-0.720379,-0.720584,0.000130398
1,-0.752224,-0.752224,0
2,-0.750895,-0.75156,0.0006644
3,-0.752079,-0.751733,0.000420881
4,-0.751607,-0.751701,0.00029926
5,-0.75151,-0.751663,0.000234958
6,-0.751354,-0.751612,0.000198619
7,-0.750996,-0.751524,0.000189505
8,-0.750638,-0.751413,0.000197937
9,-0.750604,-0.751323,0.000196348
10,-0.751458,-0.751337,0.000176134
11,-0.751895,-0.751387,0.000167217
12,-0.750439,-0.751308,0.000171885
13,-0.751314,-0.751309,0.000158111
14,-0.751665,-0.751334,0.000148576
15,-0.75195,-0.751375,0.000144273
16,-0.750507,-0.751321,0.000145451
17,-0.75274,-0.751404,0.000160109
18,-0.751934,-0.751434,0.000153797
19,-0.75071,-0.751396,0.000150388
20,-0.751006,-0.751376,0.000143998
1,-0.782658,-0.782658,0
2,-0.782289,-0.782474,0.0001848
3,-0.782534,-0.782494,0.000108602
4,-0.78235,-0.782458,8.47563e-05
5,-0.783263,-0.782619,0.000173908
6,-0.782953,-0.782675,0.000152503
7,-0.782396,-0.782635,0.000134896
8,-0.78275,-0.782649,0.000117713
9,-0.782225,-0.782602,0.000114026
10,-0.782649,-0.782607,0.000102094
11,-0.78308,-0.78265,0.000101876
12,-0.782214,-0.782613,9.98515e-05
13,-0.782721,-0.782622,9.22204e-05
14,-0.783086,-0.782655,9.16041e-05
15,-0.783406,-0.782705,9.89059e-05
16,-0.782196,-0.782673,9.78349e-05
17,-0.783801,-0.78274,0.000113337
18,-0.783697,-0.782793,0.000119358
19,-0.783433,-0.782826,0.00011782
20,-0.783057,-0.782838,0.000112366
1,-0.815587,-0.815587,0
2,-0.815135,-0.815361,0.000226
3,-0.815385,-0.815369,0.000130718
4,-0.815786,-0.815473,0.000139239
5,-0.81459,-0.815297,0.000206896
6,-0.816574,-0.815509,0.000271721
7,-0.814098,-0.815308,0.000305644
8,-0.815594,-0.815343,0.000267096
9,-0.814842,-0.815288,0.000242047
10,-0.815426,-0.815302,0.000216932
11,-0.816161,-0.81538,0.000211197
12,-0.814614,-0.815316,0.000203091
13,-0.815926,-0.815363,0.000192614
14,-0.814847,-0.815326,0.000182089
15,-0.81392,-0.815232,0.000193703
16,-0.815622,-0.815257,0.00018282
17,-0.817298,-0.815377,0.000209537
18,-0.815519,-0.815385,0.000197712
19,-0.815764,-0.815405,0.00018808
20,-0.81657,-0.815463,0.000187698
1,-0.849434,-0.849434,0
2,-0.84892,-0.849177,0.0002572
3,-0.848085,-0.848813,0.000393248
4,-0.849829,-0.849067,0.000376569
5,-0.846509,-0.848555,0.000588946
6,-0.848251,-0.848505,0.000483537
7,-0.847508,-0.848362,0.000432757
8,-0.848866,-0.848425,0.000380022
9,-0.845857,-0.84814,0.000440187
10,-0.849078,-0.848234,0.000404748
11,-0.848255,-0.848236,0.000366114
12,-0.848205,-0.848233,0.000334224
13,-0.849382,-0.848321,0.000319884
14,-0.847966,-0.848296,0.000297239
15,-0.847743,-0.848259,0.000279158
16,-0.849102,-0.848312,0.000266384
17,-0.851522,-0.848501,0.000313466
18,-0.847348,-0.848437,0.000302396
19,-0.847494,-0.848387,0.000290312
20,-0.850376,-0.848486,0.00029282
1,-0.881638,-0.881638,0
2,-0.881914,-0.881776,0.0001384
3,-0.880965,-0.881506,0.000281959
4,-0.882712,-0.881807,0.000361543
5,-0.880755,-0.881597,0.00035028
6,-0.882705,-0.881781,0.00034044
7,-0.881245,-0.881705,0.000297763
8,-0.882506,-0.881805,0.000276654
9,-0.880298,-0.881638,0.000295891
10,-0.880694,-0.881543,0.000280958
11,-0.881245,-0.881516,0.000255581
12,-0.882152,-0.881569,0.000239254
13,-0.882186,-0.881617,0.000225132
14,-0.881663,-0.88162,0.000208459
15,-0.880895,-0.881572,0.000199988
16,-0.882517,-0.881631,0.000196178
17,-0.884591,-0.881805,0.000253547
18,-0.882265,-0.88183,0.000240409
19,-0.880617,-0.881766,0.000236204
20,-0.882011,-0.881779,0.000224416
1,-0.913014,-0.913014,0
2,-0.913574,-0.913294,0.00028
3,-0.912099,-0.912895,0.000429702
4,-0.914247,-0.913233,0.000454445
5,-0.916099,-0.913807,0.000672625
6,-0.914962,-0.913999,0.000582002
7,-0.913786,-0.913969,0.00049282
8,-0.913887,-0.913959,0.000426917
9,-0.915286,-0.914106,0.000404379
10,-0.912179,-0.913913,0.000409815
11,-0.914464,-0.913963,0.000374055
12,-0.913375,-0.913914,0.000344966
13,-0.913682,-0.913897,0.000317824
14,-0.915413,-0.914005,0.000313545
15,-0.914553,-0.914041,0.000294171
16,-0.914039,-0.914041,0.000275172
17,-0.917305,-0.914233,0.000321969
18,-0.912317,-0.914127,0.000321686
19,-0.913287,-0.914083,0.000307476
20,-0.91215,-0.913986,0.00030728
1,-0.941737,-0.941737,0
2,-0.946546,-0.944142,0.0024048
3,-0.945869,-0.944717,0.00150305
4,-0.946828,-0.945245,0.0011866
5,-0.946958,-0.945588,0.000980936
6,-0.944755,-0.945449,0.00081286
7,-0.944794,-0.945355,0.000693342
8,-0.946031,-0.94544,0.000606366
9,-0.945983,-0.9455,0.000538162
10,-0.943386,-0.945289,0.000525714
11,-0.947382,-0.945479,0.000512174
12,-0.945708,-0.945498,0.000467938
13,-0.947255,-0.945633,0.000451161
14,-0.947406,-0.94576,0.000436473
15,-0.948445,-0.945939,0.000444011
16,-0.945403,-0.945905,0.000416681
17,-0.947608,-0.946006,0.000404014
18,-0.945535,-0.945979,0.000381803
19,-0.947833,-0.946077,0.000374091
20,-0.946954,-0.946121,0.000357595
1,-0.97254,-0.97254,0
2,-0.974446,-0.973493,0.0009528
3,-0.974989,-0.973991,0.000742481
4,-0.97451,-0.974121,0.000540757
5,-0.97354,-0.974005,0.000434687
6,-0.973386,-0.973902,0.000369583
7,-0.974397,-0.973972,0.000320261
8,-0.973509,-0.973915,0.000283345
9,-0.975461,-0.974086,0.000303253
10,-0.974843,-0.974162,0.0002816
11,-0.976361,-0.974362,0.000323786
12,-0.973056,-0.974253,0.000314972
13,-0.976878,-0.974455,0.000353133
14,-0.97698,-0.974635,0.000373387
15,-0.974706,-0.97464,0.000347636
16,-0.973192,-0.974549,0.000337542
17,-0.975584,-0.97461,0.000322853
18,-0.974279,-0.974592,0.000304944
19,-0.973818,-0.974551,0.000291307
20,-0.974293,-0.974538,0.00027666
