1,1.35666,1.35666,0
2,1.35088,1.35377,0.002892
3,1.3718,1.35978,0.00623814
4,1.36542,1.36119,0.00463062
5,1.34728,1.35841,0.00453968
6,1.35898,1.3585,0.00370786
7,1.37196,1.36043,0.00367638
8,1.36412,1.36089,0.0032172
9,1.36546,1.3614,0.00288237
10,1.36016,1.36127,0.00258102
11,1.36868,1.36194,0.00242974
12,1.34543,1.36057,0.00261038
13,1.34554,1.35941,0.00266514
14,1.35067,1.35879,0.00254527
15,1.36831,1.35942,0.00245307
16,1.36032,1.35948,0.00229533
17,1.36187,1.35962,0.00216066
18,1.36411,1.35987,0.00205232
19,1.35509,1.35962,0.00195752
20,1.36075,1.35967,0.00185793
1,1.47626,1.47626,0
2,1.47503,1.47565,0.000616519
3,1.46691,1.47273,0.00293429
4,1.46802,1.47156,0.00238593
5,1.4704,1.47132,0.00186263
6,1.46321,1.46997,0.00203517
7,1.44906,1.46698,0.00344781
8,1.48009,1.46862,0.00340576
9,1.48563,1.47051,0.00354893
10,1.44718,1.46818,0.00393953
11,1.48005,1.46926,0.00372333
12,1.46628,1.46901,0.00340795
13,1.47553,1.46951,0.00317476
14,1.4502,1.46813,0.0032468
15,1.43492,1.46592,0.00374691
16,1.45472,1.46522,0.00357416
17,1.45842,1.46482,0.0033811
18,1.47227,1.46523,0.00321452
19,1.48952,1.46651,0.00329837
20,1.47722,1.46705,0.00317459
1,1.59755,1.59755,0
2,1.5889,1.59323,0.00432519
3,1.607,1.59782,0.00522681
4,1.60234,1.59895,0.00386484
5,1.58529,1.59622,0.00405348
6,1.59609,1.5962,0.00330972
7,1.58614,1.59476,0.00314457
8,1.5889,1.59403,0.00282007
9,1.59722,1.59438,0.00251229
10,1.60304,1.59525,0.00240809
11,1.60987,1.59658,0.00255195
12,1.59501,1.59645,0.00233325
13,1.61012,1.5975,0.00239019
14,1.57937,1.5962,0.00256382
15,1.57518,1.5948,0.00276782
16,1.6022,1.59527,0.00262997
17,1.59219,1.59508,0.00247706
18,1.62005,1.59647,0.00271616
19,1.58419,1.59582,0.00264934
20,1.59043,1.59555,0.0025278
1,1.73754,1.73754,0
2,1.73899,1.73827,0.000724056
3,1.72503,1.73385,0.00443133
4,1.75509,1.73916,0.00616349
5,1.73178,1.73769,0.00499755
6,1.7288,1.7362,0.00434098
7,1.74629,1.73765,0.00394181
8,1.73467,1.73727,0.00343395
9,1.75232,1.73894,0.00345904
10,1.74215,1.73926,0.00311041
11,1.74912,1.74016,0.00295263
12,1.76661,1.74236,0.00348161
13,1.74957,1.74292,0.00325024
14,1.73082,1.74205,0.00313074
15,1.74561,1.74229,0.00292417
16,1.72368,1.74113,0.00297246
17,1.76051,1.74227,0.00301595
18,1.73256,1.74173,0.0028942
19,1.75944,1.74266,0.00289192
20,1.74735,1.7429,0.00275353
1,1.89801,1.89801,0
2,1.87644,1.88722,0.0107882
3,1.90708,1.89384,0.00908983
4,1.91432,1.89896,0.00821613
5,1.91504,1.90218,0.00713066
6,1.90715,1.90301,0.00588094
7,1.89651,1.90208,0.00505631
8,1.89221,1.90085,0.00454918
9,1.89722,1.90044,0.00403219
10,1.89402,1.8998,0.00366321
11,1.9185,1.9015,0.00372427
12,1.90594,1.90187,0.00341981
13,1.91364,1.90278,0.00327348
14,1.91396,1.90357,0.0031342
15,1.90422,1.90362,0.0029181
16,1.92706,1.90508,0.00309795
17,1.93711,1.90697,0.00346676
18,1.90993,1.90713,0.00327265
19,1.89335,1.90641,0.00317946
20,1.90345,1.90626,0.00301993
1,2.10801,2.10801,0
2,2.08258,2.09529,0.0127126
3,2.11599,2.10219,0.0100735
4,2.1247,2.10782,0.00907673
5,2.09905,2.10607,0.00724636
6,2.12738,2.10962,0.00690119
7,2.08638,2.1063,0.00671128
8,2.11997,2.10801,0.00605826
9,2.11232,2.10849,0.00536434
10,2.11243,2.10888,0.00481419
11,2.13693,2.11143,0.00504634
12,2.06573,2.10762,0.0059768
13,2.09451,2.10661,0.0055896
14,2.10582,2.10656,0.00517527
15,2.07475,2.10444,0.00526383
16,2.12959,2.10601,0.00516869
17,2.14247,2.10815,0.00530773
18,2.07406,2.10626,0.00535071
19,2.11313,2.10662,0.00507415
20,2.11411,2.107,0.00482829
1,2.34929,2.34929,0
2,2.3377,2.3435,0.00579665
3,2.34812,2.34504,0.003685
4,2.3623,2.34935,0.00504165
5,2.36451,2.35239,0.00494407
6,2.29356,2.34258,0.0106034
7,2.29688,2.33605,0.0110878
8,2.32407,2.33455,0.00971848
9,2.37779,2.33936,0.00982564
10,2.34167,2.33959,0.00879137
11,2.30578,2.33652,0.00852553
12,2.35236,2.33784,0.00789397
13,2.31195,2.33585,0.00752957
14,2.31993,2.33471,0.00706308
15,2.36215,2.33654,0.0068252
16,2.36307,2.3382,0.00659622
17,2.3534,2.33909,0.0062603
18,2.35176,2.33979,0.0059441
19,2.34467,2.34005,0.0056284
20,2.38073,2.34209,0.00571387
1,2.63349,2.63349,0
2,2.66603,2.64976,0.0162698
3,2.64388,2.6478,0.00959582
4,2.61995,2.64084,0.00972197
5,2.63954,2.64058,0.00753508
6,2.61444,2.63622,0.00753876
7,2.65434,2.63881,0.00687723
8,2.63881,2.63881,0.00595585
9,2.63931,2.63887,0.00525286
10,2.67538,2.64252,0.00595009
11,2.61165,2.63971,0.00606976
12,2.58458,2.63512,0.00719809
13,2.64366,2.63577,0.0066538
14,2.65017,2.6368,0.00624549
15,2.61728,2.6355,0.00595804
16,2.60568,2.63364,0.00587657
17,2.592,2.63119,0.00603897
18,2.63006,2.63113,0.00569394
19,2.62015,2.63055,0.0054168
20,2.61285,2.62966,0.00521444
1,2.93462,2.93462,0
2,2.94666,2.94064,0.00602114
3,2.90302,2.9281,0.013012
4,2.92019,2.92612,0.00941078
5,3.0223,2.94536,0.0205709
6,2.97693,2.95062,0.0176009
7,2.9828,2.95522,0.0155697
8,2.95163,2.95477,0.0134912
9,2.99437,2.95917,0.0126857
10,3.02768,2.96602,0.0132546
11,2.98873,2.96808,0.0121658
12,2.96284,2.96765,0.0111144
13,2.98701,2.96914,0.0103316
14,3.00208,2.97149,0.00985042
15,3.00851,2.97396,0.00949661
16,2.96114,2.97316,0.00891932
17,2.99931,2.9747,0.00851829
18,3.00191,2.97621,0.00817215
19,2.95431,2.97505,0.00781551
20,2.99734,2.97617,0.00749768
1,3.42956,3.42956,0
2,3.40113,3.41535,0.0142134
3,3.40768,3.41279,0.00859521
4,3.40182,3.41005,0.00666799
5,3.43322,3.41468,0.00693977
6,3.41126,3.41411,0.00569496
7,3.41044,3.41359,0.0048416
8,3.37319,3.40854,0.00656373
9,3.40812,3.40849,0.00578886
10,3.36468,3.40411,0.00678276
11,3.37517,3.40148,0.00667542
12,3.44243,3.40489,0.00698444
13,3.39452,3.40409,0.00647409
14,3.36508,3.40131,0.00660991
15,3.43802,3.40376,0.00662237
16,3.40024,3.40354,0.00619856
17,3.33896,3.39974,0.00695193
18,3.3807,3.39868,0.00663915
19,3.3546,3.39636,0.0066948
20,3.39735,3.39641,0.00635144
1,3.99547,3.99547,0
2,4.01861,4.00704,0.0115702
3,3.94739,3.98716,0.020976
4,3.99551,3.98925,0.0149786
5,3.98832,3.98906,0.0116039
6,4.0062,3.99192,0.00989605
7,3.94486,3.98519,0.0107306
8,3.97113,3.98344,0.00945777
9,3.98408,3.98351,0.00834127
10,3.9515,3.98031,0.00811818
11,4.0469,3.98636,0.00951719
12,4.05029,3.99169,0.0101913
13,3.94992,3.98848,0.00991006
14,3.94561,3.98541,0.00967231
15,3.94882,3.98297,0.009329
16,3.92863,3.97958,0.00936414
17,3.96004,3.97843,0.00887081
18,3.98062,3.97855,0.00836437
19,3.89118,3.97395,0.00915123
20,3.96935,3.97372,0.00868467
1,4.60823,4.60823,0
2,4.65259,4.63041,0.022178
3,4.64429,4.63504,0.0136145
4,4.56354,4.61716,0.0203008
5,4.76188,4.6461,0.0329385
6,4.68269,4.6522,0.0275766
7,4.64639,4.65137,0.0233213
8,4.60554,4.64564,0.0209935
9,4.72634,4.65461,0.0205713
10,4.73941,4.66309,0.0202596
11,4.70966,4.66732,0.0188081
12,4.64312,4.66531,0.0172874
13,4.68626,4.66692,0.0159836
14,4.70036,4.66931,0.0149895
15,4.63672,4.66713,0.0141225
16,4.65229,4.66621,0.0132429
17,4.65471,4.66553,0.0124579
18,4.76203,4.67089,0.012911
19,4.67137,4.67092,0.0122127
20,4.73134,4.67394,0.0119734
1,5.60846,5.60846,0
2,5.6063,5.60738,0.00108
3,5.57366,5.59614,0.0112573
4,5.63729,5.60643,0.0130082
5,5.5061,5.58636,0.0224526
6,5.66114,5.59882,0.0221681
7,5.60671,5.59995,0.0187693
8,5.50095,5.58757,0.0204295
9,5.58347,5.58712,0.0180229
10,5.59046,5.58745,0.0161237
11,5.58999,5.58768,0.0145862
12,5.68104,5.59546,0.0154214
13,5.54689,5.59173,0.0146695
14,5.63959,5.59515,0.014005
15,5.65571,5.59918,0.0136488
16,5.59209,5.59874,0.012775
17,5.59567,5.59856,0.0120013
18,5.61227,5.59932,0.0113406
19,5.62206,5.60052,0.0107937
20,5.58096,5.59954,0.0102863
1,6.97432,6.97432,0
2,6.97358,6.97395,0.000369951
3,6.9336,6.9605,0.0134511
4,7.02868,6.97755,0.0195184
5,6.77095,6.93623,0.0439993
6,6.88552,6.92778,0.036906
7,6.82239,6.91272,0.0346344
8,6.78771,6.89709,0.0338209
9,6.8188,6.88839,0.03107
10,6.89621,6.88918,0.0278009
11,6.87217,6.88763,0.0251943
12,6.7382,6.87518,0.0261537
13,6.90572,6.87753,0.0241723
14,6.77639,6.8703,0.0235164
15,6.7891,6.86489,0.022552
16,6.70335,6.85479,0.023387
17,6.973,6.86175,0.0230423
18,6.72292,6.85403,0.023053
19,6.85363,6.85401,0.0218059
20,6.77576,6.8501,0.0210537
1,8.48467,8.48467,0
2,8.85585,8.67026,0.18559
3,8.86802,8.73618,0.125805
4,8.65533,8.71597,0.0912251
5,8.45776,8.66433,0.0875222
6,8.76039,8.68034,0.0732333
7,8.69301,8.68215,0.0619199
8,8.59497,8.67125,0.0547204
9,8.72788,8.67754,0.0486673
10,8.8223,8.69202,0.0458731
11,8.47318,8.67212,0.0460166
12,8.68417,8.67313,0.0420192
13,8.43926,8.65514,0.0426335
14,8.55429,8.64793,0.0401229
15,8.97832,8.66996,0.0433629
16,8.5953,8.66529,0.0408299
17,8.89784,8.67897,0.0407194
18,8.70893,8.68064,0.0384267
19,8.74799,8.68418,0.0365205
20,8.61667,8.68081,0.0348104
1,11.013,11.013,0
2,11.1654,11.0892,0.0761838
3,11.1672,11.1152,0.0511013
4,11.4793,11.2062,0.0979241
5,11.1544,11.1959,0.0765566
6,11.7683,11.2913,0.114055
7,11.317,11.2949,0.0964643
8,11.177,11.2802,0.0848312
9,11.2804,11.2802,0.0748141
10,11.2078,11.273,0.0673069
11,11.5566,11.2987,0.0661151
12,10.9581,11.2704,0.0666983
13,11.4155,11.2815,0.0623618
14,11.1737,11.2738,0.0582476
15,11.1629,11.2664,0.0547271
16,11.3524,11.2718,0.0514735
17,11.3903,11.2788,0.0488506
18,11.3525,11.2829,0.0462387
19,11.2294,11.28,0.043828
20,11.6188,11.297,0.0448972
1,15.5428,15.5428,0
2,15.4138,15.4783,0.0644925
3,15.0151,15.3239,0.158822
4,15.6605,15.408,0.140329
5,14.1331,15.153,0.277195
6,15.2055,15.1618,0.226498
7,15.1012,15.1531,0.191621
8,15.0365,15.1386,0.166588
9,14.9024,15.1123,0.149242
10,15.4622,15.1473,0.137996
11,15.0966,15.1427,0.124907
12,14.9514,15.1267,0.115133
13,15.3725,15.1457,0.10758
14,15.0218,15.1368,0.099992
15,15.1227,15.1359,0.0930923
16,15.3535,15.1495,0.0881357
17,16.2143,15.2121,0.103814
18,14.6672,15.1818,0.102451
19,15.0885,15.1769,0.0970336
20,15.8613,15.2111,0.0982077
1,21.9795,21.9795,0
2,22.1032,22.0414,0.0618571
3,21.3362,21.8063,0.237761
4,22.4063,21.9563,0.225309
5,21.7255,21.9102,0.180526
6,22.2525,21.9672,0.158057
7,21.4105,21.8877,0.155462
8,22.3196,21.9417,0.145055
9,21.2438,21.8641,0.149592
10,21.8568,21.8634,0.133801
11,22.0534,21.8807,0.122254
12,21.6253,21.8594,0.113614
13,21.7377,21.85,0.104928
14,21.7158,21.8404,0.0976161
15,21.105,21.7914,0.103259
16,22.0466,21.8074,0.0978974
17,23.1085,21.8839,0.119643
18,22.6529,21.9266,0.12062
19,21.4289,21.9004,0.117064
20,21.6414,21.8875,0.111809
1,33.0038,33.0038,0
2,32.5155,32.7597,0.244145
3,31.4937,32.3377,0.444898
4,33.4357,32.6122,0.41752
5,33.988,32.8873,0.424622
6,33.3281,32.9608,0.354399
7,32.4137,32.8826,0.309551
8,32.5769,32.8444,0.27079
9,34.0703,32.9806,0.274926
10,32.0432,32.8869,0.263164
11,33.2823,32.9228,0.24074
12,32.8983,32.9208,0.219774
13,32.408,32.8813,0.205975
14,33.8315,32.9492,0.202412
15,33.6217,32.994,0.193696
16,32.0465,32.9348,0.190619
17,34.9779,33.055,0.215649
18,31.8235,32.9866,0.214519
19,32.6955,32.9713,0.203492
20,31.7552,32.9105,0.202399
1,49.1725,49.1725,0
2,52.1805,50.6765,1.50399
3,51.8416,51.0649,0.95122
4,52.3869,51.3954,0.749428
5,52.902,51.6967,0.654051
6,50.7172,51.5335,0.558427
7,51.3153,51.5023,0.472984
8,51.9572,51.5592,0.413545
9,51.8124,51.5873,0.365796
10,49.9749,51.4261,0.364751
11,52.9146,51.5614,0.356602
12,51.7333,51.5757,0.325847
13,52.6631,51.6594,0.311188
14,52.6761,51.732,0.297117
15,54.3298,51.9052,0.326346
16,50.9038,51.8426,0.311618
17,53.0876,51.9158,0.301736
18,51.9281,51.9165,0.28448
19,53.661,52.0083,0.284324
20,52.2377,52.0198,0.269977
1,77.7661,77.7661,0
2,79.0982,78.4322,0.666058
3,79.8635,78.9093,0.612794
4,79.3815,79.0274,0.449106
5,78.8454,78.991,0.349774
6,78.4443,78.8999,0.299773
7,79.1231,78.9318,0.255353
8,78.5404,78.8828,0.226489
9,80.1339,79.0218,0.243352
10,79.7801,79.0977,0.23049
11,81.4641,79.3128,0.299582
12,78.2691,79.2258,0.286976
13,81.3689,79.3907,0.311225
14,81.8208,79.5643,0.336383
15,79.7009,79.5734,0.313288
16,77.9076,79.4693,0.310998
17,80.497,79.5297,0.298322
18,79.3098,79.5175,0.281526
19,78.8072,79.4801,0.268908
20,78.9157,79.4519,0.256665
