1,-0.462478,-0.462478,0
2,-0.463877,-0.463178,0.00069958
3,-0.463192,-0.463183,0.000403932
4,-0.462995,-0.463136,0.000289458
5,-0.463357,-0.46318,0.000228549
6,-0.461719,-0.462937,0.000306749
7,-0.463053,-0.462953,0.000259781
8,-0.463508,-0.463023,0.000235406
9,-0.463662,-0.463094,0.000219433
10,-0.462518,-0.463036,0.000204539
11,-0.462982,-0.463031,0.000185077
12,-0.463315,-0.463055,0.000170601
13,-0.463021,-0.463052,0.000156952
14,-0.463802,-0.463106,0.000154862
15,-0.462737,-0.463081,0.000146245
16,-0.463636,-0.463116,0.000141119
17,-0.462702,-0.463091,0.000134778
18,-0.463102,-0.463092,0.000127071
19,-0.462945,-0.463084,0.000120446
20,-0.462149,-0.463038,0.000123456
1,-0.47828,-0.47828,0
2,-0.478115,-0.478197,8.2204e-05
3,-0.478133,-0.478176,5.2133e-05
4,-0.478371,-0.478225,6.10947e-05
5,-0.477984,-0.478176,6.75324e-05
6,-0.477278,-0.478027,0.000159494
7,-0.47813,-0.478042,0.000135608
8,-0.478328,-0.478077,0.00012277
9,-0.47926,-0.478209,0.000170257
10,-0.478226,-0.47821,0.000152292
11,-0.478373,-0.478225,0.00013854
12,-0.478674,-0.478263,0.000131876
13,-0.478524,-0.478283,0.00012297
14,-0.479104,-0.478341,0.000128087
15,-0.477749,-0.478302,0.000125609
16,-0.478945,-0.478342,0.000124188
17,-0.478295,-0.478339,0.000116688
18,-0.47829,-0.478337,0.000110049
19,-0.477549,-0.478295,0.000112053
20,-0.477887,-0.478275,0.000108242
1,-0.494225,-0.494225,0
2,-0.494731,-0.494478,0.000252812
3,-0.494072,-0.494343,0.000199139
4,-0.494781,-0.494452,0.000178403
5,-0.493995,-0.494361,0.000165648
6,-0.493245,-0.494175,0.000230008
7,-0.494688,-0.494248,0.000207749
8,-0.494768,-0.494313,0.000191293
9,-0.495143,-0.494405,0.000192283
10,-0.493782,-0.494343,0.000182943
11,-0.494514,-0.494359,0.000166209
12,-0.494545,-0.494374,0.000152524
13,-0.494438,-0.494379,0.000140387
14,-0.495577,-0.494465,0.000155601
15,-0.493831,-0.494422,0.000150887
16,-0.495012,-0.494459,0.000145878
17,-0.494643,-0.49447,0.000137455
18,-0.49481,-0.494489,0.000130966
19,-0.494676,-0.494499,0.000124272
20,-0.494625,-0.494505,0.000118064
1,-0.511744,-0.511744,0
2,-0.511527,-0.511635,0.000108816
3,-0.511045,-0.511439,0.000206732
4,-0.512516,-0.511708,0.000306567
5,-0.511307,-0.511628,0.000250655
6,-0.510654,-0.511466,0.000261162
7,-0.511209,-0.511429,0.000223744
8,-0.512125,-0.511516,0.0002124
9,-0.511973,-0.511567,0.000194076
10,-0.51158,-0.511568,0.000173592
11,-0.511707,-0.511581,0.000157528
12,-0.511759,-0.511595,0.000144572
13,-0.511819,-0.511613,0.000134092
14,-0.512232,-0.511657,0.000131789
15,-0.510857,-0.511604,0.00013379
16,-0.512567,-0.511664,0.000138888
17,-0.511884,-0.511677,0.000131103
18,-0.512176,-0.511704,0.000126674
19,-0.511826,-0.511711,0.000119991
20,-0.511619,-0.511706,0.000113927
1,-0.530526,-0.530526,0
2,-0.529127,-0.529826,0.00069948
3,-0.529689,-0.529781,0.000406451
4,-0.530814,-0.530039,0.000386513
5,-0.529471,-0.529925,0.000320247
6,-0.528179,-0.529634,0.000391262
7,-0.529522,-0.529618,0.000331069
8,-0.530551,-0.529735,0.000309533
9,-0.530537,-0.529824,0.000287176
10,-0.529023,-0.529744,0.000269059
11,-0.531076,-0.529865,0.000271831
12,-0.529703,-0.529851,0.000248513
13,-0.52993,-0.529857,0.000228678
14,-0.530961,-0.529936,0.000225911
15,-0.529177,-0.529886,0.000216312
16,-0.530883,-0.529948,0.000211728
17,-0.529892,-0.529945,0.000198911
18,-0.530424,-0.529971,0.000189418
19,-0.528928,-0.529916,0.000187394
20,-0.530467,-0.529944,0.000179893
1,-0.549439,-0.549439,0
2,-0.549324,-0.549382,5.7484e-05
3,-0.549032,-0.549265,0.000121369
4,-0.549087,-0.54922,9.67064e-05
5,-0.549852,-0.549347,0.000146913
6,-0.549228,-0.549327,0.000121568
7,-0.548845,-0.549258,0.0001237
8,-0.549992,-0.54935,0.000141045
9,-0.550149,-0.549439,0.000152816
10,-0.548809,-0.549376,0.000150505
11,-0.550006,-0.549433,0.000147714
12,-0.549248,-0.549418,0.000135719
13,-0.549435,-0.549419,0.000124851
14,-0.550593,-0.549503,0.000142795
15,-0.548532,-0.549438,0.000147844
16,-0.550209,-0.549486,0.000146448
17,-0.549401,-0.549481,0.000137655
18,-0.549658,-0.549491,0.000130152
19,-0.548924,-0.549461,0.000126683
20,-0.549714,-0.549474,0.000120845
1,-0.56991,-0.56991,0
2,-0.569991,-0.56995,4.0388e-05
3,-0.5698,-0.5699,5.51567e-05
4,-0.570716,-0.570104,0.000207584
5,-0.571038,-0.570291,0.000246452
6,-0.569485,-0.570157,0.000241972
7,-0.570419,-0.570194,0.000207917
8,-0.570494,-0.570231,0.000183914
9,-0.570683,-0.570282,0.000169772
10,-0.569825,-0.570236,0.000158562
11,-0.570143,-0.570227,0.000143676
12,-0.569759,-0.570188,0.000136851
13,-0.569626,-0.570145,0.000133114
14,-0.571209,-0.570221,0.000144789
15,-0.569419,-0.570168,0.000145012
16,-0.570359,-0.57018,0.000136174
17,-0.570274,-0.570185,0.000128033
18,-0.570505,-0.570203,0.000122009
19,-0.569265,-0.570154,0.00012553
20,-0.570427,-0.570167,0.00011987
1,-0.592008,-0.592008,0
2,-0.592551,-0.592279,0.000271176
3,-0.591559,-0.592039,0.000286644
4,-0.592152,-0.592068,0.000204642
5,-0.593542,-0.592362,0.000334751
6,-0.59187,-0.59228,0.000285356
7,-0.592239,-0.592275,0.000241242
8,-0.592204,-0.592266,0.00020911
9,-0.592091,-0.592246,0.000185438
10,-0.5923,-0.592252,0.000165948
11,-0.592715,-0.592294,0.000155912
12,-0.592235,-0.592289,0.000142413
13,-0.590536,-0.592154,0.000188009
14,-0.59294,-0.59221,0.000182902
15,-0.591048,-0.592133,0.000187064
16,-0.591373,-0.592085,0.000181314
17,-0.592289,-0.592097,0.000170738
18,-0.592318,-0.592109,0.000161439
19,-0.5917,-0.592088,0.000154218
20,-0.5913,-0.592049,0.000151514
1,-0.615134,-0.615134,0
2,-0.615727,-0.615431,0.000296336
3,-0.615295,-0.615385,0.000176999
4,-0.614673,-0.615207,0.000217616
5,-0.6163,-0.615426,0.000276018
6,-0.614646,-0.615296,0.000260158
7,-0.614673,-0.615207,0.000237225
8,-0.61552,-0.615246,0.000209146
9,-0.615177,-0.615238,0.00018461
10,-0.61575,-0.61529,0.000172853
11,-0.615605,-0.615318,0.000158953
12,-0.61486,-0.61528,0.000150047
13,-0.614729,-0.615238,0.000144384
14,-0.616163,-0.615304,0.00014911
15,-0.613958,-0.615214,0.00016527
16,-0.614157,-0.615148,0.000168127
17,-0.615634,-0.615176,0.000160499
18,-0.616639,-0.615258,0.000171751
19,-0.614797,-0.615233,0.000164258
20,-0.614551,-0.615199,0.000159521
1,-0.640868,-0.640868,0
2,-0.640372,-0.64062,0.000247816
3,-0.64105,-0.640763,0.000202534
4,-0.639737,-0.640507,0.000293807
5,-0.641541,-0.640714,0.000307553
6,-0.640674,-0.640707,0.000251202
7,-0.640133,-0.640625,0.000227582
8,-0.640324,-0.640587,0.000200655
9,-0.640692,-0.640599,0.000177343
10,-0.640222,-0.640561,0.000163047
11,-0.640669,-0.640571,0.000147804
12,-0.638608,-0.640407,0.000212073
13,-0.640128,-0.640386,0.000196258
14,-0.641296,-0.640451,0.000192985
15,-0.639739,-0.640404,0.000185824
16,-0.63901,-0.640316,0.000194428
17,-0.639932,-0.640294,0.000184026
18,-0.641355,-0.640353,0.000183246
19,-0.640059,-0.640337,0.000174023
20,-0.640782,-0.64036,0.000166581
1,-0.666406,-0.666406,0
2,-0.666862,-0.666634,0.000227752
3,-0.667161,-0.66681,0.000219579
4,-0.667101,-0.666882,0.000171468
5,-0.667189,-0.666944,0.000146327
6,-0.667318,-0.667006,0.000134806
7,-0.666791,-0.666975,0.000118024
8,-0.667233,-0.667008,0.000107158
9,-0.666208,-0.666919,0.00012969
10,-0.667119,-0.666939,0.000117722
11,-0.6674,-0.666981,0.000114444
12,-0.666099,-0.666907,0.000127703
13,-0.667466,-0.66695,0.000125081
14,-0.667396,-0.666982,0.000120104
15,-0.665966,-0.666914,0.000130739
16,-0.665736,-0.666841,0.000142757
17,-0.666906,-0.666845,0.000134151
18,-0.667788,-0.666897,0.00013691
19,-0.666923,-0.666898,0.000129511
20,-0.666504,-0.666879,0.000124438
1,-0.69459,-0.69459,0
2,-0.695344,-0.694967,0.000377196
3,-0.696309,-0.695415,0.000497624
4,-0.695663,-0.695477,0.000357302
5,-0.69654,-0.695689,0.000348993
6,-0.694878,-0.695554,0.000315384
7,-0.695231,-0.695508,0.00027052
8,-0.695185,-0.695468,0.000237723
9,-0.694544,-0.695365,0.000233418
10,-0.695321,-0.695361,0.000208821
11,-0.694044,-0.695241,0.000223596
12,-0.694642,-0.695191,0.00021012
13,-0.694602,-0.695146,0.000198514
14,-0.694481,-0.695098,0.000189819
15,-0.693808,-0.695012,0.000196532
16,-0.69446,-0.694978,0.000187051
17,-0.695308,-0.694997,0.000176772
18,-0.69606,-0.695056,0.00017681
19,-0.69502,-0.695054,0.000167256
20,-0.695118,-0.695057,0.000158705
1,-0.725517,-0.725517,0
2,-0.725499,-0.725508,8.74e-06
3,-0.726715,-0.72591,0.000402369
4,-0.725433,-0.725791,0.000308515
5,-0.724841,-0.725601,0.00030532
6,-0.725173,-0.72553,0.000259291
7,-0.725516,-0.725528,0.000219149
8,-0.726037,-0.725591,0.00020019
9,-0.725306,-0.72556,0.000179369
10,-0.724414,-0.725445,0.000197139
11,-0.724526,-0.725361,0.000196926
12,-0.724514,-0.725291,0.000193149
13,-0.725501,-0.725307,0.000178406
14,-0.726064,-0.725361,0.00017379
15,-0.72339,-0.72523,0.000208423
16,-0.724443,-0.72518,0.00020107
17,-0.725851,-0.72522,0.000192946
18,-0.725746,-0.725249,0.000184244
19,-0.7246,-0.725215,0.0001776
20,-0.72545,-0.725227,0.000168895
1,-0.756121,-0.756121,0
2,-0.757795,-0.756958,0.000837108
3,-0.757746,-0.757221,0.000549984
4,-0.756816,-0.75712,0.00040182
5,-0.757326,-0.757161,0.000313965
6,-0.756459,-0.757044,0.00028181
7,-0.756386,-0.75695,0.000256053
8,-0.757052,-0.756963,0.000222115
9,-0.757039,-0.756971,0.000196069
10,-0.756803,-0.756954,0.000176171
11,-0.756276,-0.756892,0.000170873
12,-0.7567,-0.756876,0.000156809
13,-0.757471,-0.756922,0.000151327
14,-0.757719,-0.756979,0.000151229
15,-0.756022,-0.756915,0.000154582
16,-0.757177,-0.756932,0.000145523
17,-0.757584,-0.75697,0.000141981
18,-0.756905,-0.756966,0.000133909
19,-0.755859,-0.756908,0.000139441
20,-0.757679,-0.756947,0.00013779
1,-0.789069,-0.789069,0
2,-0.790293,-0.789681,0.000611832
3,-0.790215,-0.789859,0.000395478
4,-0.790073,-0.789913,0.000284732
5,-0.790589,-0.790048,0.000258727
6,-0.788829,-0.789845,0.000293124
7,-0.789351,-0.789774,0.000257566
8,-0.789756,-0.789772,0.00022307
9,-0.789556,-0.789748,0.000198193
10,-0.789559,-0.789729,0.000178271
11,-0.789454,-0.789704,0.000163175
12,-0.789784,-0.789711,0.000149108
13,-0.790655,-0.789783,0.000155191
14,-0.789613,-0.789771,0.000144195
15,-0.788859,-0.78971,0.000147358
16,-0.790778,-0.789777,0.000153131
17,-0.790859,-0.789841,0.000157301
18,-0.789707,-0.789833,0.000148489
19,-0.789803,-0.789832,0.000140466
20,-0.79049,-0.789865,0.000137266
1,-0.824976,-0.824976,0
2,-0.824111,-0.824544,0.000432592
3,-0.823689,-0.824259,0.00037884
4,-0.826444,-0.824805,0.000608414
5,-0.824346,-0.824713,0.000480144
6,-0.824368,-0.824656,0.000396229
7,-0.822566,-0.824357,0.000448647
8,-0.825379,-0.824485,0.000408997
9,-0.824746,-0.824514,0.00036187
10,-0.822919,-0.824354,0.000360848
11,-0.824999,-0.824413,0.000331615
12,-0.825075,-0.824468,0.000307706
13,-0.825639,-0.824558,0.000297033
14,-0.825315,-0.824612,0.000280269
15,-0.823085,-0.82451,0.000280086
16,-0.825393,-0.824566,0.000267743
17,-0.827138,-0.824717,0.000293498
18,-0.823702,-0.824661,0.000282403
19,-0.825114,-0.824684,0.00026819
20,-0.826655,-0.824783,0.000272831
1,-0.862345,-0.862345,0
2,-0.860758,-0.861551,0.000793752
3,-0.859833,-0.860978,0.000733625
4,-0.864309,-0.861811,0.00098099
5,-0.860606,-0.86157,0.000797156
6,-0.860181,-0.861339,0.000690853
7,-0.860958,-0.861284,0.000586401
8,-0.863551,-0.861568,0.000581555
9,-0.858526,-0.86123,0.000614195
10,-0.861106,-0.861217,0.000549492
11,-0.861528,-0.861245,0.000497836
12,-0.86144,-0.861262,0.000454749
13,-0.864292,-0.861495,0.000478858
14,-0.861627,-0.861504,0.000443438
15,-0.860418,-0.861432,0.000419118
16,-0.862404,-0.861493,0.000396731
17,-0.864062,-0.861644,0.000402152
18,-0.862619,-0.861698,0.000383002
19,-0.861071,-0.861665,0.000363785
20,-0.86252,-0.861708,0.000347754
1,-0.900895,-0.900895,0
2,-0.901226,-0.90106,0.00016594
3,-0.897206,-0.899776,0.00128835
4,-0.899093,-0.899605,0.000926833
5,-0.900132,-0.89971,0.000725615
6,-0.900558,-0.899852,0.000609061
7,-0.900883,-0.899999,0.000535411
8,-0.901825,-0.900227,0.000516831
9,-0.898115,-0.899993,0.000512696
10,-0.897322,-0.899725,0.000530667
11,-0.90262,-0.899989,0.000547381
12,-0.899996,-0.899989,0.000499689
13,-0.903285,-0.900243,0.000524934
14,-0.899674,-0.900202,0.000487691
15,-0.899101,-0.900129,0.000459907
16,-0.900622,-0.90016,0.000431309
17,-0.902959,-0.900324,0.000437331
18,-0.899163,-0.90026,0.000417337
19,-0.898253,-0.900154,0.000408641
20,-0.90041,-0.900167,0.000387882
1,-0.9359,-0.9359,0
2,-0.937473,-0.936687,0.000786512
3,-0.935504,-0.936292,0.000601406
4,-0.939474,-0.937088,0.000902088
5,-0.939559,-0.937582,0.000855841
6,-0.938081,-0.937665,0.000703725
7,-0.938931,-0.937846,0.000621622
8,-0.940907,-0.938229,0.000660453
9,-0.939191,-0.938335,0.000592205
10,-0.93804,-0.938306,0.000530505
11,-0.942108,-0.938652,0.000591391
12,-0.941247,-0.938868,0.00058157
13,-0.940511,-0.938994,0.000549689
14,-0.940685,-0.939115,0.000523048
15,-0.942055,-0.939311,0.000524896
16,-0.939128,-0.9393,0.000491128
17,-0.939624,-0.939319,0.00046173
18,-0.93917,-0.939311,0.000435401
19,-0.941161,-0.939408,0.000423207
20,-0.938715,-0.939373,0.00040298
1,-0.97385,-0.97385,0
2,-0.977486,-0.975668,0.00181798
3,-0.97467,-0.975335,0.00110098
4,-0.9739,-0.974976,0.000857242
5,-0.977985,-0.975578,0.000896079
6,-0.976057,-0.975658,0.000735991
7,-0.977605,-0.975936,0.000681368
8,-0.979909,-0.976433,0.00077127
9,-0.977477,-0.976549,0.000690015
10,-0.974218,-0.976316,0.000659706
11,-0.979107,-0.976569,0.000648438
12,-0.97846,-0.976727,0.000612546
13,-0.976473,-0.976707,0.000563799
14,-0.978181,-0.976813,0.000532477
15,-0.978097,-0.976898,0.000503052
16,-0.976062,-0.976846,0.000473455
17,-0.975436,-0.976763,0.000452398
18,-0.975137,-0.976673,0.000435986
19,-0.977064,-0.976693,0.000412916
20,-0.974417,-0.97658,0.000407925
1,-1.0018,-1.0018,0
2,-1.00243,-1.00212,0.000317708
3,-1.00372,-1.00265,0.000564034
4,-1.00571,-1.00341,0.000862934
5,-1.00466,-1.00366,0.000713347
6,-1.00258,-1.00348,0.000609862
7,-1.00402,-1.00356,0.000521137
8,-1.00343,-1.00354,0.000451599
9,-1.00446,-1.00365,0.000411129
10,-1.00306,-1.00359,0.000372296
11,-1.00311,-1.00354,0.000339497
12,-1.00493,-1.00366,0.000330719
13,-1.00352,-1.00365,0.000304413
14,-1.00459,-1.00372,0.000289735
15,-1.00435,-1.00376,0.000272968
16,-1.00341,-1.00374,0.00025625
17,-1.00334,-1.00371,0.000241834
18,-1.00524,-1.0038,0.000243225
19,-1.00633,-1.00393,0.000265982
20,-1.00148,-1.00381,0.000280594
