1,0.0277956,0.0277956,0
2,0.0295136,0.0286546,0.000859
3,0.0258248,0.0277113,0.0010657
4,0.0286652,0.0279498,0.000790394
5,0.0258664,0.0275331,0.000740578
6,0.0269276,0.0274322,0.000613043
7,0.0266784,0.0273245,0.000529189
8,0.0282584,0.0274412,0.000472925
9,0.027544,0.0274527,0.000417236
10,0.0269704,0.0274044,0.000376291
11,0.0253072,0.0272138,0.000390129
12,0.0282356,0.0272989,0.000366176
13,0.0277596,0.0273344,0.000338692
14,0.0258124,0.0272257,0.000331878
15,0.0296684,0.0273885,0.000349252
16,0.0294968,0.0275203,0.000352268
17,0.0258076,0.0274195,0.000345895
18,0.0280808,0.0274563,0.000328176
19,0.0283668,0.0275042,0.000314101
20,0.0257148,0.0274147,0.000311124
1,0.02778,0.02778,0
2,0.0296796,0.0287298,0.0009498
3,0.028874,0.0287779,0.00055047
4,0.0285752,0.0287272,0.000392525
5,0.0306628,0.0291143,0.000492247
6,0.0292804,0.029142,0.00040287
7,0.0281584,0.0290015,0.000368342
8,0.0295076,0.0290648,0.000325207
9,0.030552,0.02923,0.000331006
10,0.0303476,0.0293418,0.000316452
11,0.026112,0.0290481,0.000410054
12,0.0275236,0.0289211,0.000395298
13,0.0295416,0.0289688,0.000366741
14,0.0295008,0.0290068,0.000341655
15,0.0315384,0.0291756,0.000360067
16,0.0321876,0.0293639,0.00038585
17,0.0292924,0.0293596,0.000362468
18,0.0286092,0.029318,0.000344271
19,0.0297496,0.0293407,0.00032644
20,0.0275588,0.0292516,0.000322249
1,0.0317048,0.0317048,0
2,0.029826,0.0307654,0.0009394
3,0.0312252,0.0309187,0.000563603
4,0.0288404,0.0303991,0.000654808
5,0.0296944,0.0302582,0.00052643
6,0.0310304,0.0303869,0.000448684
7,0.0346316,0.0309933,0.000715198
8,0.0322,0.0311441,0.000637483
9,0.03041,0.0310625,0.000568093
10,0.032642,0.0312205,0.000532101
11,0.0323528,0.0313234,0.000492188
12,0.0331068,0.031472,0.000473245
13,0.0330096,0.0315903,0.000451103
14,0.0312344,0.0315649,0.000418413
15,0.033674,0.0317055,0.000414123
16,0.0360516,0.0319771,0.000473122
17,0.0307544,0.0319052,0.000450203
18,0.0338412,0.0320128,0.000437871
19,0.0319504,0.0320095,0.000414197
20,0.0301828,0.0319181,0.000403417
1,0.0370936,0.0370936,0
2,0.036812,0.0369528,0.0001408
3,0.0364296,0.0367784,0.000192415
4,0.0357792,0.0365286,0.00028445
5,0.0351796,0.0362588,0.000348338
6,0.035036,0.036055,0.000349896
7,0.0378092,0.0363056,0.000387619
8,0.0325596,0.0358374,0.000576146
9,0.0345572,0.0356951,0.000527646
10,0.0330756,0.0354332,0.000539766
11,0.0336684,0.0352727,0.00051392
12,0.0358476,0.0353206,0.000471582
13,0.0352616,0.0353161,0.000433816
14,0.031914,0.0350731,0.000469429
15,0.0347056,0.0350486,0.000437701
16,0.0354396,0.035073,0.00041016
17,0.0337488,0.0349951,0.000393074
18,0.0351384,0.0350031,0.000370679
19,0.03661,0.0350877,0.000360683
20,0.0363676,0.0351517,0.000348107
1,0.0406584,0.0406584,0
2,0.0395504,0.0401044,0.000554
3,0.038432,0.0395469,0.000642709
4,0.0363148,0.0387389,0.000927068
5,0.0394888,0.0388889,0.000733599
6,0.037428,0.0386454,0.000646576
7,0.035876,0.0382498,0.000674638
8,0.040684,0.038554,0.00065874
9,0.0365452,0.0383308,0.000622357
10,0.0357056,0.0380683,0.000615452
11,0.0389892,0.038152,0.000562957
12,0.042714,0.0385322,0.000639238
13,0.0390136,0.0385692,0.000589178
14,0.0400872,0.0386777,0.000556145
15,0.0378272,0.038621,0.000520838
16,0.0389184,0.0386395,0.000487554
17,0.039688,0.0387012,0.000462111
18,0.0375756,0.0386387,0.000440147
19,0.036332,0.0385173,0.000433677
20,0.04277,0.0387299,0.000463123
1,0.0439644,0.0439644,0
2,0.038736,0.0413502,0.0026142
3,0.0394188,0.0407064,0.00164088
4,0.040298,0.0406043,0.00116476
5,0.0448596,0.0414554,0.00124028
6,0.04518,0.0420761,0.00118781
7,0.0393656,0.0416889,0.00107597
8,0.04853,0.0425441,0.00126473
9,0.0441648,0.0427241,0.00112983
10,0.0438348,0.0428352,0.00101664
11,0.0465164,0.0431699,0.000978585
12,0.0493412,0.0436841,0.00103078
13,0.0447296,0.0437646,0.000951584
14,0.039002,0.0434244,0.000944392
15,0.0456592,0.0435734,0.000891716
16,0.0470936,0.0437934,0.000862653
17,0.0421836,0.0436987,0.000815835
18,0.0421672,0.0436136,0.000773868
19,0.0407432,0.0434625,0.000747433
20,0.043666,0.0434727,0.00070915
1,0.046132,0.046132,0
2,0.0445708,0.0453514,0.0007806
3,0.0462936,0.0456655,0.000549318
4,0.0468296,0.0459565,0.000485361
5,0.0481796,0.0464011,0.000582265
6,0.0492312,0.0468728,0.000669704
7,0.0466392,0.0468394,0.000566986
8,0.0499204,0.0472246,0.000624038
9,0.0473808,0.0472419,0.000550624
10,0.0469376,0.0472115,0.000493432
11,0.0477668,0.047262,0.000449172
12,0.0484176,0.0473583,0.000421193
13,0.0464152,0.0472857,0.000394175
14,0.0512968,0.0475722,0.000463964
15,0.0536284,0.047976,0.000591245
16,0.050798,0.0481524,0.000580503
17,0.0515344,0.0483513,0.000580445
18,0.0455976,0.0481983,0.00056823
19,0.0464356,0.0481055,0.00054544
20,0.0466248,0.0480315,0.000522719
1,0.0512956,0.0512956,0
2,0.0520132,0.0516544,0.0003588
3,0.055838,0.0530489,0.00140984
4,0.0538116,0.0532396,0.00101497
5,0.05533,0.0536577,0.000890446
6,0.0520448,0.0533889,0.000775149
7,0.052114,0.0532067,0.000679965
8,0.0577828,0.0537788,0.000820948
9,0.057702,0.0542147,0.00084511
10,0.0549656,0.0542898,0.000759611
11,0.0568064,0.0545185,0.000724183
12,0.0554516,0.0545963,0.000665642
13,0.0509464,0.0543155,0.000673603
14,0.0503,0.0540287,0.000686432
15,0.0519316,0.0538889,0.000654148
16,0.0506808,0.0536884,0.000643913
17,0.0510724,0.0535345,0.000624119
18,0.0576524,0.0537633,0.000631332
19,0.0557304,0.0538668,0.000606088
20,0.0521264,0.0537798,0.000581534
1,0.0583192,0.0583192,0
2,0.0578728,0.058096,0.0002232
3,0.0582132,0.0581351,0.000134656
4,0.0587036,0.0582772,0.000171079
5,0.0590092,0.0584236,0.000197468
6,0.0544652,0.0577639,0.000679149
7,0.0555076,0.0574415,0.000658295
8,0.0580984,0.0575236,0.000575983
9,0.0601624,0.0578168,0.000586511
10,0.0630004,0.0583352,0.000737488
11,0.062508,0.0587145,0.0007674
12,0.0609488,0.0589007,0.000724857
13,0.0557284,0.0586567,0.000710023
14,0.0602464,0.0587703,0.000667089
15,0.0565508,0.0586223,0.000638409
16,0.058352,0.0586054,0.000597416
17,0.0582316,0.0585834,0.000561605
18,0.061504,0.0587457,0.00055379
19,0.0546992,0.0585327,0.000565471
20,0.059072,0.0585597,0.00053713
1,0.0683064,0.0683064,0
2,0.0637248,0.0660156,0.0022908
3,0.069338,0.0671231,0.00172503
4,0.0625352,0.0659761,0.00167434
5,0.0645736,0.0656956,0.00132692
6,0.069544,0.066337,0.00125905
7,0.0658184,0.0662629,0.00106667
8,0.0709924,0.0668541,0.00109674
9,0.068966,0.0670888,0.00099529
10,0.0653252,0.0669124,0.000907515
11,0.068394,0.0670471,0.000831855
12,0.0625036,0.0666685,0.000848533
13,0.0758492,0.0673747,0.0010526
14,0.0683776,0.0674463,0.000977149
15,0.0686692,0.0675278,0.000913322
16,0.069288,0.0676378,0.000861389
17,0.0678556,0.0676507,0.000809235
18,0.0687556,0.067712,0.00076542
19,0.0709356,0.0678817,0.000743627
20,0.0732436,0.0681498,0.000754691
1,0.07518,0.07518,0
2,0.0769152,0.0760476,0.0008676
3,0.0707856,0.0742936,0.00182412
4,0.078432,0.0753282,0.00165351
5,0.07779,0.0758206,0.00137218
6,0.0749992,0.0756837,0.00112871
7,0.0806064,0.0763869,0.00118514
8,0.081562,0.0770338,0.00121321
9,0.0831716,0.0777158,0.00126881
10,0.0807732,0.0780215,0.00117532
11,0.0822076,0.0784021,0.00112918
12,0.0841344,0.0788798,0.0011361
13,0.0878956,0.0795733,0.00125425
14,0.0830128,0.079819,0.00118691
15,0.0763696,0.079589,0.00112863
16,0.0838844,0.0798575,0.00108934
17,0.0811636,0.0799343,0.00102613
18,0.082922,0.0801003,0.000981583
19,0.0795332,0.0800704,0.000928964
20,0.075196,0.0798267,0.000914372
1,0.0880168,0.0880168,0
2,0.0916164,0.0898166,0.0017998
3,0.0952728,0.0916353,0.00209465
4,0.0886188,0.0908812,0.00166207
5,0.0958204,0.091869,0.00162275
6,0.0899116,0.0915428,0.00136454
7,0.0875776,0.0909763,0.00128486
8,0.0949432,0.0914722,0.0012182
9,0.09544,0.0919131,0.00116129
10,0.0898608,0.0917078,0.00105877
11,0.0905776,0.0916051,0.000963192
12,0.103359,0.0925846,0.00131626
13,0.096322,0.0928721,0.00124445
14,0.0948612,0.0930142,0.00116087
15,0.0917656,0.0929309,0.00108391
16,0.102444,0.0935255,0.00117538
17,0.0935428,0.0935265,0.00110407
18,0.0994328,0.0938546,0.00109142
19,0.089954,0.0936493,0.0010526
20,0.0900168,0.0934677,0.00101496
1,0.115509,0.115509,0
2,0.107755,0.111632,0.003877
3,0.119703,0.114322,0.00349965
4,0.10533,0.112074,0.00334324
5,0.108397,0.111339,0.00269209
6,0.113851,0.111758,0.0022376
7,0.115222,0.112252,0.00195479
8,0.110053,0.111977,0.00171508
9,0.10579,0.11129,0.00166149
10,0.104856,0.110647,0.00161936
11,0.105813,0.110207,0.00152925
12,0.109768,0.110171,0.00139649
13,0.126931,0.11146,0.00182
14,0.114184,0.111654,0.00169619
15,0.097546,0.110714,0.00183796
16,0.116896,0.1111,0.00176213
17,0.111786,0.111141,0.00165573
18,0.112898,0.111238,0.00156409
19,0.102576,0.110782,0.00154813
20,0.113698,0.110928,0.00147591
1,0.122895,0.122895,0
2,0.137606,0.130251,0.0073554
3,0.135524,0.132008,0.00459602
4,0.132178,0.132051,0.00325015
5,0.147363,0.135113,0.00396447
6,0.130646,0.134369,0.00332149
7,0.128967,0.133597,0.00291131
8,0.140789,0.134496,0.00267675
9,0.140046,0.135113,0.00243987
10,0.128436,0.134445,0.00228215
11,0.138544,0.134818,0.00209765
12,0.139992,0.135249,0.00196283
13,0.156123,0.136854,0.00241627
14,0.134165,0.136662,0.00224526
15,0.13656,0.136656,0.00209024
16,0.140628,0.136904,0.00197094
17,0.149486,0.137644,0.00199384
18,0.13163,0.13731,0.00190927
19,0.12681,0.136757,0.00188864
20,0.153683,0.137604,0.00198153
1,0.157908,0.157908,0
2,0.168372,0.16314,0.0052316
3,0.176414,0.167565,0.00535743
4,0.177907,0.17015,0.00458654
5,0.182046,0.17253,0.00427579
6,0.16623,0.17148,0.00364563
7,0.172884,0.17168,0.00308765
8,0.169321,0.171385,0.00269019
9,0.154657,0.169527,0.00301393
10,0.176998,0.170274,0.00279737
11,0.183071,0.171437,0.00278496
12,0.168695,0.171209,0.00255256
13,0.170329,0.171141,0.00234899
14,0.165272,0.170722,0.00221477
15,0.16397,0.170272,0.00211041
16,0.171438,0.170345,0.00197545
17,0.165686,0.170071,0.00187574
18,0.169054,0.170014,0.00176936
19,0.170769,0.170054,0.00167412
20,0.176272,0.170365,0.00161836
1,0.210732,0.210732,0
2,0.210032,0.210382,0.0003496
3,0.215214,0.211993,0.00162326
4,0.217073,0.213263,0.00171186
5,0.223488,0.215308,0.00243739
6,0.224973,0.216919,0.00256038
7,0.215246,0.21668,0.00217707
8,0.225709,0.217809,0.00219741
9,0.231959,0.219381,0.00249551
10,0.204928,0.217935,0.00265911
11,0.225658,0.218638,0.00250563
12,0.224225,0.219103,0.00233423
13,0.225952,0.21963,0.00221086
14,0.223894,0.219935,0.0020694
15,0.223397,0.220165,0.00194028
16,0.213264,0.219734,0.00186552
17,0.228517,0.220251,0.00182692
18,0.209241,0.219639,0.00182782
19,0.215334,0.219412,0.00174373
20,0.234125,0.220148,0.00181044
1,0.300414,0.300414,0
2,0.270798,0.285606,0.0148076
3,0.266914,0.279375,0.0105787
4,0.301084,0.284803,0.00924169
5,0.288197,0.285481,0.00719071
6,0.268505,0.282652,0.00651738
7,0.301904,0.285402,0.00615666
8,0.320962,0.289847,0.00694161
9,0.263156,0.286882,0.00680245
10,0.290644,0.287258,0.00609592
11,0.297553,0.288194,0.00559284
12,0.290482,0.288384,0.0051091
13,0.305942,0.289735,0.00488991
14,0.286723,0.28952,0.00453228
15,0.286474,0.289317,0.00422421
16,0.290926,0.289417,0.00395267
17,0.314032,0.290865,0.00398522
18,0.300976,0.291427,0.00379906
19,0.286528,0.291169,0.00360279
20,0.31387,0.292304,0.00360145
1,0.417366,0.417366,0
2,0.4194,0.418383,0.001017
3,0.374906,0.403891,0.0145042
4,0.394826,0.401624,0.0105034
5,0.41468,0.404236,0.00854464
6,0.392131,0.402218,0.00726251
7,0.393218,0.400932,0.00627115
8,0.433865,0.405049,0.00681482
9,0.383012,0.4026,0.00648975
10,0.388456,0.401186,0.00597445
11,0.437297,0.404469,0.00632307
12,0.407435,0.404716,0.00577744
13,0.434458,0.407004,0.005786
14,0.37801,0.404933,0.00574318
15,0.372348,0.402761,0.00577106
16,0.398681,0.402506,0.00540435
17,0.412868,0.403115,0.00511297
18,0.407384,0.403352,0.00482639
19,0.384226,0.402346,0.00467497
20,0.391118,0.401784,0.00447045
1,0.529682,0.529682,0
2,0.525173,0.527428,0.0022544
3,0.53034,0.528398,0.00162367
4,0.540404,0.5314,0.00321353
5,0.565773,0.538274,0.00731139
6,0.532053,0.537237,0.00605911
7,0.544568,0.538285,0.00522687
8,0.571579,0.542446,0.00614902
9,0.56864,0.545357,0.00615456
10,0.541982,0.545019,0.00551514
11,0.56685,0.547004,0.00536889
12,0.561862,0.548242,0.00505509
13,0.549413,0.548332,0.00465088
14,0.558218,0.549038,0.00436339
15,0.593948,0.552032,0.00504624
16,0.528144,0.550539,0.00495082
17,0.510865,0.548205,0.00520323
18,0.549718,0.548289,0.00490637
19,0.575488,0.549721,0.00485672
20,0.568766,0.550673,0.00470486
1,0.70928,0.70928,0
2,0.747518,0.728399,0.019119
3,0.730122,0.728974,0.0110533
4,0.687468,0.718597,0.0129908
5,0.750322,0.724942,0.0118959
6,0.741819,0.727755,0.0101121
7,0.746434,0.730423,0.0089532
8,0.76982,0.735348,0.00918538
9,0.75655,0.737704,0.00843635
10,0.725224,0.736456,0.0076482
11,0.762942,0.738864,0.0073251
12,0.767314,0.741235,0.00709472
13,0.736688,0.740885,0.00653556
14,0.755506,0.741929,0.00614022
15,0.760017,0.743135,0.00584204
16,0.699345,0.740398,0.00611176
17,0.703293,0.738215,0.00614192
18,0.715532,0.736955,0.00592619
19,0.72886,0.736529,0.00562178
20,0.697176,0.734562,0.0056847
1,0.87264,0.87264,0
2,0.88737,0.880005,0.0073654
3,0.907731,0.889247,0.0101734
4,0.916281,0.896006,0.00987052
5,0.911861,0.899177,0.00827719
6,0.880433,0.896053,0.00744538
7,0.893918,0.895748,0.00629988
8,0.8995,0.896217,0.00547598
9,0.885025,0.894973,0.00498689
10,0.884503,0.893926,0.00458165
11,0.887028,0.893299,0.00419143
12,0.920706,0.895583,0.00445602
13,0.883358,0.894643,0.00420543
14,0.889835,0.894299,0.00390858
15,0.902994,0.894879,0.00368458
16,0.85752,0.892544,0.00416304
17,0.899927,0.892978,0.00393454
18,0.91342,0.894114,0.00387945
19,0.939032,0.896478,0.00436518
20,0.8067,0.891989,0.00610733
