1,0.198182,0.198182,0
2,0.197349,0.197766,0.000416836
3,0.198671,0.198068,0.000386132
4,0.198144,0.198087,0.000273699
5,0.196704,0.19781,0.000348371
6,0.195573,0.197437,0.000468972
7,0.196999,0.197375,0.000401273
8,0.19672,0.197293,0.000357014
9,0.197459,0.197311,0.000315398
10,0.197633,0.197343,0.000283927
11,0.197772,0.197382,0.000259761
12,0.19709,0.197358,0.000238378
13,0.19773,0.197387,0.000221135
14,0.196903,0.197352,0.000207628
15,0.197227,0.197344,0.000193472
16,0.196994,0.197322,0.000182292
17,0.196628,0.197281,0.000176035
18,0.197379,0.197286,0.000166057
19,0.197217,0.197283,0.000157117
20,0.197393,0.197288,0.000149156
1,0.209525,0.209525,0
2,0.209432,0.209479,4.65171e-05
3,0.211922,0.210293,0.000814978
4,0.209133,0.210003,0.000645131
5,0.208709,0.209744,0.00056279
6,0.209008,0.209622,0.000475599
7,0.208562,0.20947,0.000429525
8,0.20885,0.209393,0.000379965
9,0.210281,0.209491,0.000349335
10,0.211334,0.209676,0.000362742
11,0.210221,0.209725,0.000331834
12,0.208468,0.20962,0.00032054
13,0.210137,0.20966,0.000297517
14,0.209195,0.209627,0.00027744
15,0.208061,0.209523,0.000278581
16,0.207633,0.209404,0.000286089
17,0.208523,0.209353,0.000273687
18,0.20878,0.209321,0.000259987
19,0.208339,0.209269,0.000251295
20,0.209164,0.209264,0.000238458
1,0.223322,0.223322,0
2,0.222191,0.222756,0.000565264
3,0.224603,0.223372,0.000696664
4,0.220235,0.222588,0.000926006
5,0.222732,0.222617,0.000717864
6,0.222863,0.222658,0.000587567
7,0.22149,0.222491,0.00052384
8,0.22171,0.222393,0.000464041
9,0.221596,0.222305,0.000418716
10,0.223029,0.222377,0.000381453
11,0.22199,0.222342,0.000346828
12,0.222676,0.22237,0.000317827
13,0.223906,0.222488,0.000315338
14,0.222772,0.222508,0.00029265
15,0.221148,0.222418,0.00028714
16,0.22019,0.222278,0.000302537
17,0.221136,0.222211,0.000292017
18,0.222206,0.222211,0.000275316
19,0.221921,0.222196,0.000260868
20,0.221524,0.222162,0.000249751
1,0.236217,0.236217,0
2,0.23522,0.235719,0.000498408
3,0.237417,0.236285,0.000635227
4,0.235721,0.236144,0.000470747
5,0.235782,0.236072,0.000371756
6,0.235225,0.235931,0.000334699
7,0.234912,0.235785,0.0003181
8,0.235745,0.23578,0.000275528
9,0.236001,0.235805,0.000244235
10,0.236637,0.235888,0.00023377
11,0.237235,0.23601,0.000244342
12,0.235621,0.235978,0.000225397
13,0.236373,0.236008,0.000209549
14,0.234585,0.235907,0.000219031
15,0.234841,0.235836,0.000215938
16,0.235644,0.235824,0.000202345
17,0.234999,0.235775,0.000196158
18,0.235696,0.235771,0.000184991
19,0.237725,0.235874,0.000202985
20,0.234832,0.235822,0.000199481
1,0.250065,0.250065,0
2,0.250169,0.250117,5.16487e-05
3,0.251506,0.25058,0.000464099
4,0.248687,0.250107,0.000575867
5,0.250175,0.25012,0.00044627
6,0.253538,0.25069,0.00067619
7,0.250861,0.250715,0.000572008
8,0.250654,0.250707,0.000495431
9,0.252813,0.250941,0.000495624
10,0.253304,0.251177,0.000502369
11,0.251262,0.251185,0.000454475
12,0.250447,0.251123,0.000419409
13,0.251737,0.251171,0.000388676
14,0.251538,0.251197,0.000360802
15,0.250303,0.251137,0.000341128
16,0.250433,0.251093,0.000322115
17,0.251151,0.251097,0.000302594
18,0.248764,0.250967,0.000313352
19,0.24976,0.250904,0.000303136
20,0.25052,0.250884,0.000288219
1,0.267063,0.267063,0
2,0.269371,0.268217,0.00115418
3,0.268573,0.268335,0.000676836
4,0.265991,0.267749,0.000756778
5,0.267411,0.267682,0.000590094
6,0.268472,0.267813,0.000499503
7,0.267309,0.267741,0.000428252
8,0.267082,0.267659,0.000379934
9,0.268047,0.267702,0.000337827
10,0.267652,0.267697,0.000302203
11,0.268561,0.267776,0.000284414
12,0.266234,0.267647,0.000289664
13,0.270402,0.267859,0.000340462
14,0.266771,0.267781,0.000324655
15,0.266399,0.267689,0.000315964
16,0.266433,0.267611,0.000305811
17,0.267599,0.26761,0.00028726
18,0.266327,0.267539,0.000280056
19,0.267158,0.267519,0.000265665
20,0.266296,0.267457,0.000259335
1,0.28469,0.28469,0
2,0.287478,0.286084,0.00139405
3,0.284623,0.285597,0.000940789
4,0.28363,0.285105,0.000827335
5,0.286138,0.285312,0.000673308
6,0.285015,0.285262,0.000551969
7,0.283893,0.285067,0.000505856
8,0.282488,0.284744,0.000543911
9,0.284906,0.284762,0.00048002
10,0.285625,0.284849,0.000437932
11,0.285492,0.284907,0.000400418
12,0.283582,0.284797,0.000381852
13,0.288206,0.285059,0.000438364
14,0.283546,0.284951,0.000419996
15,0.282471,0.284785,0.000424521
16,0.282415,0.284637,0.000423848
17,0.282294,0.284499,0.000421328
18,0.283286,0.284432,0.000402909
19,0.284568,0.284439,0.000381181
20,0.284516,0.284443,0.000361641
1,0.3006,0.3006,0
2,0.305976,0.303288,0.00268786
3,0.304165,0.30358,0.00157912
4,0.300334,0.302769,0.00138033
5,0.30416,0.303047,0.0011048
6,0.303787,0.30317,0.000910455
7,0.301263,0.302898,0.000816296
8,0.304354,0.30308,0.000729993
9,0.303135,0.303086,0.000643823
10,0.306302,0.303407,0.000659574
11,0.300973,0.303186,0.000636315
12,0.302322,0.303114,0.000585319
13,0.306053,0.30334,0.00058394
14,0.303568,0.303356,0.000540869
15,0.30302,0.303334,0.000504019
16,0.299322,0.303083,0.000534012
17,0.302156,0.303029,0.000504573
18,0.303011,0.303028,0.000475717
19,0.299991,0.302868,0.000477522
20,0.301469,0.302798,0.000458383
1,0.321725,0.321725,0
2,0.322796,0.322261,0.000535658
3,0.322069,0.322197,0.000315801
4,0.322524,0.322279,0.00023781
5,0.32451,0.322725,0.000482887
6,0.320624,0.322375,0.000527269
7,0.319688,0.321991,0.000588173
8,0.324116,0.322257,0.000574465
9,0.321289,0.322149,0.000517906
10,0.32529,0.322463,0.000559697
11,0.32132,0.322359,0.000516825
12,0.321939,0.322324,0.00047309
13,0.325239,0.322549,0.000489547
14,0.321041,0.322441,0.000465841
15,0.32409,0.322551,0.000447388
16,0.32213,0.322525,0.000419317
17,0.325192,0.322681,0.000423989
18,0.321822,0.322634,0.000402583
19,0.321743,0.322587,0.00038368
20,0.32386,0.32265,0.000369515
1,0.340317,0.340317,0
2,0.343497,0.341907,0.00159006
3,0.345103,0.342972,0.00140648
4,0.342869,0.342947,0.000994866
5,0.349566,0.34427,0.0015318
6,0.344808,0.34436,0.00125391
7,0.341404,0.343938,0.0011408
8,0.346936,0.344312,0.00105669
9,0.343448,0.344216,0.000936846
10,0.342026,0.343997,0.000866091
11,0.338892,0.343533,0.000910572
12,0.343016,0.34349,0.000832354
13,0.345756,0.343664,0.000785242
14,0.342227,0.343562,0.000734208
15,0.342975,0.343523,0.000684627
16,0.342593,0.343465,0.000643041
17,0.342189,0.34339,0.000608673
18,0.342166,0.343322,0.000577873
19,0.344875,0.343403,0.000552697
20,0.345205,0.343493,0.000532017
1,0.364511,0.364511,0
2,0.364391,0.364451,5.98083e-05
3,0.366656,0.365186,0.000735661
4,0.365564,0.36528,0.000528712
5,0.370588,0.366342,0.0011377
6,0.366568,0.36638,0.000929697
7,0.365738,0.366288,0.000791071
8,0.363354,0.365921,0.000777079
9,0.364024,0.36571,0.000716989
10,0.36109,0.365248,0.000790417
11,0.365774,0.365296,0.000716557
12,0.364793,0.365254,0.000655469
13,0.368301,0.365489,0.000646887
14,0.363036,0.365313,0.000623997
15,0.363298,0.365179,0.000596237
16,0.361664,0.364959,0.000599429
17,0.366761,0.365065,0.000572953
18,0.363335,0.364969,0.000548677
19,0.366107,0.365029,0.000522443
20,0.363596,0.364957,0.000500783
1,0.386824,0.386824,0
2,0.385694,0.386259,0.000565043
3,0.389493,0.387337,0.00112625
4,0.387459,0.387367,0.000796967
5,0.393276,0.388549,0.0013332
6,0.391236,0.388997,0.00117711
7,0.385164,0.388449,0.00113556
8,0.388124,0.388409,0.000984258
9,0.389609,0.388542,0.000878213
10,0.386136,0.388301,0.000821516
11,0.381786,0.387709,0.000950266
12,0.387046,0.387654,0.000869227
13,0.392623,0.388036,0.000886233
14,0.387766,0.388017,0.00082072
15,0.385006,0.387816,0.000789972
16,0.391564,0.38805,0.000775191
17,0.388528,0.388078,0.000728707
18,0.383772,0.387839,0.000727501
19,0.385324,0.387707,0.000700764
20,0.389913,0.387817,0.000673893
1,0.407073,0.407073,0
2,0.411472,0.409273,0.00219954
3,0.41403,0.410859,0.00203159
4,0.414638,0.411803,0.00171938
5,0.41672,0.412787,0.00165552
6,0.412173,0.412684,0.00135559
7,0.411937,0.412578,0.00115065
8,0.410091,0.412267,0.00104385
9,0.406202,0.411593,0.00114086
10,0.408852,0.411319,0.0010566
11,0.408461,0.411059,0.000990415
12,0.409066,0.410893,0.000919247
13,0.417418,0.411395,0.00098332
14,0.406891,0.411073,0.000965539
15,0.407651,0.410845,0.000927367
16,0.405589,0.410516,0.000927583
17,0.410192,0.410497,0.000871521
18,0.408918,0.41041,0.00082635
19,0.414682,0.410634,0.000813347
20,0.413507,0.410778,0.000784858
1,0.431451,0.431451,0
2,0.430443,0.430947,0.000503979
3,0.43645,0.432781,0.00185712
4,0.435723,0.433517,0.00150506
5,0.436489,0.434111,0.00130862
6,0.431637,0.433699,0.00114532
7,0.432546,0.433534,0.000981881
8,0.437388,0.434016,0.000977302
9,0.429378,0.4335,0.00100421
10,0.429269,0.433077,0.00099287
11,0.436083,0.43335,0.000938747
12,0.43376,0.433385,0.000857633
13,0.445649,0.434328,0.00122978
14,0.433855,0.434294,0.00113905
15,0.429751,0.433991,0.00110281
16,0.433341,0.433951,0.00103238
17,0.435072,0.434017,0.000971995
18,0.421259,0.433308,0.00115852
19,0.427766,0.433016,0.00113401
20,0.43378,0.433054,0.00107649
1,0.449164,0.449164,0
2,0.454454,0.451809,0.00264501
3,0.456626,0.453414,0.00221586
4,0.466187,0.456607,0.00355684
5,0.454917,0.456269,0.00277577
6,0.453995,0.45589,0.00229789
7,0.461124,0.456638,0.00208101
8,0.457139,0.456701,0.00180329
9,0.458193,0.456867,0.00159898
10,0.450893,0.456269,0.00154991
11,0.453171,0.455988,0.00142995
12,0.447249,0.455259,0.00149474
13,0.461558,0.455744,0.00145784
14,0.451657,0.455452,0.0013809
15,0.456142,0.455498,0.00128637
16,0.451578,0.455253,0.00122798
17,0.458107,0.455421,0.00116564
18,0.452994,0.455286,0.00110721
19,0.453785,0.455207,0.00105029
20,0.455253,0.455209,0.000996397
1,0.478649,0.478649,0
2,0.470264,0.474457,0.00419268
3,0.466409,0.471774,0.00361325
4,0.476821,0.473036,0.00284948
5,0.478407,0.47411,0.00245472
6,0.475268,0.474303,0.00201354
7,0.478112,0.474847,0.00178661
8,0.478442,0.475296,0.0016112
9,0.474822,0.475244,0.00142192
10,0.465165,0.474236,0.00162275
11,0.483024,0.475035,0.00167117
12,0.475606,0.475082,0.00152631
13,0.478905,0.475376,0.00143446
14,0.480272,0.475726,0.00137331
15,0.483258,0.476228,0.00137354
16,0.46523,0.475541,0.00145716
17,0.488072,0.476278,0.00155463
18,0.476549,0.476293,0.0014658
19,0.471574,0.476045,0.00140858
20,0.485413,0.476513,0.00141601
1,0.510811,0.510811,0
2,0.501481,0.506146,0.0046648
3,0.495786,0.502692,0.00437947
4,0.509036,0.504278,0.00347923
5,0.494744,0.502372,0.00330137
6,0.501958,0.502303,0.00269644
7,0.492958,0.500968,0.0026411
8,0.510042,0.502102,0.00255307
9,0.49187,0.500965,0.00252235
10,0.49798,0.500667,0.00227571
11,0.499617,0.500571,0.00206067
12,0.503271,0.500796,0.00189453
13,0.512578,0.501702,0.00196428
14,0.503673,0.501843,0.00182401
15,0.499152,0.501664,0.00170751
16,0.491791,0.501047,0.00171228
17,0.502889,0.501155,0.00161205
18,0.494026,0.500759,0.00157061
19,0.498712,0.500651,0.00148955
20,0.51057,0.501147,0.0014976
1,0.541427,0.541427,0
2,0.526309,0.533868,0.00755929
3,0.512128,0.526621,0.00845934
4,0.511353,0.522804,0.00709576
5,0.516315,0.521507,0.00564751
6,0.520947,0.521413,0.00461211
7,0.520074,0.521222,0.00390264
8,0.519649,0.521025,0.0033855
9,0.512655,0.520095,0.00312722
10,0.513178,0.519404,0.00288135
11,0.531698,0.520521,0.00283582
12,0.514894,0.520052,0.00263086
13,0.526212,0.520526,0.00246599
14,0.519607,0.520461,0.00228401
15,0.531094,0.521169,0.00224136
16,0.517748,0.520956,0.00210747
17,0.529648,0.521467,0.00204459
18,0.527889,0.521824,0.0019604
19,0.509563,0.521178,0.00196342
20,0.509003,0.52057,0.00195963
1,0.52046,0.52046,0
2,0.520638,0.520549,8.91712e-05
3,0.521491,0.520863,0.000318216
4,0.52346,0.521512,0.000687104
5,0.526767,0.522563,0.00117803
6,0.53293,0.524291,0.00197748
7,0.518961,0.52353,0.00183655
8,0.52455,0.523657,0.00159561
9,0.516426,0.522854,0.00162039
10,0.528796,0.523448,0.0015664
11,0.535259,0.524522,0.00177773
12,0.517924,0.523972,0.00171343
13,0.536026,0.524899,0.00182864
14,0.509659,0.52381,0.00201276
15,0.53247,0.524388,0.0019607
16,0.505982,0.523237,0.00216499
17,0.53169,0.523735,0.00209356
18,0.529532,0.524057,0.00199993
19,0.524113,0.52406,0.00189175
20,0.524646,0.524089,0.00179491
1,0.470006,0.470006,0
2,0.436832,0.453419,0.016587
3,0.46588,0.457573,0.0104385
4,0.469872,0.460647,0.00799594
5,0.439001,0.456318,0.00755669
6,0.449874,0.455244,0.0062628
7,0.435168,0.452376,0.00602013
8,0.417161,0.447974,0.00682337
9,0.441603,0.447266,0.00605914
10,0.460631,0.448603,0.00558183
11,0.431915,0.447086,0.00527194
12,0.442706,0.446721,0.00482642
13,0.454068,0.447286,0.00447549
14,0.441354,0.446862,0.00416511
15,0.443073,0.44661,0.00388572
16,0.45556,0.447169,0.00367756
17,0.457876,0.447799,0.00351141
18,0.458744,0.448407,0.00336597
19,0.438893,0.447906,0.00322302
20,0.460099,0.448516,0.00311782
1,0.286417,0.286417,0
2,0.281176,0.283796,0.00262063
3,0.262308,0.276634,0.00732103
4,0.234426,0.266082,0.0117534
5,0.245357,0.261937,0.0100033
6,0.277214,0.264483,0.00855534
7,0.253943,0.262977,0.00738569
8,0.264704,0.263193,0.00639984
9,0.249107,0.261628,0.00585711
10,0.268527,0.262318,0.00528399
11,0.26897,0.262923,0.00481766
12,0.239904,0.261004,0.00479801
13,0.266942,0.261461,0.0044371
14,0.250679,0.260691,0.00417953
15,0.251516,0.260079,0.00393871
16,0.257158,0.259897,0.00368885
17,0.26753,0.260346,0.00349404
18,0.242604,0.25936,0.00343852
19,0.229294,0.257778,0.00361703
20,0.28367,0.259072,0.00366751
