1,2,2,0
2,2,2,0
3,2,2,0
4,2,2,0
5,2,2,0
6,2,2,0
7,2,2,0
8,2,2,0
9,2,2,0
10,2,2,0
11,2,2,0
12,2,2,0
13,2,2,0
14,2,2,0
15,2,2,0
16,2,2,0
17,2,2,0
18,2,2,0
19,2,2,0
20,2,2,0
1,1.75439,1.75439,0
2,1.75439,1.75439,0
3,1.75439,1.75439,-nan
4,1.75439,1.75439,0
5,1.75439,1.75439,0
6,1.75439,1.75439,1.63234e-08
7,1.75439,1.75439,1.49012e-08
8,1.75439,1.75439,1.37958e-08
9,1.75439,1.75439,1.29048e-08
10,1.75439,1.75439,7.02447e-09
11,1.75439,1.75439,6.664e-09
12,1.75439,1.75439,-nan
13,1.75439,1.75439,-nan
14,1.75439,1.75439,-nan
15,1.75439,1.75439,-nan
16,1.75439,1.75439,-nan
17,1.75439,1.75439,-nan
18,1.75439,1.75439,-nan
19,1.75439,1.75439,-nan
20,1.75439,1.75439,-nan
1,1.53846,1.53846,0
2,1.53846,1.53846,0
3,1.53846,1.53846,0
4,1.53846,1.53846,0
5,1.53846,1.53846,0
6,1.53846,1.53846,0
7,1.53846,1.53846,8.60319e-09
8,1.53846,1.53846,0
9,1.53846,1.53846,0
10,1.53846,1.53846,-nan
11,1.53846,1.53846,-nan
12,1.53846,1.53846,-nan
13,1.53846,1.53846,-nan
14,1.53846,1.53846,-nan
15,1.53846,1.53846,-nan
16,1.53846,1.53846,-nan
17,1.53846,1.53846,-nan
18,1.53846,1.53846,-nan
19,1.53846,1.53846,-nan
20,1.53846,1.53846,-nan
1,1.38889,1.38889,0
2,1.38889,1.38889,0
3,1.38889,1.38889,0
4,1.38889,1.38889,0
5,1.38889,1.38889,0
6,1.38889,1.38889,0
7,1.38889,1.38889,6.08337e-09
8,1.38889,1.38889,5.63211e-09
9,1.38889,1.38889,0
10,1.38889,1.38889,0
11,1.38889,1.38889,-nan
12,1.38889,1.38889,-nan
13,1.38889,1.38889,-nan
14,1.38889,1.38889,-nan
15,1.38889,1.38889,-nan
16,1.38889,1.38889,-nan
17,1.38889,1.38889,-nan
18,1.38889,1.38889,-nan
19,1.38889,1.38889,-nan
20,1.38889,1.38889,-nan
1,1.25,1.25,0
2,1.25,1.25,0
3,1.25,1.25,0
4,1.25,1.25,0
5,1.25,1.25,0
6,1.25,1.25,0
7,1.25,1.25,0
8,1.25,1.25,0
9,1.25,1.25,0
10,1.25,1.25,0
11,1.25,1.25,0
12,1.25,1.25,0
13,1.25,1.25,0
14,1.25,1.25,0
15,1.25,1.25,0
16,1.25,1.25,0
17,1.25,1.25,0
18,1.25,1.25,0
19,1.25,1.25,0
20,1.25,1.25,0
1,1.14943,1.14943,0
2,1.14943,1.14943,0
3,1.14943,1.14943,0
4,1.14943,1.14943,0
5,1.14943,1.14943,0
6,1.14943,1.14943,6.664e-09
7,1.14943,1.14943,6.08337e-09
8,1.14943,1.14943,5.63211e-09
9,1.14943,1.14943,5.26836e-09
10,1.14943,1.14943,4.96705e-09
11,1.14943,1.14943,4.71216e-09
12,1.14943,1.14943,4.49287e-09
13,1.14943,1.14943,4.30159e-09
14,1.14943,1.14943,4.13284e-09
15,1.14943,1.14943,0
16,1.14943,1.14943,0
17,1.14943,1.14943,0
18,1.14943,1.14943,-nan
19,1.14943,1.14943,-nan
20,1.14943,1.14943,-nan
1,1.05263,1.05263,0
2,1.05263,1.05263,0
3,1.05263,1.05263,0
4,1.05263,1.05263,0
5,1.05263,1.05263,0
6,1.05263,1.05263,0
7,1.05263,1.05263,0
8,1.05263,1.05263,0
9,1.05263,1.05263,0
10,1.05263,1.05263,-nan
11,1.05263,1.05263,-nan
12,1.05263,1.05263,-nan
13,1.05263,1.05263,-nan
14,1.05263,1.05263,-nan
15,1.05263,1.05263,-nan
16,1.05263,1.05263,-nan
17,1.05263,1.05263,-nan
18,1.05263,1.05263,3.61406e-09
19,1.05263,1.05263,3.51224e-09
20,1.05263,1.05263,3.41856e-09
1,0.980392,0.980392,0
2,0.980392,0.980392,0
3,0.980392,0.980392,0
4,0.980392,0.980392,0
5,0.980392,0.980392,9.12506e-09
6,0.980392,0.980392,4.71216e-09
7,0.980392,0.980392,6.08337e-09
8,0.980392,0.980392,5.63211e-09
9,0.980392,0.980392,7.45058e-09
10,0.980392,0.980392,7.02447e-09
11,0.980392,0.980392,5.77119e-09
12,0.980392,0.980392,5.50262e-09
13,0.980392,0.980392,5.26836e-09
14,0.980392,0.980392,5.06167e-09
15,0.980392,0.980392,4.87755e-09
16,0.980392,0.980392,4.71216e-09
17,0.980392,0.980392,4.56253e-09
18,0.980392,0.980392,5.11106e-09
19,0.980392,0.980392,5.55333e-09
20,0.980392,0.980392,5.40522e-09
1,0.909091,0.909091,0
2,0.909091,0.909091,0
3,0.909091,0.909091,-nan
4,0.909091,0.909091,0
5,0.909091,0.909091,-nan
6,0.909091,0.909091,4.71216e-09
7,0.909091,0.909091,4.30159e-09
8,0.909091,0.909091,3.9825e-09
9,0.909091,0.909091,-nan
10,0.909091,0.909091,-nan
11,0.909091,0.909091,3.332e-09
12,0.909091,0.909091,3.17694e-09
13,0.909091,0.909091,3.04169e-09
14,0.909091,0.909091,2.92236e-09
15,0.909091,0.909091,2.81605e-09
16,0.909091,0.909091,2.72057e-09
17,0.909091,0.909091,2.63418e-09
18,0.909091,0.909091,-nan
19,0.909091,0.909091,-nan
20,0.909091,0.909091,-nan
1,0.854701,0.854701,0
2,0.854701,0.854701,0
3,0.854701,0.854701,0
4,0.854701,0.854701,0
5,0.854701,0.854701,-nan
6,0.854701,0.854701,-nan
7,0.854701,0.854701,-nan
8,0.854701,0.854701,-nan
9,0.854701,0.854701,-nan
10,0.854701,0.854701,-nan
11,0.854701,0.854701,-nan
12,0.854701,0.854701,-nan
13,0.854701,0.854701,-nan
14,0.854701,0.854701,-nan
15,0.854701,0.854701,-nan
16,0.854701,0.854701,-nan
17,0.854701,0.854701,-nan
18,0.854701,0.854701,-nan
19,0.854701,0.854701,-nan
20,0.854701,0.854701,0
1,0.8,0.8,0
2,0.8,0.8,0
3,0.8,0.8,0
4,0.8,0.8,0
5,0.8,0.8,0
6,0.8,0.8,0
7,0.8,0.8,0
8,0.8,0.8,0
9,0.8,0.8,0
10,0.8,0.8,0
11,0.8,0.8,3.332e-09
12,0.8,0.8,0
13,0.8,0.8,-nan
14,0.8,0.8,-nan
15,0.8,0.8,-nan
16,0.8,0.8,-nan
17,0.8,0.8,-nan
18,0.8,0.8,-nan
19,0.8,0.8,-nan
20,0.8,0.8,-nan
1,0.757576,0.757576,0
2,0.757576,0.757576,0
3,0.757576,0.757576,0
4,0.757576,0.757576,0
5,0.757576,0.757576,0
6,0.757576,0.757576,0
7,0.757576,0.757576,6.08337e-09
8,0.757576,0.757576,3.9825e-09
9,0.757576,0.757576,3.72529e-09
10,0.757576,0.757576,0
11,0.757576,0.757576,0
12,0.757576,0.757576,-nan
13,0.757576,0.757576,-nan
14,0.757576,0.757576,-nan
15,0.757576,0.757576,-nan
16,0.757576,0.757576,-nan
17,0.757576,0.757576,-nan
18,0.757576,0.757576,-nan
19,0.757576,0.757576,-nan
20,0.757576,0.757576,-nan
1,0.714286,0.714286,0
2,0.714286,0.714286,0
3,0.714286,0.714286,-nan
4,0.714286,0.714286,0
5,0.714286,0.714286,0
6,0.714286,0.714286,6.664e-09
7,0.714286,0.714286,6.08337e-09
8,0.714286,0.714286,5.63211e-09
9,0.714286,0.714286,5.26836e-09
10,0.714286,0.714286,6.08337e-09
11,0.714286,0.714286,5.77119e-09
12,0.714286,0.714286,5.50262e-09
13,0.714286,0.714286,3.04169e-09
14,0.714286,0.714286,2.92236e-09
15,0.714286,0.714286,0
16,0.714286,0.714286,0
17,0.714286,0.714286,0
18,0.714286,0.714286,-nan
19,0.714286,0.714286,-nan
20,0.714286,0.714286,-nan
1,0.680272,0.680272,0
2,0.680272,0.680272,0
3,0.680272,0.680272,0
4,0.680272,0.680272,0
5,0.680272,0.680272,0
6,0.680272,0.680272,0
7,0.680272,0.680272,-nan
8,0.680272,0.680272,2.81605e-09
9,0.680272,0.680272,2.63418e-09
10,0.680272,0.680272,4.96705e-09
11,0.680272,0.680272,5.26836e-09
12,0.680272,0.680272,5.02318e-09
13,0.680272,0.680272,6.08337e-09
14,0.680272,0.680272,5.84472e-09
15,0.680272,0.680272,5.63211e-09
16,0.680272,0.680272,5.44113e-09
17,0.680272,0.680272,5.26836e-09
18,0.680272,0.680272,4.78096e-09
19,0.680272,0.680272,4.64625e-09
20,0.680272,0.680272,4.52233e-09
1,0.645161,0.645161,0
2,0.645161,0.645161,0
3,0.645161,0.645161,0
4,0.645161,0.645161,0
5,0.645161,0.645161,3.72529e-09
6,0.645161,0.645161,0
7,0.645161,0.645161,0
8,0.645161,0.645161,0
9,0.645161,0.645161,0
10,0.645161,0.645161,4.30159e-09
11,0.645161,0.645161,3.332e-09
12,0.645161,0.645161,3.17694e-09
13,0.645161,0.645161,3.04169e-09
14,0.645161,0.645161,2.92236e-09
15,0.645161,0.645161,0
16,0.645161,0.645161,0
17,0.645161,0.645161,0
18,0.645161,0.645161,-nan
19,0.645161,0.645161,-nan
20,0.645161,0.645161,-nan
1,0.617284,0.617284,0
2,0.617284,0.617284,0
3,0.617284,0.617284,0
4,0.617284,0.617284,0
5,0.617284,0.617284,0
6,0.617284,0.617284,0
7,0.617284,0.617284,5.26836e-09
8,0.617284,0.617284,0
9,0.617284,0.617284,0
10,0.617284,0.617284,-nan
11,0.617284,0.617284,-nan
12,0.617284,0.617284,-nan
13,0.617284,0.617284,-nan
14,0.617284,0.617284,-nan
15,0.617284,0.617284,-nan
16,0.617284,0.617284,-nan
17,0.617284,0.617284,-nan
18,0.617284,0.617284,-nan
19,0.617284,0.617284,-nan
20,0.617284,0.617284,-nan
1,0.588235,0.588235,0
2,0.588235,0.588235,0
3,0.588235,0.588235,0
4,0.588235,0.588235,0
5,0.588235,0.588235,0
6,0.588235,0.588235,0
7,0.588235,0.588235,0
8,0.588235,0.588235,0
9,0.588235,0.588235,0
10,0.588235,0.588235,0
11,0.588235,0.588235,0
12,0.588235,0.588235,0
13,0.588235,0.588235,0
14,0.588235,0.588235,0
15,0.588235,0.588235,0
16,0.588235,0.588235,0
17,0.588235,0.588235,0
18,0.588235,0.588235,0
19,0.588235,0.588235,0
20,0.588235,0.588235,0
1,0.564972,0.564972,0
2,0.564972,0.564972,0
3,0.564972,0.564972,0
4,0.564972,0.564972,0
5,0.564972,0.564972,0
6,0.564972,0.564972,0
7,0.564972,0.564972,0
8,0.564972,0.564972,0
9,0.564972,0.564972,0
10,0.564972,0.564972,0
11,0.564972,0.564972,0
12,0.564972,0.564972,0
13,0.564972,0.564972,0
14,0.564972,0.564972,0
15,0.564972,0.564972,0
16,0.564972,0.564972,0
17,0.564972,0.564972,0
18,0.564972,0.564972,2.55553e-09
19,0.564972,0.564972,2.48353e-09
20,0.564972,0.564972,2.41729e-09
1,0.540541,0.540541,0
2,0.540541,0.540541,0
3,0.540541,0.540541,0
4,0.540541,0.540541,0
5,0.540541,0.540541,0
6,0.540541,0.540541,-nan
7,0.540541,0.540541,-nan
8,0.540541,0.540541,-nan
9,0.540541,0.540541,-nan
10,0.540541,0.540541,2.48353e-09
11,0.540541,0.540541,2.35608e-09
12,0.540541,0.540541,2.24643e-09
13,0.540541,0.540541,2.1508e-09
14,0.540541,0.540541,2.06642e-09
15,0.540541,0.540541,2.81605e-09
16,0.540541,0.540541,2.72057e-09
17,0.540541,0.540541,2.63418e-09
18,0.540541,0.540541,3.12987e-09
19,0.540541,0.540541,3.04169e-09
20,0.540541,0.540541,2.96056e-09
1,0.520833,0.520833,0
2,0.520833,0.520833,0
3,0.520833,0.520833,0
4,0.520833,0.520833,0
5,0.520833,0.520833,0
6,0.520833,0.520833,-nan
7,0.520833,0.520833,-nan
8,0.520833,0.520833,-nan
9,0.520833,0.520833,-nan
10,0.520833,0.520833,-nan
11,0.520833,0.520833,-nan
12,0.520833,0.520833,-nan
13,0.520833,0.520833,-nan
14,0.520833,0.520833,-nan
15,0.520833,0.520833,-nan
16,0.520833,0.520833,-nan
17,0.520833,0.520833,-nan
18,0.520833,0.520833,-nan
19,0.520833,0.520833,-nan
20,0.520833,0.520833,-nan
1,0.5,0.5,0
2,0.5,0.5,0
3,0.5,0.5,0
4,0.5,0.5,0
5,0.5,0.5,0
6,0.5,0.5,0
7,0.5,0.5,0
8,0.5,0.5,0
9,0.5,0.5,0
10,0.5,0.5,0
11,0.5,0.5,0
12,0.5,0.5,0
13,0.5,0.5,0
14,0.5,0.5,0
15,0.5,0.5,0
16,0.5,0.5,0
17,0.5,0.5,0
18,0.5,0.5,0
19,0.5,0.5,0
20,0.5,0.5,0
