1,0.060624,0.060624,0
2,0.114256,0.08744,0.026816
3,0.508336,0.227739,0.14115
4,-0.202836,0.120095,0.146795
5,-0.080724,0.0799312,0.120592
6,0.147532,0.091198,0.0991055
7,0.007412,0.0792286,0.0846104
8,-0.186964,0.0459545,0.0804758
9,-0.278512,0.00990267,0.0796046
10,0.520688,0.0609812,0.0876272
11,0.369184,0.0889996,0.0840682
12,0.267112,0.103842,0.0781656
13,-0.004076,0.0955409,0.0723795
14,0.036752,0.0913417,0.0671419
15,-0.358004,0.0613853,0.0693134
16,0.357536,0.0798947,0.067427
17,0.41758,0.0997586,0.0663785
18,-0.36628,0.0738676,0.0677265
19,0.234132,0.0823025,0.0646158
20,0.547212,0.105548,0.0655594
1,0.161352,0.161352,0
2,0.146564,0.153958,0.007394
3,-0.454604,-0.048896,0.202899
4,-0.223808,-0.092624,0.149987
5,0.140128,-0.0460736,0.125158
6,0.353904,0.0205893,0.122012
7,0.032816,0.022336,0.103134
8,-0.227604,-0.0089065,0.0946233
9,-0.390084,-0.0512596,0.0935824
10,0.146644,-0.0314692,0.0860104
11,-0.048,-0.032972,0.0778139
12,0.195144,-0.0139623,0.0735337
13,0.036456,-0.010084,0.0677522
14,-0.204212,-0.0239503,0.0642407
15,0.261736,-0.00490453,0.0627643
16,-0.152248,-0.0141135,0.0594285
17,0.032124,-0.0113936,0.0558896
18,0.335896,0.00790022,0.0561144
19,-0.004248,0.00726084,0.0530828
20,-0.018908,0.0059524,0.0503757
1,-0.083008,-0.083008,0
2,0.023892,-0.029558,0.05345
3,0.1192,0.020028,0.0584044
4,-0.050804,0.00232,0.0449345
5,-0.013772,-0.0008984,0.0349546
6,-0.00518,-0.001612,0.0285492
7,0.003828,-0.000834857,0.024141
8,0.032496,0.0033315,0.0213178
9,-0.084736,-0.00645378,0.0211946
10,0.112628,0.0054544,0.0223869
11,-0.0533,0.000113091,0.0209423
12,-0.0948,-0.00779633,0.0206892
13,0.184688,0.00701015,0.0241127
14,0.142112,0.0166603,0.0243205
15,-0.023516,0.0139819,0.022799
16,-0.107852,0.00636725,0.0226452
17,0.054352,0.00918988,0.0214579
18,-0.046576,0.00609178,0.0204666
19,-0.037184,0.00381411,0.0194929
20,0.031844,0.0052156,0.0185457
1,0.027168,0.027168,0
2,-0.006688,0.01024,0.016928
3,-0.024332,-0.001284,0.0151103
4,-0.067636,-0.017872,0.0197313
5,-0.112168,-0.0367312,0.0242747
6,-0.01008,-0.0322893,0.0203119
7,0.04812,-0.0208023,0.0206554
8,0.020704,-0.015614,0.0186253
9,-0.03692,-0.0179813,0.0165957
10,-0.022364,-0.0184196,0.0148501
11,-0.156168,-0.0309422,0.0183643
12,-0.018952,-0.029943,0.0167939
13,0.060764,-0.0229655,0.0169508
14,-0.021388,-0.0228529,0.0156938
15,0.016236,-0.0202469,0.0148408
16,-0.025756,-0.0205913,0.0138865
17,0.042328,-0.0168901,0.013559
18,-0.044968,-0.01845,0.0128784
19,-0.10016,-0.0227505,0.0129186
20,0.063072,-0.0184594,0.0129852
1,-0.061072,-0.061072,0
2,-0.027276,-0.044174,0.016898
3,-0.04362,-0.0439893,0.00975781
4,0.106436,-0.006383,0.0382341
5,-0.028732,-0.0108528,0.0299514
6,0.03756,-0.002784,0.0257519
7,0.022336,0.000804571,0.0220582
8,-0.044036,-0.0048005,0.0199083
9,-0.004388,-0.00475467,0.0175575
10,-0.024868,-0.006766,0.0158322
11,-0.115968,-0.0166935,0.0174252
12,0.03738,-0.0121873,0.0165329
13,0.03742,-0.00837138,0.0156795
14,-0.019704,-0.00918086,0.014539
15,0.029632,-0.00659333,0.0137802
16,-0.002492,-0.006337,0.0128927
17,-0.004108,-0.00620588,0.0121113
18,0.000148,-0.00585289,0.0114241
19,-0.005044,-0.00581032,0.0108062
20,-0.03666,-0.0073528,0.010367
1,0.007356,0.007356,0
2,0.028804,0.01808,0.010724
3,0.004328,0.013496,0.00770375
4,-0.01282,0.006917,0.00854149
5,-0.000248,0.005484,0.00676962
6,0.02942,0.00947333,0.00681664
7,-0.012728,0.00630171,0.00657644
8,-0.023864,0.002531,0.00683048
9,-0.005096,0.00168356,0.00608324
10,0.034204,0.0049356,0.0063388
11,0.03404,0.00758145,0.0063147
12,0.001364,0.00706333,0.00578774
13,-0.011168,0.00566092,0.00550556
14,-0.01052,0.00450514,0.00522655
15,-0.009972,0.00354,0.00496045
16,-0.00166,0.003215,0.00465145
17,0.005356,0.00334094,0.00437109
18,0.031244,0.00489111,0.00440301
19,0.010832,0.00520379,0.00417655
20,-0.002376,0.0048248,0.00398031
1,-0.013744,-0.013744,0
2,-0.051468,-0.032606,0.018862
3,0.01192,-0.017764,0.0184086
4,0.038012,-0.00382,0.0190755
5,-0.017928,-0.0066416,0.0150428
6,0.020012,-0.00219933,0.013061
7,0.021948,0.00125029,0.0115651
8,-0.012424,-0.000459,0.0101604
9,-0.065108,-0.00764222,0.0114844
10,0.00532,-0.006346,0.0103534
11,-0.006388,-0.00634982,0.00936505
12,0.007964,-0.005157,0.00863189
13,-0.026864,-0.00682677,0.00811386
14,0.017596,-0.00508229,0.00771187
15,-0.004848,-0.00506667,0.00717938
16,-0.011148,-0.00544675,0.00672644
17,0.005128,-0.00482471,0.00634894
18,0.043404,-0.00214533,0.00655814
19,0.047084,0.000445684,0.00672275
20,-0.01264,-0.0002086,0.00641123
1,0.011264,0.011264,0
2,0.015116,0.01319,0.001926
3,0.014244,0.0135413,0.00116616
4,0.03486,0.018871,0.00539308
5,-0.001124,0.014872,0.00578301
6,-0.006468,0.0113153,0.00591146
7,0.038188,0.0151543,0.00630068
8,0.028312,0.016799,0.00569903
9,0.019316,0.0170787,0.00503385
10,-0.02626,0.0127448,0.00624933
11,0.002924,0.011852,0.0057228
12,-0.003384,0.0105823,0.00537625
13,-0.018836,0.00831938,0.00543859
14,0.001192,0.00781029,0.00506083
15,0.015384,0.0083152,0.00473835
16,-0.064908,0.00373875,0.00637098
17,-0.016372,0.00255576,0.0061003
18,-0.005964,0.00208244,0.00577086
19,-0.02194,0.000818105,0.00560319
20,0.02004,0.0017792,0.00540184
1,0.015548,0.015548,0
2,0.006828,0.011188,0.00436
3,0.008592,0.0103227,0.00266183
4,-0.008984,0.005496,0.00518067
5,-0.019728,0.0004512,0.00644621
6,-0.009648,-0.001232,0.0055259
7,0.006264,-0.000161143,0.00479144
8,-0.014256,-0.001923,0.00450805
9,0.013232,-0.000239111,0.00431763
10,0.021336,0.0019184,0.00442362
11,0.006664,0.00234982,0.0040245
12,-0.022948,0.000241667,0.00423574
13,0.011,0.00106923,0.00398323
14,-0.00226,0.000831429,0.00369541
15,-0.009212,0.000161867,0.00350479
16,-0.003192,-4.775e-05,0.00328513
17,-0.000112,-5.15294e-05,0.00308584
18,0.018848,0.000998444,0.00309303
19,0.0033,0.00111958,0.00292822
20,0.015336,0.0018304,0.00286745
1,-0.003672,-0.003672,0
2,0.014016,0.005172,0.008844
3,-0.004864,0.00182667,0.00610437
4,0.005744,0.002806,0.00442615
5,-0.001324,0.00198,0.00352658
6,0.019152,0.004842,0.00405983
7,0.01022,0.00561029,0.00351614
8,-0.020744,0.002316,0.00448606
9,0.009484,0.00311244,0.00403571
10,-0.012404,0.0015608,0.00392901
11,-0.00632,0.000844364,0.00362542
12,0.007512,0.0014,0.00335586
13,0.021152,0.00291938,0.0034406
14,-0.015332,0.00161571,0.00344183
15,-0.012444,0.0006784,0.00333845
16,0.033264,0.002715,0.00372825
17,-0.000944,0.00249976,0.00350869
18,-0.016792,0.001428,0.00347731
19,0.006044,0.00167095,0.00329817
20,0.020416,0.0026082,0.00326628
1,0.000164,0.000164,0
2,0.001544,0.000854,0.00069
3,0.014536,0.00541467,0.00457803
4,0.0107,0.006736,0.00349644
5,0.013132,0.0080152,0.00299523
6,0.004044,0.00735333,0.00253358
7,-0.006188,0.00541886,0.00288569
8,0.01166,0.006199,0.00261802
9,-0.007204,0.00470978,0.00274749
10,-0.000176,0.0042212,0.00250553
11,-0.012256,0.00272327,0.00271663
12,-0.017168,0.00106567,0.0029829
13,0.001672,0.00111231,0.00274427
14,-0.006392,0.000576286,0.00259663
15,-0.002,0.000404533,0.00242342
16,0.006828,0.000806,0.00230218
17,0.025288,0.00224612,0.00259816
18,-0.009808,0.00157644,0.00253946
19,-0.001928,0.001392,0.00240916
20,0.005868,0.0016158,0.00229646
1,-0.0207,-0.0207,0
2,-0.008676,-0.014688,0.006012
3,0.006844,-0.00751067,0.00797259
4,0.003244,-0.004822,0.0062458
5,0.031732,0.0024888,0.00876663
6,-0.0014,0.00184067,0.00718721
7,0.011772,0.00325943,0.00623779
8,0.012672,0.004436,0.00552873
9,-0.00104,0.00382756,0.00491369
10,0.008144,0.0042592,0.00441609
11,0.008764,0.00466873,0.00401544
12,0.005064,0.00470167,0.00366573
13,0.001712,0.00447169,0.00337981
14,0.002296,0.00431629,0.00313295
15,-0.0024,0.00386853,0.00295079
16,-0.006452,0.0032235,0.00283458
17,0.012836,0.00378894,0.002722
18,-0.009256,0.00306422,0.00266669
19,0.004296,0.00312905,0.00252327
20,0.001332,0.0030392,0.00239547
1,-0.029308,-0.029308,0
2,-0.010232,-0.01977,0.009538
3,0.003284,-0.0120853,0.00945402
4,-0.014164,-0.012605,0.00670517
5,0.009548,-0.0081744,0.00682685
6,0.02324,-0.00293867,0.00764745
7,-0.00978,-0.003916,0.00653675
8,-0.010764,-0.004772,0.00572534
9,0.009932,-0.00313822,0.00530702
10,0.019592,-0.0008652,0.00526291
11,-0.01852,-0.00247018,0.00502375
12,-0.01514,-0.003526,0.00470601
13,-0.004984,-0.00363815,0.00433035
14,-0.000376,-0.00340514,0.00401589
15,-0.007796,-0.00369787,0.00375003
16,0.006036,-0.0030895,0.0035602
17,0.013808,-0.00209553,0.00348881
18,-0.000884,-0.00202822,0.00328997
19,-0.0021,-0.002032,0.00311201
20,0.018128,-0.001024,0.00311964
1,-0.00646,-0.00646,0
2,0.018004,0.005772,0.012232
3,0.017256,0.0096,0.0080329
4,0.003856,0.008164,0.00585883
5,-0.001572,0.0062168,0.00493833
6,-0.006184,0.00415,0.00453097
7,0.000456,0.00362229,0.00386556
8,-0.006992,0.0022955,0.00360101
9,0.017248,0.00395689,0.00358412
10,-0.002416,0.0033196,0.00326846
11,0.02138,0.00496145,0.00338174
12,-0.023592,0.002582,0.00389769
13,-0.01516,0.00121723,0.00383632
14,-0.01464,8.45714e-05,0.00372797
15,0.004076,0.000350667,0.00348074
16,-0.004304,5.975e-05,0.0032689
17,-0.005148,-0.000246588,0.00308584
18,0.011776,0.000421333,0.00298505
19,-0.015112,-0.000396211,0.00293955
20,0.01262,0.0002546,0.00286363
1,-0.008836,-0.008836,0
2,0.004216,-0.00231,0.006526
3,-0.00048,-0.0017,0.00381685
4,0.008316,0.000804,0.0036816
5,0.018784,0.0044,0.00458952
6,0.008468,0.005078,0.00380817
7,-0.009704,0.00296629,0.00384942
8,0.002984,0.0029685,0.0033337
9,-0.00454,0.00213422,0.00305612
10,-0.011716,0.0007492,0.00306434
11,0.005856,0.00121345,0.00281041
12,0.013984,0.00227767,0.00277751
13,-0.005748,0.00166031,0.00262847
14,-0.004092,0.00124943,0.00246793
15,-0.019892,-0.00016,0.00269538
16,-0.001128,-0.0002205,0.00252202
17,-0.01076,-0.000840471,0.00244881
18,0.010668,-0.000201111,0.00239565
19,0.008,0.000230526,0.0023068
20,-0.012884,-0.0004252,0.00228455
1,0.004984,0.004984,0
2,-0.010892,-0.002954,0.007938
3,-0.011792,-0.0059,0.0054482
4,-0.001508,-0.004802,0.00400588
5,-0.004472,-0.004736,0.00310364
6,-0.002968,-0.00444133,0.00255119
7,-0.004916,-0.00450914,0.00215721
8,0.013816,-0.0022185,0.00295588
9,-0.00266,-0.00226756,0.0026073
10,0.002232,-0.0018176,0.00237505
11,0.006024,-0.00110473,0.0022635
12,-0.001724,-0.00115633,0.00206693
13,0.013296,-4.46154e-05,0.00220247
14,-0.003272,-0.000275143,0.00205208
15,-0.004052,-0.000526933,0.0019269
16,0.017996,0.00063075,0.00214221
17,-0.005872,0.000248235,0.00204829
18,-0.001464,0.000153111,0.00193349
19,0.006436,0.000483789,0.00185855
20,-0.000712,0.000424,0.00176419
1,-0.001892,-0.001892,0
2,0.0021,0.000104,0.001996
3,0.003144,0.00111733,0.00153455
4,-0.005988,-0.000659,0.00208153
5,0.00282,3.68e-05,0.00175608
6,-0.000412,-3.8e-05,0.00143578
7,-0.001096,-0.000189143,0.00122283
8,0.011044,0.001215,0.00175872
9,-0.009916,-2.17778e-05,0.00198378
10,-0.0089,-0.0009096,0.00198407
11,0.006988,-0.000191636,0.00193294
12,-0.004096,-0.000517,0.00179427
13,0.003536,-0.000205231,0.00167968
14,0.012792,0.000723143,0.00181112
15,-0.003996,0.000408533,0.00171516
16,-0.00772,-9.95e-05,0.0016829
17,-0.003104,-0.000276235,0.00159066
18,0.008928,0.000235111,0.00158447
19,-0.002592,8.63158e-05,0.00150612
20,0.007532,0.0004586,0.00147654
1,-0.0042,-0.0042,0
2,-0.005632,-0.004916,0.000716
3,-0.007048,-0.00562667,0.000822151
4,0.006144,-0.002684,0.00299954
5,0.003764,-0.0013944,0.00265733
6,-0.006068,-0.00217333,0.00230529
7,0.006928,-0.000873143,0.00234232
8,-8.4e-05,-0.0007745,0.00203091
9,-0.001712,-0.000878667,0.00179412
10,-0.007664,-0.0015572,0.00174227
11,0.006088,-0.000862182,0.00172239
12,0.000628,-0.000738,0.00157722
13,0.003256,-0.000430769,0.001483
14,0.01496,0.000668571,0.00175888
15,-0.012744,-0.0002256,0.00186567
16,-0.002608,-0.0003745,0.00175151
17,0.007752,0.000103529,0.0017133
18,0.002624,0.000243556,0.00162137
19,-0.006704,-0.000122105,0.00157665
20,0.007048,0.0002364,0.00153811
1,-0.000692,-0.000692,0
2,-0.001784,-0.001238,0.000546
3,0.007256,0.00159333,0.00284883
4,-0.001372,0.000852,0.00214651
5,0.003204,0.0013224,0.00172794
6,-0.014188,-0.00126267,0.00294501
7,0.011228,0.000521714,0.00306253
8,0.010592,0.0017805,0.00293579
9,0.002064,0.001812,0.00258931
10,-1.2e-05,0.0016296,0.00232312
11,-0.001052,0.00138582,0.00211544
12,0.005128,0.00169767,0.00195614
13,-0.00476,0.00120092,0.00186669
14,-0.007212,0.0006,0.00182972
15,-0.0114,-0.0002,0.00188188
16,-6e-05,-0.00019125,0.00176036
17,-0.009116,-0.000716235,0.00173491
18,-0.003956,-0.000896222,0.00164556
19,-0.000776,-0.000889895,0.00155656
20,0.001936,-0.0007486,0.00148342
1,-0.001348,-0.001348,0
2,0.002604,0.000628,0.001976
3,-0.004912,-0.00121867,0.00217065
4,-0.010436,-0.003523,0.00276872
5,0.009016,-0.0010152,0.00329978
6,-0.0014,-0.00107933,0.00269502
7,0.003544,-0.000418857,0.00237154
8,-0.00332,-0.0007815,0.00208558
9,0.008652,0.000266667,0.00211701
10,-0.007156,-0.0004756,0.0020338
11,-0.000288,-0.000458545,0.00183972
12,-0.004,-0.000753667,0.00170516
13,-9.6e-05,-0.000703077,0.00156933
14,-0.002808,-0.000853429,0.00146068
15,0.003724,-0.000548267,0.00139364
16,0.010552,0.0001455,0.00147674
17,-0.008264,-0.000349176,0.00147272
18,0.008372,0.000135333,0.0014706
19,-0.002836,-2.10526e-05,0.00139981
20,0.000236,-8.2e-06,0.00132804
1,0.00368,0.00368,0
2,0.002068,0.002874,0.000806
3,-0.003932,0.000605333,0.0023159
4,0.003208,0.001256,0.00176212
5,0.006528,0.0023104,0.00172476
6,-6e-05,0.00191533,0.00146263
7,-0.012596,-0.000157714,0.00241362
8,-0.005692,-0.0008495,0.00220176
9,0.001876,-0.000546667,0.00196524
10,0.005532,6.12e-05,0.00185991
11,0.002632,0.000294909,0.0016985
12,-0.006452,-0.000267333,0.00164931
13,-0.005588,-0.000676615,0.00157138
14,-8e-05,-0.000634,0.00145544
15,0.00474,-0.000275733,0.0014015
16,0.013996,0.00061625,0.00158566
17,0.003836,0.000805647,0.00150146
18,-0.004308,0.000521556,0.00144382
19,-0.006936,0.000129053,0.001421
20,0.000336,0.0001394,0.00134812
